def program(inputs, buffer):
  buffer[[0, 1, 2, 3, 4, 5, 6, 7, 8, 9, 10, 11, 12, 13, 14, 15, 16, 17, 18, 19, 20, 21, 22, 23, 24, 25, 26, 27, 28, 29, 30, 31, 32, 33, 34, 35, 36, 37, 38, 39, 40, 41, 42, 43, 44, 45, 46, 47, 48, 49, 50, 51, 52, 53, 54, 55, 56, 57, 58, 59, 60, 61, 62, 63, 64, 65, 66, 67, 68, 69, 70, 71, 72, 73, 74, 75, 76, 77, 78, 79, 80, 81, 82, 83, 84, 85, 86, 87, 88, 89, 90, 91, 92, 93, 94, 95, 96, 97, 98, 99, 100, 101, 102, 103, 104, 105, 106, 107, 108, 109, 110, 111, 112, 113, 114, 115, 116, 117, 118, 119, 120, 121, 122, 123, 124, 125, 126, 127, 128, 129, 130, 131, 132, 133, 134, 135, 136, 137, 138, 139, 140, 141, 142, 143, 144, 145, 146, 147, 148, 149, 150, 151, 152, 153, 154, 155, 156, 157, 158, 159, 160, 161, 162, 163, 164, 165, 166, 167, 168, 169, 170, 171, 172, 173, 174, 175, 176, 177, 178, 179, 180, 181, 182, 183, 184, 185, 186, 187, 188, 189, 190, 191, 192, 193, 194, 195, 196, 197, 198, 199, 200, 201, 202, 203, 204, 205, 206, 207, 208, 209, 210, 211, 212, 213, 214, 215, 216, 217, 218, 219, 220, 221, 222, 223, 224, 225, 226, 227, 228, 229, 230, 231, 232, 233, 234, 235, 236, 237, 238, 239]] = inputs
  buffer[240] = *(buffer[175], buffer[151])
  buffer[270] = /(buffer[64], buffer[59])
  buffer[272] = sin(buffer[28])
  buffer[288] = /(buffer[193], buffer[126])
  buffer[291] = -(buffer[270], buffer[147])
  buffer[295] = >(buffer[210], buffer[162])
  buffer[299] = <(buffer[52], buffer[75])
  buffer[308] = <(buffer[222], buffer[69])
  buffer[310] = -(buffer[10], buffer[233])
  buffer[314] = >(buffer[80], buffer[272])
  buffer[331] = -(buffer[108], buffer[291])
  buffer[403] = sin(buffer[32])
  buffer[409] = *(buffer[299], buffer[23])
  buffer[464] = +(buffer[314], buffer[331])
  buffer[535] = *(buffer[13], buffer[107])
  buffer[584] = /(buffer[183], buffer[295])
  buffer[665] = |.|(buffer[240])
  buffer[704] = *(buffer[29], buffer[665])
  outputs = buffer[[151  62 584  86 168 308 310 114 153 704 288 403  72  79 535 409 464]]
