healthy,ctrl,forward,cumulative
0.0,-0.0,-0.005513755604624748,999.2587
0.0,-0.0062108528800308704,-0.05320217087864876,999.2587
0.0,-0.007017144002020359,-0.10901860892772675,999.2587
0.0,-0.01883080042898655,-0.0847991555929184,999.2587
0.0,-0.014935617335140705,0.13460007309913635,999.2587
0.0,-0.03485555574297905,0.10964993387460709,999.2587
0.0,-0.012467031367123127,0.16894367337226868,999.2587
0.0,-0.0545220784842968,0.1760203242301941,999.2587
0.0,-0.023160461336374283,0.3227714002132416,999.2587
0.0,-0.140336811542511,0.4659745693206787,999.2587
0.0,-0.2760148346424103,0.6561397314071655,999.2587
0.0,-0.18339566886425018,0.48591986298561096,999.2587
0.0,-0.09552282840013504,0.24652987718582153,999.2587
0.0,-0.025098396465182304,0.22112667560577393,999.2587
0.0,-0.13467416167259216,0.17344892024993896,999.2587
0.0,-0.017108920961618423,0.2092355489730835,999.2587
0.0,-0.06920760869979858,0.14790713787078857,999.2587
0.0,-0.011796931736171246,0.14299780130386353,999.2587
0.0,-0.016481997445225716,0.20559698343276978,999.2587
0.0,-0.023003077134490013,0.19651919603347778,999.2587
0.0,-0.01799100451171398,0.18285006284713745,999.2587
0.0,-0.020221665501594543,0.17962008714675903,999.2587
0.0,-0.02372654713690281,0.1928788423538208,999.2587
0.0,-0.050037264823913574,0.06394773721694946,999.2587
0.0,-0.04390833526849747,0.11579811573028564,999.2587
0.0,-0.021755844354629517,0.047559142112731934,999.2587
0.0,-0.00573003338649869,-0.03276020288467407,999.2587
0.0,-0.0009889769135043025,-0.02883434295654297,999.2587
0.0,-0.004466173704713583,-0.0724753737449646,999.2587
0.0,-0.0031047239899635315,-0.086497962474823,999.2587
0.0,-0.008560859598219395,-0.11092007160186768,999.2587
0.0,-0.006089295260608196,-0.06002873182296753,999.2587
0.0,-0.002256699837744236,-0.03699898719787598,999.2587
0.0,-0.001128966687247157,-0.03346085548400879,999.2587
0.0,-0.0010914476588368416,-0.03534674644470215,999.2587
0.0,-0.0015018993290141225,-0.027220845222473145,999.2587
0.0,-0.0011127515463158488,-0.01804947853088379,999.2587
0.0,-0.0010546980192884803,-0.01728266477584839,999.2587
0.0,-0.0007765801274217665,-0.020596981048583984,999.2587
0.0,-0.0011915763607248664,-0.022516250610351562,999.2587
0.0,-0.001214131829328835,-0.016968846321105957,999.2587
0.0,-0.00031727185705676675,-0.010511279106140137,999.2587
0.0,-4.8482896090717986e-05,-0.008218884468078613,999.2587
0.0,-3.981501504313201e-05,-0.0054129958152771,999.2587
0.0,-1.4692245713376906e-05,-0.0007331371307373047,999.2587
0.0,-1.559479278512299e-05,0.0016555190086364746,999.2587
0.0,-7.33735942048952e-06,0.000725090503692627,999.2587
0.0,-2.0696472347481176e-05,-0.0008448958396911621,999.2587
0.0,-5.095193955639843e-06,-0.0006362795829772949,999.2587
0.0,-1.1933580026379786e-05,0.0005537271499633789,999.2587
0.0,-8.33674675959628e-06,0.0009575486183166504,999.2587
0.0,-3.912742613465525e-05,-0.001958310604095459,999.2587
0.0,-4.995296421839157e-06,-0.0018277764320373535,999.2587
0.0,-0.00029271107632666826,-0.0018230080604553223,999.2587
0.0,-0.0004756801063194871,-0.0016751885414123535,999.2587
0.0,-1.1272121014371805e-08,0.0026285648345947266,999.2587
0.0,-0.0001323070318903774,0.0038051605224609375,999.2587
0.0,-1.0943435881927144e-05,-0.0009578466415405273,999.2587
0.0,-0.0002693114220164716,-0.0037154555320739746,999.2587
0.0,-0.00011826647823909298,-0.0009191036224365234,999.2587
0.0,-1.6926728676480707e-06,0.002067089080810547,999.2587
0.0,-3.8039161154301837e-06,0.0010314583778381348,999.2587
0.0,-4.6542550990125164e-05,-0.001379549503326416,999.2587
0.0,-9.334304195363075e-05,-0.00145643949508667,999.2587
0.0,-2.85947880911408e-05,0.00012755393981933594,999.2587
0.0,-4.931639523420017e-06,0.0007158517837524414,999.2587
0.0,-1.4149231901683379e-05,-0.0001043081283569336,999.2587
0.0,-3.87658437830396e-05,-0.0007697939872741699,999.2587
0.0,-3.6925761378370225e-05,-0.0004994869232177734,999.2587
0.0,-2.0317647795309313e-05,1.1324882507324219e-05,999.2587
0.0,-1.714849531708751e-05,3.427267074584961e-05,999.2587
0.0,-2.415786002529785e-05,-0.0002562999725341797,999.2587
0.0,-2.8772685254807584e-05,-0.0003808736801147461,999.2587
0.0,-2.5371053197886795e-05,-0.0002601742744445801,999.2587
0.0,-2.1876689061173238e-05,-0.0001513957977294922,999.2587
0.0,-2.2768121198168956e-05,-0.00017821788787841797,999.2587
0.0,-2.515118285373319e-05,-0.00024378299713134766,999.2587
0.0,-2.5198565708706155e-05,-0.000247955322265625,999.2587
0.0,-2.369941103097517e-05,-0.00022262334823608398,999.2587
0.0,-2.3161697754403576e-05,-0.00021129846572875977,999.2587
0.0,-2.389093606325332e-05,-0.00022470951080322266,999.2587
0.0,-2.4524477339582518e-05,-0.00023037195205688477,999.2587
0.0,-2.4277262127725407e-05,-0.0002193450927734375,999.2587
0.0,-2.3715227143839e-05,-0.00021219253540039062,999.2587
0.0,-2.3596259779878892e-05,-0.00021964311599731445,999.2587
0.0,-2.3909997253213078e-05,-0.00023186206817626953,999.2587
0.0,-2.4135610146913677e-05,-0.0002327561378479004,999.2587
0.0,-2.4051048967521638e-05,-0.0002238154411315918,999.2587
0.0,-2.379206671321299e-05,-0.00021666288375854492,999.2587
0.0,-2.3744685677229427e-05,-0.0002181529998779297,999.2587
0.0,-2.3832841179682873e-05,-0.0002250075340270996,999.2587
0.0,-2.3886917915660888e-05,-0.00022649765014648438,999.2587
0.0,-2.3842030714149587e-05,-0.00022351741790771484,999.2587
0.0,-2.3795289962436073e-05,-0.00022470951080322266,999.2587
0.0,-2.3756047085043974e-05,-0.00022351741790771484,999.2587
0.0,-2.3753134883008897e-05,-0.0002232193946838379,999.2587
0.0,-2.373501229158137e-05,-0.0002282857894897461,999.2587
0.0,-2.3733271518722177e-05,-0.0002294778823852539,999.2587
0.0,-2.3733733542030677e-05,-0.00022739171981811523,999.2587
0.0,-2.373905954300426e-05,-0.0002250075340270996,999.2587
0.0,-2.3699443772784434e-05,-0.0002288818359375,999.2587
0.0,-2.3601918655913323e-05,-0.00022858381271362305,999.2587
0.0,-2.3627118935110047e-05,-0.00022679567337036133,999.2587
0.0,-2.370590482314583e-05,-0.00022619962692260742,999.2587
0.0,-2.365583168284502e-05,-0.00022619962692260742,999.2587
0.0,-2.3514674467151053e-05,-0.00022798776626586914,999.2587
0.0,-2.3546470401925035e-05,-0.0002250075340270996,999.2587
0.0,-2.364898864470888e-05,-0.00023216009140014648,999.2587
0.0,-2.3611808501300402e-05,-0.00023037195205688477,999.2587
0.0,-2.3504691853304394e-05,-0.00022798776626586914,999.2587
0.0,-2.3476872229366563e-05,-0.00022798776626586914,999.2587
0.0,-2.3521330149378628e-05,-0.0002294778823852539,999.2587
0.0,-2.3501303076045588e-05,-0.00023037195205688477,999.2587
0.0,-2.348360612813849e-05,-0.00023037195205688477,999.2587
0.0,-2.345303255424369e-05,-0.00022560358047485352,999.2587
0.0,-2.3483189579565078e-05,-0.00022679567337036133,999.2587
0.0,-2.3435237380908802e-05,-0.00023096799850463867,999.2587
0.0,-2.3416416297550313e-05,-0.00022977590560913086,999.2587
0.0,-2.3394401068799198e-05,-0.00022619962692260742,999.2587
0.0,-2.3380727725452743e-05,-0.00022679567337036133,999.2587
0.0,-2.3418177079292946e-05,-0.00022917985916137695,999.2587
0.0,-2.3412016162183136e-05,-0.00022649765014648438,999.2587
0.0,-2.3343060092884116e-05,-0.0002276897430419922,999.2587
0.0,-2.332408075744752e-05,-0.0002294778823852539,999.2587
0.0,-2.332712938368786e-05,-0.00023156404495239258,999.2587
0.0,-2.3305319700739346e-05,-0.00022619962692260742,999.2587
0.0,-2.3248165234690532e-05,-0.00023096799850463867,999.2587
0.0,-2.3271937607205473e-05,-0.0002345442771911621,999.2587
0.0,-2.325970672245603e-05,-0.00023037195205688477,999.2587
0.0,-2.324965134903323e-05,-0.0002294778823852539,999.2587
0.0,-2.3203014279715717e-05,-0.00023096799850463867,999.2587
0.0,-2.320873500138987e-05,-0.00023066997528076172,999.2587
0.0,-2.319376108061988e-05,-0.00023216009140014648,999.2587
0.0,-2.319077066204045e-05,-0.0002294778823852539,999.2587
0.0,-2.3148480977397412e-05,-0.0002294778823852539,999.2587
0.0,-2.3140455596148968e-05,-0.00022917985916137695,999.2587
0.0,-2.3113274437491782e-05,-0.00023037195205688477,999.2587
0.0,-2.3110365873435512e-05,-0.0002327561378479004,999.2587
0.0,-2.311044227099046e-05,-0.00022739171981811523,999.2587
0.0,-2.3116821466828696e-05,-0.0002300739288330078,999.2587
0.0,-2.3040665837470442e-05,-0.00022739171981811523,999.2587
0.0,-2.303159453731496e-05,-0.0002288818359375,999.2587
0.0,-2.3051676180330105e-05,-0.00022977590560913086,999.2587
0.0,-2.3049156880006194e-05,-0.00022977590560913086,999.2587
0.0,-2.3023270841804333e-05,-0.00023126602172851562,999.2587
0.0,-2.3010708900983445e-05,-0.00023216009140014648,999.2587
0.0,-2.295558078913018e-05,-0.00023216009140014648,999.2587
0.0,-2.2932825231691822e-05,-0.0002300739288330078,999.2587
0.0,-2.2948026526137255e-05,-0.00022917985916137695,999.2587
0.0,-2.2952324798097834e-05,-0.0002276897430419922,999.2587
0.0,-2.28937751671765e-05,-0.00022917985916137695,999.2587
0.0,-2.2873875423101708e-05,-0.0002300739288330078,999.2587
0.0,-2.2885291400598362e-05,-0.0002288818359375,999.2587
0.0,-2.286792550876271e-05,-0.00022649765014648438,999.2587
0.0,-2.282945570186712e-05,-0.00022858381271362305,999.2587
0.0,-2.288818359375e-05,-0.00023096799850463867,999.2587
0.0,-2.2848202206660062e-05,-0.00023156404495239258,999.2587
0.0,-2.2832420654594898e-05,-0.00023156404495239258,999.2587
0.0,-2.2791262381360866e-05,-0.0002276897430419922,999.2587
0.0,-2.2748781702830456e-05,-0.00022232532501220703,999.2587
0.0,-2.279647560499143e-05,-0.0002238154411315918,999.2587
0.0,-2.2761698346585035e-05,-0.00022560358047485352,999.2587
0.0,-2.272412348247599e-05,-0.00022798776626586914,999.2587
0.0,-2.271429548272863e-05,-0.0002282857894897461,999.2587
0.0,-2.2720018023392186e-05,-0.00022619962692260742,999.2587
0.0,-2.2715092200087383e-05,-0.00022262334823608398,999.2587
0.0,-2.2691177946398966e-05,-0.00022172927856445312,999.2587
0.0,-2.2659198293695226e-05,-0.00022083520889282227,999.2587
0.0,-2.2649312086286955e-05,-0.0002205371856689453,999.2587
0.0,-2.2618874936597422e-05,-0.0002250075340270996,999.2587
0.0,-2.26375359488884e-05,-0.00022172927856445312,999.2587
0.0,-2.26000884140376e-05,-0.00021904706954956055,999.2587
0.0,-2.2556116164196283e-05,-0.00021845102310180664,999.2587
0.0,-2.2576545234187506e-05,-0.00022262334823608398,999.2587
0.0,-2.2570353394257836e-05,-0.00022560358047485352,999.2587
0.0,-2.2575179173145443e-05,-0.00022590160369873047,999.2587
0.0,-2.257124833704438e-05,-0.00022292137145996094,999.2587
0.0,-2.2481046471511945e-05,-0.0002193450927734375,999.2587
0.0,-2.250029683636967e-05,-0.0002232193946838379,999.2587
0.0,-2.2520078346133232e-05,-0.0002232193946838379,999.2587
0.0,-2.2483645807369612e-05,-0.00022411346435546875,999.2587
0.0,-2.246149415441323e-05,-0.00022232532501220703,999.2587
0.0,-2.244869028800167e-05,-0.0002238154411315918,999.2587
0.0,-2.2428224838222377e-05,-0.00022172927856445312,999.2587
0.0,-2.2388472643797286e-05,-0.00022083520889282227,999.2587
0.0,-2.2439162421505898e-05,-0.00022083520889282227,999.2587
0.0,-2.2381069356924854e-05,-0.00021725893020629883,999.2587
0.0,-2.23613933485467e-05,-0.00022232532501220703,999.2587
0.0,-2.2392892788047902e-05,-0.00022172927856445312,999.2587
0.0,-2.2331229047267698e-05,-0.0002199411392211914,999.2587
0.0,-2.2304064259515144e-05,-0.0002250075340270996,999.2587
0.0,-2.2328040358843282e-05,-0.00022351741790771484,999.2587
0.0,-2.224167837994173e-05,-0.0002250075340270996,999.2587
0.0,-2.2278580217971466e-05,-0.00022262334823608398,999.2587
0.0,-2.2275013179751113e-05,-0.00022083520889282227,999.2587
0.0,-2.224898707936518e-05,-0.00022232532501220703,999.2587
0.0,-2.2219026504899375e-05,-0.0002238154411315918,999.2587
0.0,-2.2183166947797872e-05,-0.0002238154411315918,999.2587
0.0,-2.2264139261096716e-05,-0.00022858381271362305,999.2587
0.0,-2.2226633518585004e-05,-0.0002244114875793457,999.2587
0.0,-2.2142072339192964e-05,-0.00022232532501220703,999.2587
0.0,-2.2147953131934628e-05,-0.00022679567337036133,999.2587
0.0,-2.2169993826537393e-05,-0.00022739171981811523,999.2587
0.0,-2.2167618226376362e-05,-0.00022411346435546875,999.2587
0.0,-2.2087215256760828e-05,-0.0002276897430419922,999.2587
0.0,-2.211012179031968e-05,-0.00022530555725097656,999.2587
0.0,-2.214422966062557e-05,-0.00023126602172851562,999.2587
0.0,-2.2130961951916106e-05,-0.0002288818359375,999.2587
0.0,-2.2071619241614826e-05,-0.0002238154411315918,999.2587
0.0,-2.2008058294886723e-05,-0.00022172927856445312,999.2587
0.0,-2.204437623731792e-05,-0.0002244114875793457,999.2587
0.0,-2.2035397705622017e-05,-0.00022411346435546875,999.2587
0.0,-2.2019918105797842e-05,-0.00022202730178833008,999.2587
0.0,-2.1973177354084328e-05,-0.00022262334823608398,999.2587
0.0,-2.1959720470476896e-05,-0.0002250075340270996,999.2587
0.0,-2.2002575860824436e-05,-0.00022470951080322266,999.2587
0.0,-2.197292633354664e-05,-0.00022202730178833008,999.2587
0.0,-2.189629230997525e-05,-0.00022113323211669922,999.2587
0.0,-2.1896308680879883e-05,-0.00022411346435546875,999.2587
0.0,-2.191487146774307e-05,-0.00021845102310180664,999.2587
0.0,-2.1900741558056325e-05,-0.00022083520889282227,999.2587
0.0,-2.1895513782510534e-05,-0.00022143125534057617,999.2587
0.0,-2.187274003517814e-05,-0.00022202730178833008,999.2587
0.0,-2.1861462300876155e-05,-0.00022172927856445312,999.2587
0.0,-2.1864974769414403e-05,-0.00022172927856445312,999.2587
0.0,-2.1846764866495505e-05,-0.00022143125534057617,999.2587
0.0,-2.1770940293208696e-05,-0.00022172927856445312,999.2587
0.0,-2.180820047215093e-05,-0.00022083520889282227,999.2587
0.0,-2.182452954002656e-05,-0.00022172927856445312,999.2587
0.0,-2.1807083612657152e-05,-0.00022292137145996094,999.2587
0.0,-2.1723371901316568e-05,-0.00022113323211669922,999.2587
0.0,-2.1718316929764114e-05,-0.00022709369659423828,999.2587
0.0,-2.1731999368057586e-05,-0.0002205371856689453,999.2587
0.0,-2.1717927666031756e-05,-0.0002232193946838379,999.2587
0.0,-2.175277768401429e-05,-0.00022560358047485352,999.2587
0.0,-2.1688003471354023e-05,-0.0002199411392211914,999.2587
0.0,-2.1613168428302743e-05,-0.0002181529998779297,999.2587
0.0,-2.1682366423192434e-05,-0.0002244114875793457,999.2587
0.0,-2.1654566808138043e-05,-0.00022560358047485352,999.2587
0.0,-2.1688554625143297e-05,-0.00022292137145996094,999.2587
0.0,-2.1613386707031168e-05,-0.00022232532501220703,999.2587
0.0,-2.158661482098978e-05,-0.0002250075340270996,999.2587
0.0,-2.1595908037852496e-05,-0.00022470951080322266,999.2587
0.0,-2.16006810660474e-05,-0.00022590160369873047,999.2587
0.0,-2.158203824365046e-05,-0.0002250075340270996,999.2587
0.0,-2.154868889192585e-05,-0.00022292137145996094,999.2587
0.0,-2.1557812942774035e-05,-0.0002250075340270996,999.2587
0.0,-2.1546928110183217e-05,-0.00022292137145996094,999.2587
0.0,-2.1536179701797664e-05,-0.00022262334823608398,999.2587
0.0,-2.1527916032937355e-05,-0.00022798776626586914,999.2587
0.0,-2.1486377590917982e-05,-0.00022679567337036133,999.2587
0.0,-2.1486968762474135e-05,-0.00022470951080322266,999.2587
0.0,-2.1432560970424674e-05,-0.00022739171981811523,999.2587
0.0,-2.1446117898449302e-05,-0.00022649765014648438,999.2587
0.0,-2.1435193048091605e-05,-0.00022798776626586914,999.2587
0.0,-2.1413130525615998e-05,-0.00022590160369873047,999.2587
0.0,-2.141801087418571e-05,-0.0002232193946838379,999.2587
0.0,-2.1422218196676113e-05,-0.00023066997528076172,999.2587
0.0,-2.1375850337790325e-05,-0.0002288818359375,999.2587
0.0,-2.1345747882151045e-05,-0.0002276897430419922,999.2587
0.0,-2.1346670109778643e-05,-0.00022560358047485352,999.2587
0.0,-2.132446206815075e-05,-0.00022798776626586914,999.2587
0.0,-2.130134635081049e-05,-0.00022917985916137695,999.2587
0.0,-2.1342188119888306e-05,-0.00022798776626586914,999.2587
0.0,-2.129091262759175e-05,-0.00023037195205688477,999.2587
0.0,-2.125647915818263e-05,-0.0002294778823852539,999.2587
0.0,-2.12577469937969e-05,-0.00022798776626586914,999.2587
0.0,-2.1244715753709897e-05,-0.00022798776626586914,999.2587
0.0,-2.122093974321615e-05,-0.00022798776626586914,999.2587
0.0,-2.1228504920145497e-05,-0.00022649765014648438,999.2587
0.0,-2.121223405993078e-05,-0.0002276897430419922,999.2587
0.0,-2.119892815244384e-05,-0.0002282857894897461,999.2587
0.0,-2.1185165678616613e-05,-0.0002294778823852539,999.2587
0.0,-2.1172494598431513e-05,-0.00022917985916137695,999.2587
0.0,-2.118563133990392e-05,-0.00023126602172851562,999.2587
0.0,-2.11358601518441e-05,-0.00023156404495239258,999.2587
0.0,-2.1108160581206903e-05,-0.00023037195205688477,999.2587
0.0,-2.1142912373761646e-05,-0.00022917985916137695,999.2587
0.0,-2.1149384338059463e-05,-0.00023186206817626953,999.2587
0.0,-2.109072192979511e-05,-0.0002294778823852539,999.2587
0.0,-2.1036339603597298e-05,-0.00022917985916137695,999.2587
0.0,-2.1072304662084207e-05,-0.00023096799850463867,999.2587
0.0,-2.1098896468174644e-05,-0.0002339482307434082,999.2587
0.0,-2.1063833628431894e-05,-0.00023543834686279297,999.2587
0.0,-2.1032668882980943e-05,-0.00023096799850463867,999.2587
0.0,-2.0962907001376152e-05,-0.00023424625396728516,999.2587
0.0,-2.099601442751009e-05,-0.00023096799850463867,999.2587
0.0,-2.1020974600105546e-05,-0.00023096799850463867,999.2587
0.0,-2.095971467497293e-05,-0.00023096799850463867,999.2587
0.0,-2.0983308786526322e-05,-0.00023573637008666992,999.2587
0.0,-2.0980320186936297e-05,-0.0002327561378479004,999.2587
0.0,-2.0934417989337817e-05,-0.00023305416107177734,999.2587
0.0,-2.0885165213258006e-05,-0.00023216009140014648,999.2587
0.0,-2.092849899781868e-05,-0.00023096799850463867,999.2587
0.0,-2.094385854434222e-05,-0.00023484230041503906,999.2587
0.0,-2.0871499145869166e-05,-0.00023156404495239258,999.2587
0.0,-2.0880559532088228e-05,-0.0002300739288330078,999.2587
0.0,-2.0820021745748818e-05,-0.00023096799850463867,999.2587
0.0,-2.0912239051540382e-05,-0.0002333521842956543,999.2587
0.0,-2.0852061425102875e-05,-0.00023096799850463867,999.2587
0.0,-2.080171907437034e-05,-0.00023216009140014648,999.2587
0.0,-2.075668453471735e-05,-0.0002327561378479004,999.2587
0.0,-2.0775953089469112e-05,-0.0002282857894897461,999.2587
0.0,-2.0815250536543317e-05,-0.00023245811462402344,999.2587
0.0,-2.081332786474377e-05,-0.0002339482307434082,999.2587
0.0,-2.0713296180474572e-05,-0.0002339482307434082,999.2587
0.0,-2.071553171845153e-05,-0.00023514032363891602,999.2587
0.0,-2.074206349789165e-05,-0.00023663043975830078,999.2587
0.0,-2.0752586351591162e-05,-0.00023543834686279297,999.2587
0.0,-2.071627568511758e-05,-0.0002339482307434082,999.2587
0.0,-2.065636363113299e-05,-0.0002327561378479004,999.2587
0.0,-2.0712943296530284e-05,-0.00022917985916137695,999.2587
0.0,-2.0688747099484317e-05,-0.00023305416107177734,999.2587
0.0,-2.068266439891886e-05,-0.00023037195205688477,999.2587
0.0,-2.061330269498285e-05,-0.00023156404495239258,999.2587
0.0,-2.0653174942708574e-05,-0.00023186206817626953,999.2587
0.0,-2.0639810827560723e-05,-0.00023066997528076172,999.2587
0.0,-2.0609966668416746e-05,-0.00022917985916137695,999.2587
0.0,-2.0582696379278786e-05,-0.00022917985916137695,999.2587
0.0,-2.0604817109415308e-05,-0.00023037195205688477,999.2587
0.0,-2.0581932403729297e-05,-0.00023305416107177734,999.2587
0.0,-2.055851109616924e-05,-0.00023633241653442383,999.2587
0.0,-2.057182246062439e-05,-0.00023424625396728516,999.2587
0.0,-2.0526022126432508e-05,-0.00023156404495239258,999.2587
0.0,-2.051961564575322e-05,-0.00023514032363891602,999.2587
0.0,-2.050096372840926e-05,-0.00023663043975830078,999.2587
0.0,-2.0462111933738925e-05,-0.00023216009140014648,999.2587
0.0,-2.0523508283076808e-05,-0.00023216009140014648,999.2587
0.0,-2.0491264876909554e-05,-0.0002339482307434082,999.2587
0.0,-2.0473929907893762e-05,-0.0002339482307434082,999.2587
0.0,-2.0423805835889652e-05,-0.0002339482307434082,999.2587
0.0,-2.0408704585861415e-05,-0.0002327561378479004,999.2587
0.0,-2.0439616491785273e-05,-0.00023484230041503906,999.2587
0.0,-2.0399194909259677e-05,-0.00023543834686279297,999.2587
0.0,-2.037358717643656e-05,-0.0002333521842956543,999.2587
0.0,-2.0384830349939875e-05,-0.00023156404495239258,999.2587
0.0,-2.037741433014162e-05,-0.0002333521842956543,999.2587
0.0,-2.0351528291939758e-05,-0.00023663043975830078,999.2587
0.0,-2.0362047507660463e-05,-0.00023514032363891602,999.2587
0.0,-2.034190038102679e-05,-0.00023096799850463867,999.2587
0.0,-2.031816984526813e-05,-0.0002300739288330078,999.2587
0.0,-2.0312236301833764e-05,-0.0002327561378479004,999.2587
0.0,-2.0325296645751223e-05,-0.00023692846298217773,999.2587
0.0,-2.0350680642877705e-05,-0.00023424625396728516,999.2587
0.0,-2.025887260970194e-05,-0.0002294778823852539,999.2587
0.0,-2.024160130531527e-05,-0.00022470951080322266,999.2587
0.0,-2.0291825421736576e-05,-0.00023126602172851562,999.2587
0.0,-2.0251856767572463e-05,-0.00023514032363891602,999.2587
0.0,-2.0218576537445188e-05,-0.0002339482307434082,999.2587
0.0,-2.0190653231111355e-05,-0.00023186206817626953,999.2587
0.0,-2.0261486497474834e-05,-0.0002333521842956543,999.2587
0.0,-2.02167357201688e-05,-0.0002339482307434082,999.2587
0.0,-2.020682950387709e-05,-0.00023365020751953125,999.2587
0.0,-2.01633847609628e-05,-0.0002300739288330078,999.2587
0.0,-2.0167490220046602e-05,-0.00023156404495239258,999.2587
0.0,-2.0177360056550242e-05,-0.0002345442771911621,999.2587
0.0,-2.0162377040833235e-05,-0.00023216009140014648,999.2587
0.0,-2.012172080867458e-05,-0.00023216009140014648,999.2587
0.0,-2.0110030163777992e-05,-0.00023186206817626953,999.2587
0.0,-2.013210360019002e-05,-0.00023245811462402344,999.2587
0.0,-2.0058792870258912e-05,-0.0002288818359375,999.2587
0.0,-2.0090963516850024e-05,-0.0002300739288330078,999.2587
0.0,-2.0089557438041084e-05,-0.0002372264862060547,999.2587
0.0,-2.0093522834940813e-05,-0.0002339482307434082,999.2587
0.0,-2.0054412743775174e-05,-0.00023066997528076172,999.2587
0.0,-2.0011690139654092e-05,-0.0002300739288330078,999.2587
0.0,-2.0005134501843713e-05,-0.0002327561378479004,999.2587
0.0,-2.003105873882305e-05,-0.0002372264862060547,999.2587
0.0,-2.0020524971187115e-05,-0.00023305416107177734,999.2587
0.0,-1.9993140085716732e-05,-0.00023066997528076172,999.2587
0.0,-1.996273385884706e-05,-0.00023245811462402344,999.2587
0.0,-1.9971494111814536e-05,-0.00023096799850463867,999.2587
0.0,-1.99434671230847e-05,-0.00022858381271362305,999.2587
0.0,-1.99411060748389e-05,-0.00022739171981811523,999.2587
0.0,-1.995152524614241e-05,-0.00022917985916137695,999.2587
0.0,-1.990522287087515e-05,-0.0002288818359375,999.2587
0.0,-1.9939852791139856e-05,-0.0002282857894897461,999.2587
0.0,-1.989511110878084e-05,-0.00022977590560913086,999.2587
0.0,-1.991012686630711e-05,-0.00022411346435546875,999.2587
0.0,-1.9875898942700587e-05,-0.0002294778823852539,999.2587
0.0,-1.986441020562779e-05,-0.00022709369659423828,999.2587
0.0,-1.9825069102807902e-05,-0.00022411346435546875,999.2587
0.0,-1.981662899197545e-05,-0.0002282857894897461,999.2587
0.0,-1.9869501556968316e-05,-0.0002288818359375,999.2587
0.0,-1.9835437342408113e-05,-0.0002244114875793457,999.2587
0.0,-1.9750696083065122e-05,-0.00022411346435546875,999.2587
0.0,-1.9750144929275848e-05,-0.0002238154411315918,999.2587
0.0,-1.9766126570175402e-05,-0.00022560358047485352,999.2587
0.0,-1.9780676666414365e-05,-0.00022590160369873047,999.2587
0.0,-1.970370431081392e-05,-0.0002238154411315918,999.2587
0.0,-1.9738612536457367e-05,-0.00022619962692260742,999.2587
0.0,-1.9742670701816678e-05,-0.0002276897430419922,999.2587
0.0,-1.970755693037063e-05,-0.00022590160369873047,999.2587
0.0,-1.9685297957039438e-05,-0.00022590160369873047,999.2587
0.0,-1.973645885300357e-05,-0.00022709369659423828,999.2587
0.0,-1.9697854440892115e-05,-0.0002294778823852539,999.2587
0.0,-1.963452814379707e-05,-0.0002288818359375,999.2587
0.0,-1.9658995370264165e-05,-0.00022917985916137695,999.2587
0.0,-1.9689461623784155e-05,-0.00022530555725097656,999.2587
0.0,-1.9623239495558664e-05,-0.00022351741790771484,999.2587
0.0,-1.9604120097937994e-05,-0.00022292137145996094,999.2587
0.0,-1.961531597771682e-05,-0.00022083520889282227,999.2587
0.0,-1.9621404135250486e-05,-0.00022232532501220703,999.2587
0.0,-1.9607310605351813e-05,-0.00022649765014648438,999.2587
0.0,-1.954389335878659e-05,-0.00022858381271362305,999.2587
0.0,-1.9564311514841393e-05,-0.0002294778823852539,999.2587
0.0,-1.9591474483604543e-05,-0.0002294778823852539,999.2587
0.0,-1.953355604200624e-05,-0.00022917985916137695,999.2587
0.0,-1.948864337464329e-05,-0.0002294778823852539,999.2587
0.0,-1.9511511709424667e-05,-0.00022858381271362305,999.2587
0.0,-1.9554341633920558e-05,-0.0002288818359375,999.2587
0.0,-1.9477241949061863e-05,-0.00022798776626586914,999.2587
0.0,-1.9481951312627643e-05,-0.00022649765014648438,999.2587
0.0,-1.9458000679151155e-05,-0.00022649765014648438,999.2587
0.0,-1.9461438569123857e-05,-0.00022649765014648438,999.2587
0.0,-1.9456179870758206e-05,-0.00022560358047485352,999.2587
0.0,-1.945508483913727e-05,-0.00022649765014648438,999.2587
0.0,-1.942474591487553e-05,-0.0002276897430419922,999.2587
0.0,-1.9406958017498255e-05,-0.0002276897430419922,999.2587
0.0,-1.9402907128096558e-05,-0.0002288818359375,999.2587
0.0,-1.939602952916175e-05,-0.00022679567337036133,999.2587
0.0,-1.942061680892948e-05,-0.0002339482307434082,999.2587
0.0,-1.932920713443309e-05,-0.00023484230041503906,999.2587
0.0,-1.9381504898774438e-05,-0.00022858381271362305,999.2587
0.0,-1.9361796148587018e-05,-0.00023126602172851562,999.2587
0.0,-1.9322349544381723e-05,-0.00023484230041503906,999.2587
0.0,-1.9326007532072254e-05,-0.00022917985916137695,999.2587
0.0,-1.9335871911607683e-05,-0.0002282857894897461,999.2587
0.0,-1.9333174350322224e-05,-0.00023543834686279297,999.2587
0.0,-1.931051338033285e-05,-0.00023245811462402344,999.2587
0.0,-1.9277524188510142e-05,-0.00022739171981811523,999.2587
0.0,-1.928091842273716e-05,-0.0002339482307434082,999.2587
0.0,-1.931526821863372e-05,-0.00023543834686279297,999.2587
0.0,-1.92176357813878e-05,-0.0002327561378479004,999.2587
0.0,-1.923183117469307e-05,-0.00023543834686279297,999.2587
0.0,-1.924868229252752e-05,-0.00023543834686279297,999.2587
0.0,-1.922570663737133e-05,-0.00023305416107177734,999.2587
0.0,-1.9214703570469283e-05,-0.00023543834686279297,999.2587
0.0,-1.918171619763598e-05,-0.00023633241653442383,999.2587
0.0,-1.919088390422985e-05,-0.0002372264862060547,999.2587
0.0,-1.9231016267440282e-05,-0.00023245811462402344,999.2587
0.0,-1.9186158169759437e-05,-0.0002333521842956543,999.2587
0.0,-1.9128803614876233e-05,-0.0002378225326538086,999.2587
0.0,-1.9121664081467316e-05,-0.0002378225326538086,999.2587
0.0,-1.9159317162120715e-05,-0.00023543834686279297,999.2587
0.0,-1.914313543238677e-05,-0.00023692846298217773,999.2587
0.0,-1.9129416614305228e-05,-0.00023514032363891602,999.2587
0.0,-1.9061228158534504e-05,-0.00023812055587768555,999.2587
0.0,-1.9059723854297772e-05,-0.00023692846298217773,999.2587
0.0,-1.9095603420282714e-05,-0.00023931264877319336,999.2587
0.0,-1.9135759430355392e-05,-0.00024259090423583984,999.2587
0.0,-1.90682021639077e-05,-0.00023990869522094727,999.2587
0.0,-1.9014873032574542e-05,-0.0002384185791015625,999.2587
0.0,-1.90258815564448e-05,-0.00023812055587768555,999.2587
0.0,-1.9053133655688725e-05,-0.0002345442771911621,999.2587
0.0,-1.9003402485395782e-05,-0.00024020671844482422,999.2587
0.0,-1.8973039914271794e-05,-0.00023871660232543945,999.2587
0.0,-1.897820948215667e-05,-0.00023305416107177734,999.2587
0.0,-1.8988748706760816e-05,-0.00023573637008666992,999.2587
0.0,-1.8993545381817967e-05,-0.0002384185791015625,999.2587
0.0,-1.8948087017633952e-05,-0.0002396106719970703,999.2587
0.0,-1.8957836800836958e-05,-0.0002390146255493164,999.2587
0.0,-1.8964467017212883e-05,-0.00023812055587768555,999.2587
0.0,-1.8913753592642024e-05,-0.00023543834686279297,999.2587
0.0,-1.8891802028520033e-05,-0.00023543834686279297,999.2587
0.0,-1.8904005628428422e-05,-0.00023663043975830078,999.2587
0.0,-1.8940772861242294e-05,-0.00024080276489257812,999.2587
0.0,-1.888422411866486e-05,-0.00023812055587768555,999.2587
0.0,-1.8849410480470397e-05,-0.00023216009140014648,999.2587
0.0,-1.8825832739821635e-05,-0.00023186206817626953,999.2587
0.0,-1.8855569578590803e-05,-0.00024020671844482422,999.2587
0.0,-1.8848933905246668e-05,-0.00024080276489257812,999.2587
0.0,-1.8846358216251247e-05,-0.00024020671844482422,999.2587
0.0,-1.879552837635856e-05,-0.0002384185791015625,999.2587
0.0,-1.881202115328051e-05,-0.00023692846298217773,999.2587
0.0,-1.876672286016401e-05,-0.00023305416107177734,999.2587
0.0,-1.8789191017276607e-05,-0.00023603439331054688,999.2587
0.0,-1.8804345017997548e-05,-0.00023573637008666992,999.2587
0.0,-1.8825128790922463e-05,-0.00023603439331054688,999.2587
0.0,-1.8782024199026637e-05,-0.00023573637008666992,999.2587
0.0,-1.8745067791314796e-05,-0.00023365020751953125,999.2587
0.0,-1.8728329450823367e-05,-0.00023037195205688477,999.2587
0.0,-1.8768951122183353e-05,-0.00023633241653442383,999.2587
0.0,-1.874433655757457e-05,-0.0002378225326538086,999.2587
0.0,-1.8706788978306577e-05,-0.0002333521842956543,999.2587
0.0,-1.871143831522204e-05,-0.00023037195205688477,999.2587
0.0,-1.8672713849809952e-05,-0.00023603439331054688,999.2587
0.0,-1.866555066953879e-05,-0.00023990869522094727,999.2587
0.0,-1.8693892343435436e-05,-0.0002339482307434082,999.2587
0.0,-1.8656493921298534e-05,-0.00023096799850463867,999.2587
0.0,-1.860886550275609e-05,-0.0002327561378479004,999.2587
0.0,-1.8645569070940837e-05,-0.00023424625396728516,999.2587
0.0,-1.864315345301293e-05,-0.00023424625396728516,999.2587
0.0,-1.8616792658576742e-05,-0.0002339482307434082,999.2587
0.0,-1.858397081377916e-05,-0.00023156404495239258,999.2587
0.0,-1.8603901480673812e-05,-0.00023514032363891602,999.2587
0.0,-1.861405689851381e-05,-0.0002288818359375,999.2587
0.0,-1.8558790543465875e-05,-0.0002294778823852539,999.2587
0.0,-1.8577813534648158e-05,-0.0002339482307434082,999.2587
0.0,-1.856593917182181e-05,-0.00023663043975830078,999.2587
0.0,-1.8510052541387267e-05,-0.0002339482307434082,999.2587
0.0,-1.8531485693529248e-05,-0.00023305416107177734,999.2587
0.0,-1.853461617429275e-05,-0.00023603439331054688,999.2587
0.0,-1.8538697986514308e-05,-0.0002378225326538086,999.2587
0.0,-1.851168963185046e-05,-0.00023216009140014648,999.2587
0.0,-1.8479313439456746e-05,-0.00023066997528076172,999.2587
0.0,-1.847392377385404e-05,-0.00023514032363891602,999.2587
0.0,-1.847847488534171e-05,-0.00023692846298217773,999.2587
0.0,-1.8460710634826683e-05,-0.0002372264862060547,999.2587
0.0,-1.844980761234183e-05,-0.00023663043975830078,999.2587
0.0,-1.8446116882842034e-05,-0.00023484230041503906,999.2587
0.0,-1.842774508986622e-05,-0.00023812055587768555,999.2587
0.0,-1.8445380192133598e-05,-0.0002339482307434082,999.2587
0.0,-1.8429096598993056e-05,-0.00023603439331054688,999.2587
0.0,-1.8377053493168205e-05,-0.0002339482307434082,999.2587
0.0,-1.838180651247967e-05,-0.00023514032363891602,999.2587
0.0,-1.8367814845987596e-05,-0.00023424625396728516,999.2587
0.0,-1.8421107597532682e-05,-0.0002390146255493164,999.2587
0.0,-1.837392665038351e-05,-0.00023812055587768555,999.2587
0.0,-1.8380289475317113e-05,-0.0002378225326538086,999.2587
0.0,-1.831363442761358e-05,-0.00023812055587768555,999.2587
0.0,-1.8349868696532212e-05,-0.0002339482307434082,999.2587
0.0,-1.832838279369753e-05,-0.00023305416107177734,999.2587
0.0,-1.83030260814121e-05,-0.00023365020751953125,999.2587
0.0,-1.830165638239123e-05,-0.00023543834686279297,999.2587
0.0,-1.8282416931469925e-05,-0.00023692846298217773,999.2587
0.0,-1.8279135474585928e-05,-0.00023692846298217773,999.2587
0.0,-1.8306775018572807e-05,-0.00023514032363891602,999.2587
0.0,-1.830768451327458e-05,-0.00023692846298217773,999.2587
0.0,-1.823453203542158e-05,-0.00023663043975830078,999.2587
0.0,-1.828439962991979e-05,-0.00023573637008666992,999.2587
0.0,-1.820030047383625e-05,-0.0002327561378479004,999.2587
0.0,-1.8214108422398567e-05,-0.0002339482307434082,999.2587
0.0,-1.8220069250673987e-05,-0.00023514032363891602,999.2587
0.0,-1.8271901353728026e-05,-0.0002327561378479004,999.2587
0.0,-1.8189239199273288e-05,-0.0002300739288330078,999.2587
0.0,-1.8189302863902412e-05,-0.00022977590560913086,999.2587
0.0,-1.816025542211719e-05,-0.00022977590560913086,999.2587
0.0,-1.8116648789145984e-05,-0.00023066997528076172,999.2587
0.0,-1.8174223441747017e-05,-0.0002327561378479004,999.2587
0.0,-1.8145115973311476e-05,-0.0002327561378479004,999.2587
0.0,-1.816613985283766e-05,-0.0002339482307434082,999.2587
0.0,-1.8143986380891874e-05,-0.0002327561378479004,999.2587
0.0,-1.811410220398102e-05,-0.0002294778823852539,999.2587
0.0,-1.8101083696819842e-05,-0.00023096799850463867,999.2587
0.0,-1.8095082850777544e-05,-0.0002327561378479004,999.2587
0.0,-1.8091001038555987e-05,-0.00023543834686279297,999.2587
0.0,-1.8118771549779922e-05,-0.00023066997528076172,999.2587
0.0,-1.8044191165245138e-05,-0.00022679567337036133,999.2587
0.0,-1.804914245440159e-05,-0.0002250075340270996,999.2587
0.0,-1.8035587345366366e-05,-0.00023096799850463867,999.2587
0.0,-1.806100226531271e-05,-0.00023096799850463867,999.2587
0.0,-1.8058675777865574e-05,-0.00023066997528076172,999.2587
0.0,-1.8016015019384213e-05,-0.00022709369659423828,999.2587
0.0,-1.7972766727325507e-05,-0.00022590160369873047,999.2587
0.0,-1.8051909137284383e-05,-0.00022977590560913086,999.2587
0.0,-1.7990920241572894e-05,-0.00023633241653442383,999.2587
0.0,-1.8003638615482487e-05,-0.00023692846298217773,999.2587
0.0,-1.7970340195461176e-05,-0.00023245811462402344,999.2587
0.0,-1.791920294635929e-05,-0.0002288818359375,999.2587
0.0,-1.7946176740224473e-05,-0.0002333521842956543,999.2587
0.0,-1.7967529856832698e-05,-0.0002327561378479004,999.2587
0.0,-1.7922569895745255e-05,-0.0002288818359375,999.2587
0.0,-1.794472336769104e-05,-0.00022798776626586914,999.2587
0.0,-1.788445297279395e-05,-0.00022917985916137695,999.2587
0.0,-1.791597969713621e-05,-0.00022858381271362305,999.2587
0.0,-1.7888169168145396e-05,-0.00022798776626586914,999.2587
0.0,-1.785624226613436e-05,-0.0002282857894897461,999.2587
0.0,-1.788194822438527e-05,-0.00023096799850463867,999.2587
0.0,-1.787444307410624e-05,-0.00023096799850463867,999.2587
0.0,-1.786006396287121e-05,-0.00023096799850463867,999.2587
0.0,-1.783346669981256e-05,-0.00022798776626586914,999.2587
0.0,-1.7814954844652675e-05,-0.00023186206817626953,999.2587
0.0,-1.783953484846279e-05,-0.00023096799850463867,999.2587
0.0,-1.785201129678171e-05,-0.00023096799850463867,999.2587
0.0,-1.7801246940507554e-05,-0.00022858381271362305,999.2587
0.0,-1.7809685232350603e-05,-0.0002300739288330078,999.2587
0.0,-1.777096804289613e-05,-0.0002333521842956543,999.2587
0.0,-1.7787962860893458e-05,-0.00023692846298217773,999.2587
0.0,-1.7776756067178212e-05,-0.0002339482307434082,999.2587
0.0,-1.7763113646651618e-05,-0.00023037195205688477,999.2587
0.0,-1.774896554707084e-05,-0.00023096799850463867,999.2587
0.0,-1.774373959051445e-05,-0.00023573637008666992,999.2587
0.0,-1.7749984181136824e-05,-0.0002378225326538086,999.2587
0.0,-1.7716285583446734e-05,-0.0002396106719970703,999.2587
0.0,-1.7692156689008698e-05,-0.00023752450942993164,999.2587
0.0,-1.777528814272955e-05,-0.00023663043975830078,999.2587
0.0,-1.7759059119271114e-05,-0.00023424625396728516,999.2587
0.0,-1.7677753930911422e-05,-0.0002345442771911621,999.2587
0.0,-1.7615540855331346e-05,-0.00023752450942993164,999.2587
0.0,-1.7684624253888614e-05,-0.0002372264862060547,999.2587
0.0,-1.7695874703349546e-05,-0.00023573637008666992,999.2587
0.0,-1.7651553207542747e-05,-0.00023812055587768555,999.2587
0.0,-1.7590855350135826e-05,-0.00023603439331054688,999.2587
0.0,-1.763960790412966e-05,-0.00023633241653442383,999.2587
0.0,-1.763577529345639e-05,-0.0002333521842956543,999.2587
0.0,-1.762435022101272e-05,-0.0002390146255493164,999.2587
0.0,-1.7596012185094878e-05,-0.0002396106719970703,999.2587
0.0,-1.761076600814704e-05,-0.00023514032363891602,999.2587
0.0,-1.7571812350070104e-05,-0.00023663043975830078,999.2587
0.0,-1.756196616042871e-05,-0.00023663043975830078,999.2587
0.0,-1.7617747289477848e-05,-0.0002372264862060547,999.2587
0.0,-1.7550099073559977e-05,-0.00023663043975830078,999.2587
0.0,-1.752390744513832e-05,-0.00023543834686279297,999.2587
0.0,-1.7513086277176626e-05,-0.00023931264877319336,999.2587
0.0,-1.758211146807298e-05,-0.00024199485778808594,999.2587
0.0,-1.752097887219861e-05,-0.00024050474166870117,999.2587
0.0,-1.7512064005131833e-05,-0.0002372264862060547,999.2587
0.0,-1.7467464203946292e-05,-0.00023871660232543945,999.2587
0.0,-1.7506279618828557e-05,-0.00023752450942993164,999.2587
0.0,-1.748227805364877e-05,-0.0002372264862060547,999.2587
0.0,-1.7471429600846022e-05,-0.00023692846298217773,999.2587
0.0,-1.7460721210227348e-05,-0.00023633241653442383,999.2587
0.0,-1.7426053091185167e-05,-0.00023692846298217773,999.2587
0.0,-1.7476544599048793e-05,-0.0002396106719970703,999.2587
0.0,-1.745440204103943e-05,-0.00024110078811645508,999.2587
0.0,-1.742900894896593e-05,-0.0002422928810119629,999.2587
0.0,-1.7419222785974853e-05,-0.00023931264877319336,999.2587
0.0,-1.736580816213973e-05,-0.00024080276489257812,999.2587
0.0,-1.7416934497305192e-05,-0.00024259090423583984,999.2587
0.0,-1.744230030453764e-05,-0.00024259090423583984,999.2587
0.0,-1.7435208064853214e-05,-0.00024080276489257812,999.2587
0.0,-1.7352242139168084e-05,-0.00024169683456420898,999.2587
0.0,-1.7349426343571395e-05,-0.00023990869522094727,999.2587
0.0,-1.7381596990162507e-05,-0.00023871660232543945,999.2587
0.0,-1.732093187456485e-05,-0.0002396106719970703,999.2587
0.0,-1.7364645827910863e-05,-0.00023931264877319336,999.2587
0.0,-1.731862903397996e-05,-0.00024199485778808594,999.2587
0.0,-1.734051329549402e-05,-0.00023990869522094727,999.2587
0.0,-1.7328033209196292e-05,-0.00024080276489257812,999.2587
0.0,-1.7324813597952016e-05,-0.0002422928810119629,999.2587
0.0,-1.72642721736338e-05,-0.00024110078811645508,999.2587
0.0,-1.730670737742912e-05,-0.0002396106719970703,999.2587
0.0,-1.7268321244046092e-05,-0.0002396106719970703,999.2587
0.0,-1.7298414604738355e-05,-0.00024050474166870117,999.2587
0.0,-1.7284190107602626e-05,-0.00023812055587768555,999.2587
0.0,-1.7276082871831022e-05,-0.0002372264862060547,999.2587
0.0,-1.7268988813157193e-05,-0.0002378225326538086,999.2587
0.0,-1.7221882444573566e-05,-0.00023812055587768555,999.2587
0.0,-1.7220017980434932e-05,-0.00023603439331054688,999.2587
0.0,-1.7221793314092793e-05,-0.0002384185791015625,999.2587
0.0,-1.719339343253523e-05,-0.0002372264862060547,999.2587
0.0,-1.7229616787517443e-05,-0.00023543834686279297,999.2587
0.0,-1.718119347060565e-05,-0.0002384185791015625,999.2587
0.0,-1.717881423246581e-05,-0.00024050474166870117,999.2587
0.0,-1.721292755973991e-05,-0.00024080276489257812,999.2587
0.0,-1.717658233246766e-05,-0.0002396106719970703,999.2587
0.0,-1.7142800061265007e-05,-0.0002378225326538086,999.2587
0.0,-1.713896926958114e-05,-0.00024080276489257812,999.2587
0.0,-1.7155722161987796e-05,-0.00024020671844482422,999.2587
0.0,-1.7145624951808713e-05,-0.0002396106719970703,999.2587
0.0,-1.7144400771940127e-05,-0.00024169683456420898,999.2587
0.0,-1.71529027284123e-05,-0.0002390146255493164,999.2587
0.0,-1.711532604531385e-05,-0.0002378225326538086,999.2587
0.0,-1.7120251868618652e-05,-0.00023812055587768555,999.2587
0.0,-1.7117559764301404e-05,-0.00023633241653442383,999.2587
0.0,-1.7092806956497952e-05,-0.00023603439331054688,999.2587
0.0,-1.7073452909244224e-05,-0.00023692846298217773,999.2587
0.0,-1.7072201444534585e-05,-0.00023543834686279297,999.2587
0.0,-1.7047434084815904e-05,-0.0002345442771911621,999.2587
0.0,-1.7057402146747336e-05,-0.00023543834686279297,999.2587
0.0,-1.7044934793375432e-05,-0.00023543834686279297,999.2587
0.0,-1.7064292478607967e-05,-0.00023692846298217773,999.2587
0.0,-1.699824679235462e-05,-0.00023663043975830078,999.2587
0.0,-1.7029848095262423e-05,-0.0002396106719970703,999.2587
0.0,-1.7017864593071863e-05,-0.00024110078811645508,999.2587
0.0,-1.6998161299852654e-05,-0.0002384185791015625,999.2587
0.0,-1.6985248294076882e-05,-0.0002372264862060547,999.2587
0.0,-1.7009651855914854e-05,-0.00023633241653442383,999.2587
0.0,-1.6990010408335365e-05,-0.00023752450942993164,999.2587
0.0,-1.695497485343367e-05,-0.00023812055587768555,999.2587
0.0,-1.693571721261833e-05,-0.0002384185791015625,999.2587
0.0,-1.6960048014880158e-05,-0.0002390146255493164,999.2587
0.0,-1.697644438536372e-05,-0.00023573637008666992,999.2587
0.0,-1.6938058251980692e-05,-0.00023573637008666992,999.2587
0.0,-1.6920144844334573e-05,-0.00023543834686279297,999.2587
0.0,-1.6924968804232776e-05,-0.0002378225326538086,999.2587
0.0,-1.6918966139201075e-05,-0.00023543834686279297,999.2587
0.0,-1.6894635336939245e-05,-0.00023514032363891602,999.2587
0.0,-1.6912095816223882e-05,-0.00023543834686279297,999.2587
0.0,-1.6858391973073594e-05,-0.00023365020751953125,999.2587
0.0,-1.6854282876010984e-05,-0.00023305416107177734,999.2587
0.0,-1.688821066636592e-05,-0.00023514032363891602,999.2587
0.0,-1.6873827917152084e-05,-0.0002339482307434082,999.2587
0.0,-1.684067683527246e-05,-0.00023543834686279297,999.2587
0.0,-1.683273512753658e-05,-0.0002327561378479004,999.2587
0.0,-1.6831671018735506e-05,-0.00023514032363891602,999.2587
0.0,-1.6844156562001444e-05,-0.00023543834686279297,999.2587
0.0,-1.685446113697253e-05,-0.00023543834686279297,999.2587
0.0,-1.6801030142232776e-05,-0.00023543834686279297,999.2587
0.0,-1.679882734606508e-05,-0.00023305416107177734,999.2587
0.0,-1.6802436221041717e-05,-0.00023365020751953125,999.2587
0.0,-1.6796766431070864e-05,-0.00023365020751953125,999.2587
0.0,-1.6776657503214665e-05,-0.00023543834686279297,999.2587
0.0,-1.6756946934037842e-05,-0.00023692846298217773,999.2587
0.0,-1.6749108908697963e-05,-0.0002384185791015625,999.2587
0.0,-1.675115890975576e-05,-0.0002378225326538086,999.2587
0.0,-1.671781501499936e-05,-0.00023752450942993164,999.2587
0.0,-1.6742271327530034e-05,-0.0002345442771911621,999.2587
0.0,-1.674730629019905e-05,-0.00023543834686279297,999.2587
0.0,-1.6727415641071275e-05,-0.00023692846298217773,999.2587
0.0,-1.6707746908650734e-05,-0.00023216009140014648,999.2587
0.0,-1.665697527641896e-05,-0.0002294778823852539,999.2587
0.0,-1.672179132583551e-05,-0.00023305416107177734,999.2587
0.0,-1.6700118067092262e-05,-0.0002333521842956543,999.2587
0.0,-1.668866752879694e-05,-0.00023543834686279297,999.2587
0.0,-1.6645886717014946e-05,-0.00022917985916137695,999.2587
0.0,-1.66621757671237e-05,-0.00023365020751953125,999.2587
0.0,-1.665957461227663e-05,-0.00023096799850463867,999.2587
0.0,-1.6666581359459087e-05,-0.00023245811462402344,999.2587
0.0,-1.6613723346381448e-05,-0.00023216009140014648,999.2587
0.0,-1.6628853700240143e-05,-0.00023484230041503906,999.2587
0.0,-1.6615567801636644e-05,-0.00023037195205688477,999.2587
0.0,-1.6629273886792362e-05,-0.00023245811462402344,999.2587
0.0,-1.659253757679835e-05,-0.0002282857894897461,999.2587
0.0,-1.6570229490753263e-05,-0.00022977590560913086,999.2587
0.0,-1.6619353118585423e-05,-0.00023543834686279297,999.2587
0.0,-1.6585887351538986e-05,-0.00023245811462402344,999.2587
0.0,-1.6551710359635763e-05,-0.0002294778823852539,999.2587
0.0,-1.655573578318581e-05,-0.0002327561378479004,999.2587
0.0,-1.6540385331609286e-05,-0.00023543834686279297,999.2587
0.0,-1.6567168131587096e-05,-0.00023633241653442383,999.2587
0.0,-1.6532418158021756e-05,-0.00023066997528076172,999.2587
0.0,-1.6510626664967276e-05,-0.0002333521842956543,999.2587
0.0,-1.6553121895412914e-05,-0.00023514032363891602,999.2587
0.0,-1.6503017832292244e-05,-0.00023216009140014648,999.2587
0.0,-1.6508985936525278e-05,-0.00023663043975830078,999.2587
0.0,-1.652886567171663e-05,-0.00023543834686279297,999.2587
0.0,-1.6489320842083544e-05,-0.00023424625396728516,999.2587
0.0,-1.647689896344673e-05,-0.00023066997528076172,999.2587
0.0,-1.6515361494384706e-05,-0.00023216009140014648,999.2587
0.0,-1.6452670024591498e-05,-0.00023216009140014648,999.2587
0.0,-1.641204653424211e-05,-0.00023365020751953125,999.2587
0.0,-1.6466950910398737e-05,-0.00023812055587768555,999.2587
0.0,-1.6432863048976287e-05,-0.00023365020751953125,999.2587
0.0,-1.641709968680516e-05,-0.0002333521842956543,999.2587
0.0,-1.6431184121756814e-05,-0.00023365020751953125,999.2587
0.0,-1.6424351997557096e-05,-0.00023692846298217773,999.2587
0.0,-1.642928327783011e-05,-0.0002339482307434082,999.2587
0.0,-1.6416855942225084e-05,-0.00023424625396728516,999.2587
0.0,-1.6380899978685193e-05,-0.00023633241653442383,999.2587
0.0,-1.6418784070992842e-05,-0.00023245811462402344,999.2587
0.0,-1.640476330067031e-05,-0.00023484230041503906,999.2587
0.0,-1.6358575521735474e-05,-0.00023603439331054688,999.2587
0.0,-1.6374124243156984e-05,-0.00023633241653442383,999.2587
0.0,-1.6377227439079434e-05,-0.00023216009140014648,999.2587
0.0,-1.6352041711797938e-05,-0.00023305416107177734,999.2587
0.0,-1.6333928215317428e-05,-0.00023633241653442383,999.2587
0.0,-1.636694469198119e-05,-0.00023812055587768555,999.2587
0.0,-1.6308817066601478e-05,-0.00023663043975830078,999.2587
0.0,-1.631539998925291e-05,-0.00023692846298217773,999.2587
0.0,-1.6352636521332897e-05,-0.00023752450942993164,999.2587
0.0,-1.6292160580633208e-05,-0.00024050474166870117,999.2587
0.0,-1.628389145480469e-05,-0.00023990869522094727,999.2587
0.0,-1.6301299183396623e-05,-0.00023543834686279297,999.2587
0.0,-1.6266249076579697e-05,-0.00023871660232543945,999.2587
0.0,-1.6298827176797204e-05,-0.00024020671844482422,999.2587
0.0,-1.628095196792856e-05,-0.0002384185791015625,999.2587
0.0,-1.627852543606423e-05,-0.00023663043975830078,999.2587
0.0,-1.624684409762267e-05,-0.00024050474166870117,999.2587
0.0,-1.6270321793854237e-05,-0.00023692846298217773,999.2587
0.0,-1.6255258742603473e-05,-0.00024020671844482422,999.2587
0.0,-1.6259018593700603e-05,-0.00024139881134033203,999.2587
0.0,-1.6234072973020375e-05,-0.00024020671844482422,999.2587
0.0,-1.6220154066104442e-05,-0.00023871660232543945,999.2587
0.0,-1.6208581655519083e-05,-0.0002384185791015625,999.2587
0.0,-1.6208907254622318e-05,-0.00023692846298217773,999.2587
0.0,-1.6181933460757136e-05,-0.00023663043975830078,999.2587
0.0,-1.6175647033378482e-05,-0.00024020671844482422,999.2587
0.0,-1.6195941498153843e-05,-0.0002446770668029785,999.2587
0.0,-1.6210646208492108e-05,-0.00023931264877319336,999.2587
0.0,-1.6136747944983654e-05,-0.00023752450942993164,999.2587
0.0,-1.6137331840582192e-05,-0.00024050474166870117,999.2587
0.0,-1.612933920114301e-05,-0.00024139881134033203,999.2587
0.0,-1.6135216355905868e-05,-0.0002434849739074707,999.2587
0.0,-1.614219399925787e-05,-0.00023990869522094727,999.2587
0.0,-1.6139170838869177e-05,-0.00024199485778808594,999.2587
0.0,-1.6101876099128276e-05,-0.0002428889274597168,999.2587
0.0,-1.6124102330650203e-05,-0.0002422928810119629,999.2587
0.0,-1.6125186448334716e-05,-0.00024080276489257812,999.2587
0.0,-1.6072979633463547e-05,-0.00023692846298217773,999.2587
0.0,-1.6099131244118325e-05,-0.0002390146255493164,999.2587
0.0,-1.606304431334138e-05,-0.00024110078811645508,999.2587
0.0,-1.6067542674136348e-05,-0.0002428889274597168,999.2587
0.0,-1.609575338079594e-05,-0.0002428889274597168,999.2587
0.0,-1.601668554940261e-05,-0.0002428889274597168,999.2587
0.0,-1.602285738044884e-05,-0.00023990869522094727,999.2587
0.0,-1.6077114196377806e-05,-0.00023990869522094727,999.2587
0.0,-1.6033520296332426e-05,-0.0002440810203552246,999.2587
0.0,-1.6025674995034933e-05,-0.0002452731132507324,999.2587
0.0,-1.6011777915991843e-05,-0.00024020671844482422,999.2587
0.0,-1.6020940165617503e-05,-0.0002422928810119629,999.2587
0.0,-1.6042133211158216e-05,-0.00024378299713134766,999.2587
0.0,-1.6026635421440005e-05,-0.0002428889274597168,999.2587
0.0,-1.5971774701029062e-05,-0.00024318695068359375,999.2587
0.0,-1.5940888260956854e-05,-0.0002428889274597168,999.2587
0.0,-1.6024094293243252e-05,-0.0002428889274597168,999.2587
0.0,-1.597874506842345e-05,-0.00024050474166870117,999.2587
0.0,-1.5953712136251852e-05,-0.00024020671844482422,999.2587
0.0,-1.5936948329908773e-05,-0.00024169683456420898,999.2587
0.0,-1.59613809955772e-05,-0.00024110078811645508,999.2587
0.0,-1.594376408320386e-05,-0.0002384185791015625,999.2587
0.0,-1.595330104464665e-05,-0.00024169683456420898,999.2587
0.0,-1.5930618246784434e-05,-0.0002428889274597168,999.2587
0.0,-1.587712176842615e-05,-0.00024050474166870117,999.2587
0.0,-1.5897674529696815e-05,-0.00024050474166870117,999.2587
0.0,-1.5928946595522575e-05,-0.0002422928810119629,999.2587
0.0,-1.5904046449577436e-05,-0.0002372264862060547,999.2587
0.0,-1.5845176676521078e-05,-0.00023692846298217773,999.2587
0.0,-1.5840927517274395e-05,-0.0002384185791015625,999.2587
0.0,-1.5915202311589383e-05,-0.00024199485778808594,999.2587
0.0,-1.586370126460679e-05,-0.00024110078811645508,999.2587
0.0,-1.586237885931041e-05,-0.0002422928810119629,999.2587
0.0,-1.5814581274753436e-05,-0.00024318695068359375,999.2587
0.0,-1.585163045092486e-05,-0.00024139881134033203,999.2587
0.0,-1.582213917572517e-05,-0.00024169683456420898,999.2587
0.0,-1.5847477698116563e-05,-0.0002390146255493164,999.2587
0.0,-1.5845138477743603e-05,-0.00023871660232543945,999.2587
0.0,-1.58155380631797e-05,-0.00024110078811645508,999.2587
0.0,-1.5773957784404047e-05,-0.00023931264877319336,999.2587
0.0,-1.582380173204001e-05,-0.00024199485778808594,999.2587
0.0,-1.579658237460535e-05,-0.00024437904357910156,999.2587
0.0,-1.5777977750985883e-05,-0.00024586915969848633,999.2587
0.0,-1.574815541971475e-05,-0.00024110078811645508,999.2587
0.0,-1.5801597328390926e-05,-0.00024199485778808594,999.2587
0.0,-1.5758674635435455e-05,-0.00024259090423583984,999.2587
0.0,-1.577182592882309e-05,-0.0002384185791015625,999.2587
0.0,-1.5743378753541037e-05,-0.00023692846298217773,999.2587
0.0,-1.5730814993730746e-05,-0.00023752450942993164,999.2587
0.0,-1.576975228090305e-05,-0.00023752450942993164,999.2587
0.0,-1.5764762792969123e-05,-0.00023692846298217773,999.2587
0.0,-1.5705050827818923e-05,-0.0002396106719970703,999.2587
0.0,-1.5721227100584656e-05,-0.00023752450942993164,999.2587
0.0,-1.5735209672129713e-05,-0.00023692846298217773,999.2587
0.0,-1.56779533426743e-05,-0.00023752450942993164,999.2587
0.0,-1.5745214113849215e-05,-0.0002390146255493164,999.2587
0.0,-1.5680221622460522e-05,-0.00023752450942993164,999.2587
0.0,-1.570574204379227e-05,-0.0002372264862060547,999.2587
0.0,-1.5689554857090116e-05,-0.0002390146255493164,999.2587
0.0,-1.56547666847473e-05,-0.0002384185791015625,999.2587
0.0,-1.566813989484217e-05,-0.0002384185791015625,999.2587
0.0,-1.5677109331591055e-05,-0.00024020671844482422,999.2587
0.0,-1.5639823686797172e-05,-0.00023692846298217773,999.2587
0.0,-1.5639117918908596e-05,-0.00023663043975830078,999.2587
0.0,-1.5660591088817455e-05,-0.00023871660232543945,999.2587
0.0,-1.5636629541404545e-05,-0.00023424625396728516,999.2587
0.0,-1.563253317726776e-05,-0.00023424625396728516,999.2587
0.0,-1.557764880999457e-05,-0.00023812055587768555,999.2587
0.0,-1.559580778121017e-05,-0.00023990869522094727,999.2587
0.0,-1.5611039998475462e-05,-0.00023752450942993164,999.2587
0.0,-1.5617371900589205e-05,-0.00023514032363891602,999.2587
0.0,-1.5551571777905338e-05,-0.00023365020751953125,999.2587
0.0,-1.5584948414471e-05,-0.00023216009140014648,999.2587
0.0,-1.5550123862340115e-05,-0.00023365020751953125,999.2587
0.0,-1.5557090591755696e-05,-0.00023543834686279297,999.2587
0.0,-1.555363087391015e-05,-0.00024318695068359375,999.2587
0.0,-1.559202246426139e-05,-0.0002390146255493164,999.2587
0.0,-1.5538329535047524e-05,-0.00023424625396728516,999.2587
0.0,-1.5534098565694876e-05,-0.00023663043975830078,999.2587
0.0,-1.551765853946563e-05,-0.00023663043975830078,999.2587
0.0,-1.5518786312895827e-05,-0.00023603439331054688,999.2587
0.0,-1.552930916659534e-05,-0.00023424625396728516,999.2587
0.0,-1.5559009625576437e-05,-0.00023573637008666992,999.2587
0.0,-1.5484896721318364e-05,-0.0002327561378479004,999.2587
0.0,-1.5509776858380064e-05,-0.0002345442771911621,999.2587
0.0,-1.548155523778405e-05,-0.0002345442771911621,999.2587
0.0,-1.549243097542785e-05,-0.00023126602172851562,999.2587
0.0,-1.545432496641297e-05,-0.00022977590560913086,999.2587
0.0,-1.5454907043022104e-05,-0.0002339482307434082,999.2587
0.0,-1.5451778381248005e-05,-0.0002378225326538086,999.2587
0.0,-1.5488220014958642e-05,-0.0002345442771911621,999.2587
0.0,-1.542944482935127e-05,-0.00022679567337036133,999.2587
0.0,-1.543649887025822e-05,-0.0002282857894897461,999.2587
0.0,-1.5416335372719914e-05,-0.00023543834686279297,999.2587
0.0,-1.5457440895261243e-05,-0.00024080276489257812,999.2587
0.0,-1.5429586710524745e-05,-0.0002372264862060547,999.2587
0.0,-1.542332029202953e-05,-0.00023245811462402344,999.2587
0.0,-1.538915603305213e-05,-0.00023484230041503906,999.2587
0.0,-1.5378935131593607e-05,-0.00023692846298217773,999.2587
0.0,-1.5410332707688212e-05,-0.00023812055587768555,999.2587
0.0,-1.5412102584377863e-05,-0.00023812055587768555,999.2587
0.0,-1.5354547940660268e-05,-0.00023543834686279297,999.2587
0.0,-1.5339344827225432e-05,-0.00023484230041503906,999.2587
0.0,-1.5345311112469062e-05,-0.0002372264862060547,999.2587
0.0,-1.5344929124694318e-05,-0.00023692846298217773,999.2587
0.0,-1.5342726328526624e-05,-0.00023126602172851562,999.2587
0.0,-1.5361898476839997e-05,-0.00023990869522094727,999.2587
0.0,-1.532739042886533e-05,-0.00024080276489257812,999.2587
0.0,-1.5317687939386815e-05,-0.00023573637008666992,999.2587
0.0,-1.534688453830313e-05,-0.00023812055587768555,999.2587
0.0,-1.531744965177495e-05,-0.0002384185791015625,999.2587
0.0,-1.5297271602321416e-05,-0.0002384185791015625,999.2587
0.0,-1.5301200619433075e-05,-0.00023871660232543945,999.2587
0.0,-1.5310917660826817e-05,-0.00023752450942993164,999.2587
0.0,-1.531690577394329e-05,-0.0002378225326538086,999.2587
0.0,-1.5274034012691118e-05,-0.00023603439331054688,999.2587
0.0,-1.5258972780429758e-05,-0.00023543834686279297,999.2587
0.0,-1.5256279766617808e-05,-0.00023931264877319336,999.2587
0.0,-1.5308571164496243e-05,-0.00023871660232543945,999.2587
0.0,-1.5277555576176383e-05,-0.00024139881134033203,999.2587
0.0,-1.5254347999871243e-05,-0.0002378225326538086,999.2587
0.0,-1.5262341548805125e-05,-0.0002384185791015625,999.2587
0.0,-1.5256587175827008e-05,-0.00024646520614624023,999.2587
0.0,-1.5232928490149789e-05,-0.0002428889274597168,999.2587
0.0,-1.5201274436549284e-05,-0.00024139881134033203,999.2587
0.0,-1.5254880963766482e-05,-0.00024139881134033203,999.2587
0.0,-1.5172752682701685e-05,-0.0002390146255493164,999.2587
0.0,-1.5189732039289083e-05,-0.00023871660232543945,999.2587
0.0,-1.5193548279057723e-05,-0.00024318695068359375,999.2587
0.0,-1.5255622201948427e-05,-0.0002446770668029785,999.2587
0.0,-1.5183381947281305e-05,-0.0002422928810119629,999.2587
0.0,-1.5152416381170042e-05,-0.00024110078811645508,999.2587
0.0,-1.519305442343466e-05,-0.0002440810203552246,999.2587
0.0,-1.5190960766631179e-05,-0.00024437904357910156,999.2587
0.0,-1.5151408661040477e-05,-0.0002428889274597168,999.2587
0.0,-1.5118653209356125e-05,-0.0002434849739074707,999.2587
0.0,-1.5132409316720441e-05,-0.00024646520614624023,999.2587
0.0,-1.5151619663811289e-05,-0.00024586915969848633,999.2587
0.0,-1.5160496332100593e-05,-0.0002440810203552246,999.2587
0.0,-1.5104693375178613e-05,-0.00024497509002685547,999.2587
0.0,-1.509076901129447e-05,-0.0002452731132507324,999.2587
0.0,-1.5098990843398497e-05,-0.00024437904357910156,999.2587
0.0,-1.5118720511964057e-05,-0.00024706125259399414,999.2587
0.0,-1.5110328604350798e-05,-0.00024944543838500977,999.2587
0.0,-1.513976530986838e-05,-0.00025004148483276367,999.2587
0.0,-1.5051844457047991e-05,-0.0002452731132507324,999.2587
0.0,-1.5076317140483297e-05,-0.00024169683456420898,999.2587
0.0,-1.5051442460389808e-05,-0.0002434849739074707,999.2587
0.0,-1.5108438674360514e-05,-0.00024318695068359375,999.2587
0.0,-1.5078163414727896e-05,-0.0002473592758178711,999.2587
0.0,-1.5073036593094002e-05,-0.00024437904357910156,999.2587
0.0,-1.5003198313934263e-05,-0.0002446770668029785,999.2587
0.0,-1.5046643966343254e-05,-0.00024586915969848633,999.2587
0.0,-1.5074248040036764e-05,-0.00024586915969848633,999.2587
0.0,-1.5052990420372225e-05,-0.00024497509002685547,999.2587
0.0,-1.5000266103015747e-05,-0.00024437904357910156,999.2587
0.0,-1.5018241356301587e-05,-0.0002452731132507324,999.2587
0.0,-1.5033027921163011e-05,-0.0002440810203552246,999.2587
0.0,-1.5035792785056401e-05,-0.0002446770668029785,999.2587
0.0,-1.5019550119177438e-05,-0.0002440810203552246,999.2587
0.0,-1.4980254491092637e-05,-0.00024497509002685547,999.2587
0.0,-1.5006340618128888e-05,-0.00024437904357910156,999.2587
0.0,-1.4992025171522982e-05,-0.0002428889274597168,999.2587
0.0,-1.4932422345736995e-05,-0.00024139881134033203,999.2587
0.0,-1.4961056876927614e-05,-0.0002452731132507324,999.2587
0.0,-1.4988548173278105e-05,-0.00024765729904174805,999.2587
0.0,-1.4979934348957613e-05,-0.0002455711364746094,999.2587
0.0,-1.4934367754904088e-05,-0.00024139881134033203,999.2587
0.0,-1.491557850386016e-05,-0.0002384185791015625,999.2587
0.0,-1.493511808803305e-05,-0.00024050474166870117,999.2587
0.0,-1.4940029359422624e-05,-0.00023990869522094727,999.2587
0.0,-1.491609145887196e-05,-0.0002372264862060547,999.2587
0.0,-1.4853289940219838e-05,-0.0002372264862060547,999.2587
0.0,-1.4908770026522689e-05,-0.00023931264877319336,999.2587
0.0,-1.492416049586609e-05,-0.0002384185791015625,999.2587
0.0,-1.4894390005792957e-05,-0.0002390146255493164,999.2587
0.0,-1.486188375565689e-05,-0.0002372264862060547,999.2587
0.0,-1.4859615475870669e-05,-0.00023931264877319336,999.2587
0.0,-1.4916365216777194e-05,-0.00023990869522094727,999.2587
0.0,-1.491487546445569e-05,-0.00024080276489257812,999.2587
0.0,-1.4841756637906656e-05,-0.0002384185791015625,999.2587
0.0,-1.4869616279611364e-05,-0.00023871660232543945,999.2587
0.0,-1.4882440154906362e-05,-0.00024139881134033203,999.2587
0.0,-1.4859239854558837e-05,-0.00023871660232543945,999.2587
0.0,-1.4825257494521793e-05,-0.00023543834686279297,999.2587
0.0,-1.4834245121164713e-05,-0.00023633241653442383,999.2587
0.0,-1.4835612091701478e-05,-0.00023692846298217773,999.2587
0.0,-1.4832081433269195e-05,-0.00023692846298217773,999.2587
0.0,-1.483555661252467e-05,-0.0002422928810119629,999.2587
0.0,-1.4810692846367601e-05,-0.00023990869522094727,999.2587
0.0,-1.4803326848777942e-05,-0.00023514032363891602,999.2587
0.0,-1.4811188520980068e-05,-0.0002378225326538086,999.2587
0.0,-1.4819127500231843e-05,-0.00023424625396728516,999.2587
0.0,-1.4792561159993056e-05,-0.00023692846298217773,999.2587
0.0,-1.4807033039687667e-05,-0.00023931264877319336,999.2587
0.0,-1.473994598200079e-05,-0.00024080276489257812,999.2587
0.0,-1.4763020772079471e-05,-0.00024020671844482422,999.2587
0.0,-1.4764422303414904e-05,-0.00024050474166870117,999.2587
0.0,-1.4772257600270677e-05,-0.00024199485778808594,999.2587
0.0,-1.4777637261431664e-05,-0.00024259090423583984,999.2587
0.0,-1.4763721082999837e-05,-0.00024080276489257812,999.2587
0.0,-1.4755099982721731e-05,-0.0002440810203552246,999.2587
0.0,-1.4774706869502552e-05,-0.00024318695068359375,999.2587
0.0,-1.4750396076124161e-05,-0.00024050474166870117,999.2587
0.0,-1.4724349966854788e-05,-0.00024169683456420898,999.2587
0.0,-1.4738113350176718e-05,-0.00023990869522094727,999.2587
0.0,-1.4696727703267243e-05,-0.0002428889274597168,999.2587
0.0,-1.4734770957147703e-05,-0.0002440810203552246,999.2587
0.0,-1.4741574887011666e-05,-0.0002378225326538086,999.2587
0.0,-1.4660595297755208e-05,-0.00023692846298217773,999.2587
0.0,-1.4700242900289595e-05,-0.00023573637008666992,999.2587
0.0,-1.471516316087218e-05,-0.00023305416107177734,999.2587
0.0,-1.4692860531795304e-05,-0.00023692846298217773,999.2587
0.0,-1.4641512279922608e-05,-0.0002384185791015625,999.2587
0.0,-1.4680968888569623e-05,-0.0002372264862060547,999.2587
0.0,-1.4665560229332186e-05,-0.00023514032363891602,999.2587
0.0,-1.4616090993513353e-05,-0.00023692846298217773,999.2587
0.0,-1.464626348024467e-05,-0.0002372264862060547,999.2587
0.0,-1.4668487892777193e-05,-0.00023871660232543945,999.2587
0.0,-1.4653887774329633e-05,-0.0002396106719970703,999.2587
