healthy,ctrl,forward,cumulative
0.0,-0.8400931358337402,-0.07034723460674286,719.1954
0.0,-1.0501525402069092,-0.27454066276550293,719.1954
0.0,-1.4184455871582031,-0.3871392607688904,719.1954
0.0,-2.0200235843658447,-0.19178591668605804,719.1954
0.0,-1.8596349954605103,-0.5943814516067505,719.1954
0.0,-1.4178040027618408,-0.4440183937549591,719.1954
0.0,-1.1323148012161255,-0.07310286164283752,719.1954
0.0,-0.9351977705955505,0.018610656261444092,719.1954
0.0,-1.1002180576324463,-0.10586127638816833,719.1954
0.0,-1.3653435707092285,0.2515852451324463,719.1954
0.0,-1.4326894283294678,0.5918774008750916,719.1954
0.0,-1.4560743570327759,1.0903120040893555,719.1954
0.0,-1.3017429113388062,1.172349452972412,719.1954
0.0,-1.1448016166687012,1.1257305145263672,719.1954
0.0,-0.9909973740577698,1.41044282913208,719.1954
0.0,-0.7826327085494995,1.1827232837677002,719.1954
0.0,-0.9612138867378235,1.2238361835479736,719.1954
0.0,-0.9941327571868896,1.0429811477661133,719.1954
0.0,-0.9107829332351685,0.9157365560531616,719.1954
0.0,-1.0492722988128662,0.8252310752868652,719.1954
0.0,-1.3498363494873047,0.7063204050064087,719.1954
0.0,-1.3767049312591553,0.38991987705230713,719.1954
0.0,-1.4174690246582031,0.7159155607223511,719.1954
0.0,-1.3555312156677246,0.7452738285064697,719.1954
0.0,-1.026686429977417,0.7702851295471191,719.1954
0.0,-0.9786252975463867,0.9193217754364014,719.1954
0.0,-1.213280439376831,1.0533392429351807,719.1954
0.0,-1.1241236925125122,1.0822415351867676,719.1954
0.0,-1.111653447151184,1.177198886871338,719.1954
0.0,-1.1693264245986938,1.5754973888397217,719.1954
0.0,-0.91557776927948,1.402357816696167,719.1954
0.0,-1.079028606414795,1.423652172088623,719.1954
0.0,-1.0297775268554688,1.4382123947143555,719.1954
0.0,-1.0521061420440674,1.431283950805664,719.1954
0.0,-1.2517147064208984,1.2851691246032715,719.1954
0.0,-0.8972791433334351,1.493360996246338,719.1954
0.0,-0.8005950450897217,1.6591501235961914,719.1954
0.0,-1.1028133630752563,1.654207706451416,719.1954
0.0,-1.3621264696121216,1.2804818153381348,719.1954
0.0,-1.2725446224212646,0.8858251571655273,719.1954
0.0,-1.1540412902832031,0.7992196083068848,719.1954
0.0,-1.0214930772781372,0.7199835777282715,719.1954
0.0,-0.9213040471076965,0.5945134162902832,719.1954
0.0,-0.8965051174163818,0.6774234771728516,719.1954
0.0,-0.9485855102539062,0.5471992492675781,719.1954
0.0,-1.0624887943267822,0.2884960174560547,719.1954
0.0,-1.3301892280578613,-0.023956298828125,719.1954
0.0,-1.1899352073669434,0.05093574523925781,719.1954
0.0,-1.1773698329925537,0.4071331024169922,719.1954
0.0,-1.360860824584961,0.5476641654968262,719.1954
0.0,-1.2708721160888672,0.6402087211608887,719.1954
0.0,-1.3932862281799316,0.9729123115539551,719.1954
0.0,-1.3798054456710815,1.168675422668457,719.1954
0.0,-1.0879992246627808,1.537308692932129,719.1954
0.0,-1.2209539413452148,1.5772724151611328,719.1954
0.0,-1.178929328918457,1.5286970138549805,719.1954
0.0,-1.19479501247406,1.4239835739135742,719.1954
0.0,-0.9679878354072571,1.219635009765625,719.1954
0.0,-1.0768877267837524,1.0431909561157227,719.1954
0.0,-1.243645191192627,0.574955940246582,719.1954
0.0,-1.2125837802886963,0.4872322082519531,719.1954
0.0,-1.036058783531189,0.4822969436645508,719.1954
0.0,-1.093813180923462,0.5852985382080078,719.1954
0.0,-0.956628143787384,0.7089042663574219,719.1954
0.0,-1.1984760761260986,0.7347631454467773,719.1954
0.0,-1.29356849193573,0.7205486297607422,719.1954
0.0,-0.9485917091369629,0.554046630859375,719.1954
0.0,-1.0868537425994873,0.5919027328491211,719.1954
0.0,-1.3547042608261108,0.5689573287963867,719.1954
0.0,-1.2322335243225098,0.5970907211303711,719.1954
0.0,-1.2217117547988892,0.6400775909423828,719.1954
0.0,-1.192293405532837,0.86822509765625,719.1954
0.0,-1.110425591468811,0.8839511871337891,719.1954
0.0,-1.2843302488327026,0.839691162109375,719.1954
0.0,-1.151449203491211,1.0337162017822266,719.1954
0.0,-0.9096846580505371,1.1246967315673828,719.1954
0.0,-1.088654637336731,1.0628700256347656,719.1954
0.0,-0.9179091453552246,1.2558412551879883,719.1954
0.0,-1.2059016227722168,1.563410758972168,719.1954
0.0,-1.2622430324554443,0.9597873687744141,719.1954
0.0,-0.9474566578865051,0.7300376892089844,719.1954
0.0,-1.2060673236846924,0.7167530059814453,719.1954
0.0,-1.2165679931640625,0.3309059143066406,719.1954
0.0,-1.2293440103530884,0.17301559448242188,719.1954
0.0,-1.2230548858642578,0.2551555633544922,719.1954
0.0,-1.1667507886886597,0.3145408630371094,719.1954
0.0,-1.6380313634872437,0.7177925109863281,719.1954
0.0,-1.3550689220428467,1.42181396484375,719.1954
0.0,-1.122215986251831,1.5048885345458984,719.1954
0.0,-0.953835666179657,1.465153694152832,719.1954
0.0,-0.9565433263778687,1.8519210815429688,719.1954
0.0,-1.0687918663024902,1.8695688247680664,719.1954
0.0,-0.9851330518722534,1.6265678405761719,719.1954
0.0,-0.9803456664085388,1.5514516830444336,719.1954
0.0,-0.9367308020591736,1.6527414321899414,719.1954
0.0,-1.2734040021896362,1.1586570739746094,719.1954
0.0,-1.4941215515136719,0.6243801116943359,719.1954
0.0,-1.148400902748108,0.7351016998291016,719.1954
0.0,-1.3071810007095337,0.9505653381347656,719.1954
0.0,-1.2104929685592651,1.4266014099121094,719.1954
0.0,-1.165709137916565,1.2371540069580078,719.1954
0.0,-1.1171313524246216,1.2044906616210938,719.1954
0.0,-1.0858333110809326,1.266632080078125,719.1954
0.0,-0.9307379722595215,1.017618179321289,719.1954
0.0,-0.8888444900512695,1.0639762878417969,719.1954
0.0,-0.9409381151199341,0.9094333648681641,719.1954
0.0,-1.5843358039855957,0.5296516418457031,719.1954
0.0,-1.3337534666061401,-0.19823074340820312,719.1954
0.0,-1.0461393594741821,0.057506561279296875,719.1954
0.0,-1.2237238883972168,0.8042621612548828,719.1954
0.0,-1.3864948749542236,0.9658145904541016,719.1954
0.0,-1.2823086977005005,1.1414718627929688,719.1954
0.0,-1.3801501989364624,1.0886764526367188,719.1954
0.0,-1.1180024147033691,0.9705352783203125,719.1954
0.0,-1.2140874862670898,1.0003185272216797,719.1954
0.0,-1.133251667022705,0.8727741241455078,719.1954
0.0,-1.1856671571731567,0.7323932647705078,719.1954
0.0,-1.2580373287200928,0.8606433868408203,719.1954
0.0,-1.124973177909851,1.1126232147216797,719.1954
0.0,-1.4011404514312744,1.0315895080566406,719.1954
0.0,-1.3347768783569336,1.4173316955566406,719.1954
0.0,-1.272953748703003,1.342916488647461,719.1954
0.0,-1.3202598094940186,1.1121082305908203,719.1954
0.0,-1.0208454132080078,0.979156494140625,719.1954
0.0,-1.0483086109161377,1.0251808166503906,719.1954
0.0,-1.1874767541885376,1.0531997680664062,719.1954
0.0,-1.0864063501358032,1.3043785095214844,719.1954
0.0,-0.9699817299842834,1.2646865844726562,719.1954
0.0,-1.3725106716156006,0.5387020111083984,719.1954
0.0,-1.4857083559036255,0.4888439178466797,719.1954
0.0,-1.1236635446548462,0.24389266967773438,719.1954
0.0,-0.9461874961853027,0.2057933807373047,719.1954
0.0,-0.9702677726745605,0.5522346496582031,719.1954
0.0,-1.5343685150146484,0.3781700134277344,719.1954
0.0,-1.586641550064087,-0.09677886962890625,719.1954
0.0,-1.355789303779602,-0.16881942749023438,719.1954
0.0,-1.1953283548355103,-0.05145072937011719,719.1954
0.0,-1.1447402238845825,-0.10507583618164062,719.1954
0.0,-1.0147780179977417,-0.09978294372558594,719.1954
0.0,-1.2315117120742798,0.16892433166503906,719.1954
0.0,-1.2400346994400024,0.6209850311279297,719.1954
0.0,-1.4280952215194702,0.6009483337402344,719.1954
0.0,-1.4336297512054443,0.5417060852050781,719.1954
0.0,-1.6871610879898071,0.4611778259277344,719.1954
0.0,-0.9838672280311584,0.2593708038330078,719.1954
0.0,-1.0417879819869995,-0.0603485107421875,719.1954
0.0,-1.0383720397949219,-0.11794090270996094,719.1954
0.0,-0.9039402604103088,0.15535354614257812,719.1954
0.0,-1.0486301183700562,0.2537822723388672,719.1954
0.0,-1.0667791366577148,0.28186798095703125,719.1954
0.0,-0.9769337177276611,0.08248329162597656,719.1954
0.0,-1.0705146789550781,-0.07852554321289062,719.1954
0.0,-1.1628804206848145,0.17905235290527344,719.1954
0.0,-1.5675066709518433,0.38634300231933594,719.1954
0.0,-1.3365994691848755,-0.17457962036132812,719.1954
0.0,-1.3703932762145996,-0.12208938598632812,719.1954
0.0,-1.0073046684265137,0.5490398406982422,719.1954
0.0,-1.3217997550964355,0.87005615234375,719.1954
0.0,-1.285231113433838,0.6594753265380859,719.1954
0.0,-0.9410669803619385,0.40348052978515625,719.1954
0.0,-1.3639062643051147,0.41321754455566406,719.1954
0.0,-1.2094769477844238,0.5039882659912109,719.1954
0.0,-1.1993402242660522,0.088653564453125,719.1954
0.0,-1.2021770477294922,-0.07233619689941406,719.1954
0.0,-1.1997489929199219,0.1966381072998047,719.1954
0.0,-1.6308040618896484,0.13944625854492188,719.1954
0.0,-1.3469109535217285,0.1010894775390625,719.1954
0.0,-0.9478425979614258,0.0432586669921875,719.1954
0.0,-0.9327392578125,-0.02246856689453125,719.1954
0.0,-0.9290960431098938,0.21294593811035156,719.1954
0.0,-1.4411613941192627,0.3404426574707031,719.1954
0.0,-1.0345594882965088,0.1557159423828125,719.1954
0.0,-1.101046085357666,0.06850242614746094,719.1954
0.0,-0.9601460695266724,-0.07796287536621094,719.1954
0.0,-0.8951491713523865,0.5329990386962891,719.1954
0.0,-1.4133517742156982,0.9047889709472656,719.1954
0.0,-1.0604182481765747,1.00250244140625,719.1954
0.0,-1.2394965887069702,0.6534576416015625,719.1954
0.0,-1.1663837432861328,0.5608177185058594,719.1954
0.0,-1.142560362815857,0.7660007476806641,719.1954
0.0,-1.218244194984436,1.2348270416259766,719.1954
0.0,-1.123664379119873,1.5209197998046875,719.1954
0.0,-1.1180872917175293,1.6135406494140625,719.1954
0.0,-1.2152211666107178,1.5122222900390625,719.1954
0.0,-0.9199243783950806,1.3980865478515625,719.1954
0.0,-0.9517766833305359,1.39923095703125,719.1954
0.0,-1.364232063293457,1.2326431274414062,719.1954
0.0,-1.1680974960327148,0.6244182586669922,719.1954
0.0,-1.2096055746078491,0.0051021575927734375,719.1954
0.0,-1.242600679397583,-0.14192581176757812,719.1954
0.0,-0.933154284954071,-0.2952766418457031,719.1954
0.0,-1.0321745872497559,-0.3393268585205078,719.1954
0.0,-1.1588224172592163,-0.3054618835449219,719.1954
0.0,-1.3408424854278564,0.08081436157226562,719.1954
0.0,-1.750687599182129,0.35040855407714844,719.1954
0.0,-1.4338974952697754,0.18346786499023438,719.1954
0.0,-1.3719656467437744,0.07809638977050781,719.1954
0.0,-1.070723056793213,0.028896331787109375,719.1954
0.0,-1.1533088684082031,0.3316307067871094,719.1954
0.0,-1.3246341943740845,1.2079620361328125,719.1954
0.0,-1.0399086475372314,1.3286781311035156,719.1954
0.0,-1.0895437002182007,1.307382583618164,719.1954
0.0,-1.5215743780136108,1.2415218353271484,719.1954
0.0,-1.244436264038086,1.2100028991699219,719.1954
0.0,-0.9550615549087524,1.1569499969482422,719.1954
0.0,-1.3460407257080078,1.1596202850341797,719.1954
0.0,-1.2930798530578613,1.0613727569580078,719.1954
0.0,-0.897061288356781,1.2790775299072266,719.1954
0.0,-0.9662969708442688,1.4076423645019531,719.1954
0.0,-0.9988751411437988,1.4728164672851562,719.1954
0.0,-1.1127427816390991,1.6640853881835938,719.1954
0.0,-0.9583750367164612,1.5449905395507812,719.1954
0.0,-1.0241535902023315,1.2400054931640625,719.1954
0.0,-1.2496974468231201,0.9753131866455078,719.1954
0.0,-1.255531907081604,0.815277099609375,719.1954
0.0,-1.235816478729248,0.7081794738769531,719.1954
0.0,-1.3219215869903564,1.1768245697021484,719.1954
0.0,-1.5621581077575684,1.2489604949951172,719.1954
0.0,-1.6177047491073608,1.2092971801757812,719.1954
0.0,-1.325284481048584,1.1748123168945312,719.1954
0.0,-1.396531343460083,0.4387855529785156,719.1954
0.0,-1.0192608833312988,0.2922821044921875,719.1954
0.0,-1.3362089395523071,0.11350631713867188,719.1954
0.0,-1.175521969795227,-0.01667022705078125,719.1954
0.0,-1.198639154434204,0.6505775451660156,719.1954
0.0,-1.2364811897277832,1.1115074157714844,719.1954
0.0,-1.4455385208129883,1.3597488403320312,719.1954
0.0,-1.322648525238037,1.7111968994140625,719.1954
0.0,-1.025999903678894,1.4210319519042969,719.1954
0.0,-1.224214792251587,1.2882614135742188,719.1954
0.0,-1.3246829509735107,1.1944007873535156,719.1954
0.0,-1.3590011596679688,1.3649559020996094,719.1954
0.0,-1.0594741106033325,1.7397117614746094,719.1954
0.0,-0.9773037433624268,1.95953369140625,719.1954
0.0,-1.3635494709014893,2.157268524169922,719.1954
0.0,-1.3625273704528809,2.4080657958984375,719.1954
0.0,-1.147656798362732,2.2267723083496094,719.1954
0.0,-1.5424755811691284,1.4999580383300781,719.1954
0.0,-1.25209641456604,1.2713813781738281,719.1954
0.0,-1.4473761320114136,1.010284423828125,719.1954
0.0,-1.1355383396148682,1.0106849670410156,719.1954
0.0,-1.3248918056488037,1.1401939392089844,719.1954
0.0,-1.2630447149276733,1.0756301879882812,719.1954
0.0,-0.9904935359954834,0.8829307556152344,719.1954
0.0,-0.9159658551216125,0.842742919921875,719.1954
0.0,-1.0814175605773926,0.8199882507324219,719.1954
0.0,-1.510176181793213,0.64453125,719.1954
0.0,-1.5353362560272217,0.18140792846679688,719.1954
0.0,-1.6346255540847778,-0.2916145324707031,719.1954
0.0,-1.6189401149749756,-0.36548614501953125,719.1954
0.0,-1.5460116863250732,-0.2643585205078125,719.1954
0.0,-1.660757064819336,-0.443267822265625,719.1954
0.0,-1.57338285446167,-0.454254150390625,719.1954
0.0,-1.642103672027588,-0.6893157958984375,719.1954
0.0,-1.3778764009475708,-0.6866836547851562,719.1954
0.0,-1.3288204669952393,-0.007762908935546875,719.1954
0.0,-1.1065000295639038,0.6163215637207031,719.1954
0.0,-1.2352023124694824,0.3905487060546875,719.1954
0.0,-1.3939815759658813,0.5713653564453125,719.1954
0.0,-1.3324625492095947,0.7859230041503906,719.1954
0.0,-0.9542375802993774,0.6926918029785156,719.1954
0.0,-1.1761505603790283,0.7032012939453125,719.1954
0.0,-1.1970767974853516,0.40897369384765625,719.1954
0.0,-1.0004918575286865,0.19575119018554688,719.1954
0.0,-1.2131778001785278,0.052509307861328125,719.1954
0.0,-1.3700637817382812,0.2876472473144531,719.1954
0.0,-1.2043263912200928,0.26638031005859375,719.1954
0.0,-0.9210175275802612,0.17290115356445312,719.1954
0.0,-1.0334893465042114,0.20112991333007812,719.1954
0.0,-1.2762527465820312,0.8591079711914062,719.1954
0.0,-1.260457158088684,1.3959312438964844,719.1954
0.0,-0.9920511841773987,1.5508651733398438,719.1954
0.0,-0.9193682670593262,2.1530532836914062,719.1954
0.0,-1.19802987575531,2.281627655029297,719.1954
0.0,-0.9661704301834106,1.9674301147460938,719.1954
0.0,-0.9660077095031738,1.8451309204101562,719.1954
0.0,-0.9432443976402283,1.7459487915039062,719.1954
0.0,-1.0208492279052734,1.5209388732910156,719.1954
0.0,-1.1252058744430542,0.99761962890625,719.1954
0.0,-1.0407475233078003,0.4175567626953125,719.1954
0.0,-1.1283303499221802,0.0555419921875,719.1954
0.0,-1.2306749820709229,0.00804901123046875,719.1954
0.0,-1.0329489707946777,-0.01094818115234375,719.1954
0.0,-1.053017020225525,0.10595321655273438,719.1954
0.0,-1.2686290740966797,0.23189544677734375,719.1954
0.0,-1.3717055320739746,0.22684097290039062,719.1954
0.0,-1.0989733934402466,0.2594184875488281,719.1954
0.0,-1.03203547000885,0.18625259399414062,719.1954
0.0,-0.9167417287826538,0.10747909545898438,719.1954
0.0,-0.9310663342475891,0.15127182006835938,719.1954
0.0,-1.160978078842163,0.4976654052734375,719.1954
0.0,-1.1191468238830566,0.9737396240234375,719.1954
0.0,-1.1336452960968018,0.19765853881835938,719.1954
0.0,-1.154062271118164,0.3522491455078125,719.1954
0.0,-0.8724454045295715,0.7413291931152344,719.1954
0.0,-0.8832420706748962,0.7940864562988281,719.1954
0.0,-1.011995553970337,0.9954833984375,719.1954
0.0,-1.2609025239944458,1.5330314636230469,719.1954
0.0,-1.2460691928863525,1.5134811401367188,719.1954
0.0,-1.0780643224716187,1.3157272338867188,719.1954
0.0,-1.2586859464645386,1.5153312683105469,719.1954
0.0,-0.9024493098258972,1.4771461486816406,719.1954
0.0,-1.0185106992721558,1.3011741638183594,719.1954
0.0,-1.0761429071426392,1.2217903137207031,719.1954
0.0,-1.035006046295166,1.382293701171875,719.1954
0.0,-0.9106208086013794,1.3159370422363281,719.1954
0.0,-1.2822068929672241,1.3549995422363281,719.1954
0.0,-1.4849696159362793,1.2640571594238281,719.1954
0.0,-1.334147572517395,1.254730224609375,719.1954
0.0,-1.7246969938278198,1.1822319030761719,719.1954
0.0,-1.3666998147964478,1.0508918762207031,719.1954
0.0,-1.290419340133667,0.9269905090332031,719.1954
0.0,-1.1289520263671875,0.9461402893066406,719.1954
0.0,-0.9313784837722778,0.8423614501953125,719.1954
0.0,-0.9450486302375793,0.7442665100097656,719.1954
0.0,-1.3447978496551514,0.55755615234375,719.1954
0.0,-1.535858154296875,0.10395050048828125,719.1954
0.0,-1.2979557514190674,-0.035648345947265625,719.1954
0.0,-0.996589183807373,0.2787590026855469,719.1954
0.0,-1.344353437423706,0.5304527282714844,719.1954
0.0,-1.1043949127197266,0.7114601135253906,719.1954
0.0,-1.1514699459075928,1.1031341552734375,719.1954
0.0,-0.9675291776657104,1.1941909790039062,719.1954
0.0,-0.8174831867218018,0.9422111511230469,719.1954
0.0,-0.9197084903717041,0.8503341674804688,719.1954
0.0,-1.1125969886779785,0.9136390686035156,719.1954
0.0,-1.0012743473052979,0.7306671142578125,719.1954
0.0,-0.6987953782081604,0.569610595703125,719.1954
0.0,-1.2787184715270996,0.3307914733886719,719.1954
0.0,-1.4366419315338135,0.21450042724609375,719.1954
0.0,-1.0503695011138916,-0.11564254760742188,719.1954
0.0,-1.7507270574569702,-0.03276824951171875,719.1954
0.0,-1.2508900165557861,-0.03307342529296875,719.1954
0.0,-1.332005262374878,-0.18829345703125,719.1954
0.0,-1.0332852602005005,-0.19178390502929688,719.1954
0.0,-1.2856277227401733,0.29621124267578125,719.1954
0.0,-1.0565178394317627,0.4205513000488281,719.1954
0.0,-1.2022753953933716,0.4051399230957031,719.1954
0.0,-1.378350853919983,0.3143310546875,719.1954
0.0,-1.3043200969696045,0.16735076904296875,719.1954
0.0,-1.2575280666351318,0.19216537475585938,719.1954
0.0,-1.4344191551208496,0.012969970703125,719.1954
0.0,-1.390566349029541,0.1546478271484375,719.1954
0.0,-1.1805540323257446,0.6528663635253906,719.1954
0.0,-1.2013071775436401,0.9070968627929688,719.1954
0.0,-1.6164608001708984,1.000213623046875,719.1954
0.0,-0.9960156083106995,1.1447906494140625,719.1954
0.0,-0.9888071417808533,1.0624313354492188,719.1954
0.0,-0.9261406660079956,1.037750244140625,719.1954
0.0,-0.9226115942001343,1.0265731811523438,719.1954
0.0,-0.9875161051750183,1.0750961303710938,719.1954
0.0,-0.9671013355255127,1.1768722534179688,719.1954
0.0,-0.9833570718765259,1.2766838073730469,719.1954
0.0,-1.3217568397521973,0.6392288208007812,719.1954
0.0,-1.0361056327819824,-0.11241912841796875,719.1954
0.0,-0.9656296968460083,-0.34236907958984375,719.1954
0.0,-1.1031509637832642,0.2564239501953125,719.1954
0.0,-1.2130452394485474,0.8206558227539062,719.1954
0.0,-1.2568918466567993,0.8985710144042969,719.1954
0.0,-1.1264715194702148,0.8925437927246094,719.1954
0.0,-0.9113936424255371,0.8845329284667969,719.1954
0.0,-1.2382755279541016,0.5974388122558594,719.1954
0.0,-1.0801048278808594,0.5436325073242188,719.1954
0.0,-1.2438995838165283,0.7110595703125,719.1954
0.0,-1.0286633968353271,0.8209228515625,719.1954
0.0,-1.0380784273147583,0.9818267822265625,719.1954
0.0,-0.9965408444404602,0.7124519348144531,719.1954
0.0,-1.2631452083587646,0.24370193481445312,719.1954
0.0,-1.1895256042480469,0.3028678894042969,719.1954
0.0,-1.2673349380493164,0.23382186889648438,719.1954
0.0,-1.3544015884399414,0.5930709838867188,719.1954
0.0,-1.3101763725280762,1.206817626953125,719.1954
0.0,-1.6218345165252686,1.2116241455078125,719.1954
0.0,-1.451609492301941,1.1247444152832031,719.1954
0.0,-1.3587424755096436,1.0331535339355469,719.1954
0.0,-1.3479492664337158,0.8230400085449219,719.1954
0.0,-0.9841057658195496,0.5458259582519531,719.1954
0.0,-1.1968657970428467,0.5316734313964844,719.1954
0.0,-1.210005283355713,0.6781578063964844,719.1954
0.0,-1.1829358339309692,0.5322265625,719.1954
0.0,-1.2581591606140137,0.3650474548339844,719.1954
0.0,-1.200462818145752,0.19765853881835938,719.1954
0.0,-1.0382455587387085,0.6715583801269531,719.1954
0.0,-1.5461101531982422,0.7382392883300781,719.1954
0.0,-1.4950329065322876,0.5744552612304688,719.1954
0.0,-1.3462185859680176,0.9006500244140625,719.1954
0.0,-1.149115800857544,0.5738258361816406,719.1954
0.0,-1.2223966121673584,0.6107902526855469,719.1954
0.0,-0.9373460412025452,0.6369972229003906,719.1954
0.0,-1.120888113975525,0.8390045166015625,719.1954
0.0,-1.0279717445373535,0.8489608764648438,719.1954
0.0,-1.171862244606018,0.6757926940917969,719.1954
0.0,-1.4294307231903076,0.7510948181152344,719.1954
0.0,-1.2628003358840942,0.5599021911621094,719.1954
0.0,-1.168602466583252,0.4388999938964844,719.1954
0.0,-1.2247834205627441,1.2483596801757812,719.1954
0.0,-1.4236485958099365,1.2275314331054688,719.1954
0.0,-1.3834965229034424,1.2446784973144531,719.1954
0.0,-1.326555848121643,1.1723709106445312,719.1954
0.0,-1.3471086025238037,1.0776710510253906,719.1954
0.0,-1.0582544803619385,0.8901023864746094,719.1954
0.0,-1.051838994026184,0.9341812133789062,719.1954
0.0,-1.37782621383667,1.1788368225097656,719.1954
0.0,-0.9845688343048096,0.7848739624023438,719.1954
0.0,-1.1540509462356567,0.6630516052246094,719.1954
0.0,-1.3095752000808716,0.719757080078125,719.1954
0.0,-0.9812695980072021,1.1720657348632812,719.1954
0.0,-1.0644611120224,1.5226364135742188,719.1954
0.0,-1.2652676105499268,1.5937995910644531,719.1954
0.0,-1.3927041292190552,1.4797210693359375,719.1954
0.0,-1.3667722940444946,1.5160369873046875,719.1954
0.0,-1.0994751453399658,1.2249374389648438,719.1954
0.0,-0.9168090224266052,1.2630653381347656,719.1954
0.0,-0.9276215434074402,1.2394905090332031,719.1954
0.0,-0.9945318698883057,1.2493133544921875,719.1954
0.0,-1.0051122903823853,1.6820907592773438,719.1954
0.0,-1.2156898975372314,1.3261985778808594,719.1954
0.0,-1.1620793342590332,1.2445449829101562,719.1954
0.0,-1.3265306949615479,0.8161354064941406,719.1954
0.0,-1.4709670543670654,1.1620521545410156,719.1954
0.0,-1.285205364227295,1.4773750305175781,719.1954
0.0,-1.5383152961730957,1.2226486206054688,719.1954
0.0,-1.1619396209716797,1.3112640380859375,719.1954
0.0,-1.290054202079773,1.1682510375976562,719.1954
0.0,-1.3138365745544434,1.0160446166992188,719.1954
0.0,-1.0350033044815063,1.1353302001953125,719.1954
0.0,-1.2904824018478394,1.3141250610351562,719.1954
0.0,-1.1908925771713257,0.7518386840820312,719.1954
0.0,-1.17234206199646,0.5044937133789062,719.1954
0.0,-1.1727477312088013,0.6014633178710938,719.1954
0.0,-1.1789733171463013,1.2826156616210938,719.1954
0.0,-1.5072550773620605,1.1305999755859375,719.1954
0.0,-1.451139211654663,1.1207199096679688,719.1954
0.0,-1.2180730104446411,1.08734130859375,719.1954
0.0,-1.2693817615509033,0.8730697631835938,719.1954
0.0,-1.0226480960845947,0.6853485107421875,719.1954
0.0,-0.9008176326751709,0.4354095458984375,719.1954
0.0,-1.0836775302886963,0.20984649658203125,719.1954
0.0,-1.3260619640350342,-0.03887176513671875,719.1954
0.0,-1.2897028923034668,-0.2161407470703125,719.1954
0.0,-1.3435556888580322,0.16357421875,719.1954
0.0,-1.3908611536026,0.8690643310546875,719.1954
0.0,-1.5971251726150513,0.8840560913085938,719.1954
0.0,-1.254612684249878,0.971832275390625,719.1954
0.0,-1.3866671323776245,1.0789108276367188,719.1954
0.0,-0.9116840362548828,1.04766845703125,719.1954
0.0,-1.425194263458252,0.8129119873046875,719.1954
0.0,-0.9520248770713806,0.8071517944335938,719.1954
0.0,-1.1386123895645142,0.8011627197265625,719.1954
0.0,-1.0032421350479126,0.5739974975585938,719.1954
0.0,-1.1803665161132812,0.5665969848632812,719.1954
0.0,-1.2476519346237183,1.1062240600585938,719.1954
0.0,-0.9264028668403625,0.90301513671875,719.1954
0.0,-1.28327476978302,0.8254241943359375,719.1954
0.0,-1.2463335990905762,1.10809326171875,719.1954
0.0,-1.4377648830413818,1.1069869995117188,719.1954
0.0,-1.233624815940857,0.6250381469726562,719.1954
0.0,-0.9503418803215027,0.7375717163085938,719.1954
0.0,-1.145265817642212,0.82794189453125,719.1954
0.0,-1.515139102935791,0.76263427734375,719.1954
0.0,-1.2150559425354004,0.368194580078125,719.1954
0.0,-1.113682508468628,-0.03208160400390625,719.1954
0.0,-0.864697277545929,0.2472686767578125,719.1954
0.0,-1.155211329460144,0.37998199462890625,719.1954
0.0,-1.1976847648620605,0.28289794921875,719.1954
0.0,-1.2146326303482056,0.23914337158203125,719.1954
0.0,-1.0108774900436401,0.3569793701171875,719.1954
0.0,-0.9837347269058228,0.3577423095703125,719.1954
0.0,-1.420232892036438,0.686492919921875,719.1954
0.0,-0.9580798149108887,0.9676361083984375,719.1954
0.0,-1.0847641229629517,0.723419189453125,719.1954
0.0,-1.0309617519378662,0.7791900634765625,719.1954
0.0,-1.1942908763885498,0.8811569213867188,719.1954
0.0,-1.1216944456100464,0.55908203125,719.1954
0.0,-0.929240345954895,0.46108245849609375,719.1954
0.0,-1.196979284286499,0.5629348754882812,719.1954
0.0,-1.1012578010559082,0.29052734375,719.1954
0.0,-1.0905762910842896,0.255889892578125,719.1954
0.0,-1.0293021202087402,0.24890899658203125,719.1954
0.0,-1.1505234241485596,0.3191375732421875,719.1954
0.0,-1.060890555381775,0.6388473510742188,719.1954
0.0,-1.2045360803604126,1.003875732421875,719.1954
0.0,-1.1203304529190063,1.0748672485351562,719.1954
0.0,-0.9652884006500244,1.0919952392578125,719.1954
0.0,-1.1247107982635498,1.1742401123046875,719.1954
0.0,-1.2032617330551147,0.7696533203125,719.1954
0.0,-1.0172659158706665,0.5204391479492188,719.1954
0.0,-1.173443078994751,0.5894851684570312,719.1954
0.0,-1.1610382795333862,0.6674575805664062,719.1954
0.0,-1.2432453632354736,0.634307861328125,719.1954
0.0,-1.1710197925567627,0.7711410522460938,719.1954
0.0,-1.460180401802063,0.8464431762695312,719.1954
0.0,-1.2341721057891846,1.0764312744140625,719.1954
0.0,-1.0046306848526,0.9727096557617188,719.1954
0.0,-1.0488495826721191,1.007080078125,719.1954
0.0,-0.9766535758972168,0.9078598022460938,719.1954
0.0,-1.095900058746338,0.6824111938476562,719.1954
0.0,-1.150130271911621,0.39432525634765625,719.1954
0.0,-1.1194742918014526,0.44956207275390625,719.1954
0.0,-1.1369129419326782,0.67901611328125,719.1954
0.0,-1.1533503532409668,0.5930328369140625,719.1954
0.0,-1.1048141717910767,0.5395126342773438,719.1954
0.0,-1.2865993976593018,0.9461593627929688,719.1954
0.0,-0.9650572538375854,1.2285614013671875,719.1954
0.0,-1.1065847873687744,1.0905838012695312,719.1954
0.0,-1.0333325862884521,1.4001846313476562,719.1954
0.0,-1.2008413076400757,1.72027587890625,719.1954
0.0,-1.3223590850830078,1.2858963012695312,719.1954
0.0,-1.0157999992370605,1.0515975952148438,719.1954
0.0,-0.968488335609436,0.8988189697265625,719.1954
0.0,-1.2145614624023438,1.110992431640625,719.1954
0.0,-1.2702935934066772,0.9067916870117188,719.1954
0.0,-1.315773367881775,0.9589767456054688,719.1954
0.0,-1.2220511436462402,1.0608673095703125,719.1954
0.0,-1.3894670009613037,1.208648681640625,719.1954
0.0,-1.248160719871521,1.3712692260742188,719.1954
0.0,-1.3251593112945557,1.1454010009765625,719.1954
0.0,-1.6035878658294678,1.1339569091796875,719.1954
0.0,-0.9794793128967285,1.016998291015625,719.1954
0.0,-0.9174509644508362,1.1319732666015625,719.1954
0.0,-0.9179431796073914,1.2777328491210938,719.1954
0.0,-1.0898189544677734,1.3342666625976562,719.1954
0.0,-1.053359031677246,0.9828567504882812,719.1954
0.0,-1.3021173477172852,0.38616180419921875,719.1954
0.0,-1.3343234062194824,0.5176925659179688,719.1954
0.0,-0.8533560037612915,0.6409835815429688,719.1954
0.0,-1.013061285018921,0.5938720703125,719.1954
0.0,-1.3381273746490479,0.6389999389648438,719.1954
0.0,-1.1019128561019897,0.68511962890625,719.1954
0.0,-1.1723204851150513,0.6917572021484375,719.1954
0.0,-1.398608922958374,0.68450927734375,719.1954
0.0,-1.263492226600647,0.34511566162109375,719.1954
0.0,-1.2752647399902344,0.393829345703125,719.1954
0.0,-1.500508189201355,0.9309005737304688,719.1954
0.0,-1.473663330078125,0.9539413452148438,719.1954
0.0,-1.6727584600448608,1.4981842041015625,719.1954
0.0,-1.4196110963821411,1.7145919799804688,719.1954
0.0,-1.0934687852859497,1.43402099609375,719.1954
0.0,-1.1503411531448364,1.3750839233398438,719.1954
0.0,-1.0266425609588623,1.349639892578125,719.1954
0.0,-0.9345910549163818,1.379547119140625,719.1954
0.0,-1.0733689069747925,1.4244842529296875,719.1954
0.0,-1.379629373550415,1.259307861328125,719.1954
0.0,-1.4083269834518433,0.6939315795898438,719.1954
0.0,-1.1392931938171387,0.84014892578125,719.1954
0.0,-1.0412088632583618,0.919189453125,719.1954
0.0,-1.2720630168914795,1.2416458129882812,719.1954
0.0,-1.367296814918518,1.3355255126953125,719.1954
0.0,-1.2867250442504883,1.189422607421875,719.1954
0.0,-1.0750471353530884,1.1679458618164062,719.1954
0.0,-1.0394515991210938,1.6220474243164062,719.1954
0.0,-1.2760761976242065,1.6323089599609375,719.1954
0.0,-1.3010815382003784,1.3860321044921875,719.1954
0.0,-1.133814811706543,1.7028045654296875,719.1954
0.0,-0.9768258333206177,1.5211105346679688,719.1954
0.0,-1.074000597000122,1.3685226440429688,719.1954
0.0,-1.7341639995574951,1.37969970703125,719.1954
0.0,-1.6296464204788208,1.9736099243164062,719.1954
0.0,-1.0234109163284302,2.2036361694335938,719.1954
0.0,-0.9496302604675293,1.7884063720703125,719.1954
0.0,-0.9236208200454712,1.6963577270507812,719.1954
0.0,-0.9626913070678711,1.638031005859375,719.1954
0.0,-0.9332888126373291,1.4790725708007812,719.1954
0.0,-0.9276546239852905,1.2917327880859375,719.1954
0.0,-0.9423032999038696,0.9111404418945312,719.1954
0.0,-1.0613629817962646,0.4550933837890625,719.1954
0.0,-1.1067808866500854,-0.037841796875,719.1954
0.0,-1.2516164779663086,0.23303985595703125,719.1954
0.0,-1.3247709274291992,0.66375732421875,719.1954
0.0,-1.035495400428772,0.953521728515625,719.1954
0.0,-0.9127275347709656,0.8786773681640625,719.1954
0.0,-1.3898730278015137,0.9874725341796875,719.1954
0.0,-1.416496992111206,1.2397003173828125,719.1954
0.0,-1.0090177059173584,1.2754440307617188,719.1954
0.0,-1.0148394107818604,0.9848403930664062,719.1954
0.0,-1.3432631492614746,1.0196304321289062,719.1954
0.0,-1.3333303928375244,1.3048553466796875,719.1954
0.0,-1.3068125247955322,0.7313919067382812,719.1954
0.0,-1.157839298248291,0.8428955078125,719.1954
0.0,-1.2317709922790527,1.3547134399414062,719.1954
0.0,-1.4696202278137207,1.3866043090820312,719.1954
0.0,-1.508529782295227,1.4034652709960938,719.1954
0.0,-1.4037469625473022,1.1967086791992188,719.1954
0.0,-0.898500919342041,0.94970703125,719.1954
0.0,-1.056929349899292,1.0647964477539062,719.1954
0.0,-1.1685247421264648,1.138916015625,719.1954
0.0,-1.2687056064605713,0.9953689575195312,719.1954
0.0,-1.0170296430587769,1.0976409912109375,719.1954
0.0,-0.983007550239563,1.0872650146484375,719.1954
0.0,-1.5264332294464111,0.984954833984375,719.1954
0.0,-1.1425836086273193,1.278228759765625,719.1954
0.0,-1.136878252029419,1.0326004028320312,719.1954
0.0,-1.187430500984192,0.817108154296875,719.1954
0.0,-1.1404297351837158,0.5846786499023438,719.1954
0.0,-1.1226413249969482,0.8412551879882812,719.1954
0.0,-0.9488497972488403,0.8411788940429688,719.1954
0.0,-1.3582388162612915,0.930023193359375,719.1954
0.0,-1.3461204767227173,0.7289886474609375,719.1954
0.0,-1.0413458347320557,0.45928955078125,719.1954
0.0,-1.0203070640563965,0.8446121215820312,719.1954
0.0,-0.9854339957237244,1.2299728393554688,719.1954
0.0,-1.1583133935928345,1.4057540893554688,719.1954
0.0,-1.4232325553894043,1.8286514282226562,719.1954
0.0,-0.9754094481468201,1.71783447265625,719.1954
0.0,-1.0128614902496338,1.584625244140625,719.1954
0.0,-0.9538317918777466,1.7833328247070312,719.1954
0.0,-1.0852277278900146,1.9089889526367188,719.1954
0.0,-0.9228360056877136,1.7250442504882812,719.1954
0.0,-0.9293509125709534,1.70684814453125,719.1954
0.0,-1.0509073734283447,1.8370819091796875,719.1954
0.0,-1.0741976499557495,1.8426132202148438,719.1954
0.0,-1.4019566774368286,1.3550949096679688,719.1954
0.0,-1.7839752435684204,0.8335113525390625,719.1954
0.0,-1.299004077911377,0.8194351196289062,719.1954
0.0,-1.264082670211792,1.0819244384765625,719.1954
0.0,-0.8878430724143982,1.0749435424804688,719.1954
0.0,-1.1457109451293945,1.2158584594726562,719.1954
0.0,-1.0244638919830322,1.338043212890625,719.1954
0.0,-1.215254783630371,1.5008163452148438,719.1954
0.0,-0.9415413737297058,1.5252685546875,719.1954
0.0,-1.405128836631775,1.6389846801757812,719.1954
0.0,-1.4220281839370728,1.450347900390625,719.1954
0.0,-1.2072416543960571,1.4778518676757812,719.1954
0.0,-1.332961082458496,1.2988662719726562,719.1954
0.0,-1.3191137313842773,1.2756729125976562,719.1954
0.0,-1.2373614311218262,1.6437911987304688,719.1954
0.0,-1.3708770275115967,1.749267578125,719.1954
0.0,-1.3235505819320679,2.1248626708984375,719.1954
0.0,-1.3542885780334473,2.2006607055664062,719.1954
0.0,-1.3313672542572021,1.860198974609375,719.1954
0.0,-1.5982569456100464,1.4600372314453125,719.1954
0.0,-1.0665526390075684,1.348876953125,719.1954
0.0,-1.3030542135238647,1.4069747924804688,719.1954
0.0,-1.0486102104187012,1.7474365234375,719.1954
0.0,-0.8856720924377441,1.7269515991210938,719.1954
0.0,-1.4816163778305054,1.403961181640625,719.1954
0.0,-1.4025038480758667,1.498870849609375,719.1954
0.0,-1.3762668371200562,1.5650558471679688,719.1954
0.0,-1.292868733406067,1.12762451171875,719.1954
0.0,-1.079400897026062,0.9755706787109375,719.1954
0.0,-1.1448469161987305,0.7894515991210938,719.1954
0.0,-0.9414459466934204,0.6927108764648438,719.1954
0.0,-0.9155031442642212,1.079864501953125,719.1954
0.0,-1.428112268447876,1.5045928955078125,719.1954
0.0,-1.1185510158538818,1.2617111206054688,719.1954
0.0,-1.6423035860061646,1.4676666259765625,719.1954
0.0,-1.1587908267974854,2.0341873168945312,719.1954
0.0,-0.9491591453552246,1.9943618774414062,719.1954
0.0,-1.1526384353637695,1.9284439086914062,719.1954
0.0,-1.4769154787063599,1.97540283203125,719.1954
0.0,-1.1011812686920166,1.7876815795898438,719.1954
0.0,-1.132245659828186,1.76025390625,719.1954
0.0,-1.359033226966858,1.6313552856445312,719.1954
0.0,-1.2023260593414307,1.3297271728515625,719.1954
0.0,-1.0216395854949951,0.769805908203125,719.1954
0.0,-0.9224161505699158,0.8189010620117188,719.1954
0.0,-0.98338383436203,0.8234405517578125,719.1954
0.0,-1.3031436204910278,0.996551513671875,719.1954
0.0,-1.0732519626617432,1.0590362548828125,719.1954
0.0,-1.0245606899261475,0.9267807006835938,719.1954
0.0,-1.0133975744247437,0.53466796875,719.1954
0.0,-1.1350730657577515,0.24448394775390625,719.1954
0.0,-1.7388075590133667,0.27721405029296875,719.1954
0.0,-1.3034029006958008,-0.2529144287109375,719.1954
0.0,-1.1408543586730957,-0.525665283203125,719.1954
0.0,-1.2185747623443604,-0.4039764404296875,719.1954
0.0,-1.2182426452636719,-0.09098052978515625,719.1954
0.0,-1.1937482357025146,-0.0321197509765625,719.1954
0.0,-1.0921283960342407,-0.12310028076171875,719.1954
0.0,-1.1919336318969727,-0.1444244384765625,719.1954
0.0,-1.3174906969070435,0.5977630615234375,719.1954
0.0,-1.207673192024231,0.9583282470703125,719.1954
0.0,-1.1168508529663086,0.85296630859375,719.1954
0.0,-1.0423283576965332,1.2805938720703125,719.1954
0.0,-1.232909917831421,1.4898300170898438,719.1954
0.0,-1.1289799213409424,1.10809326171875,719.1954
0.0,-1.0994337797164917,0.87249755859375,719.1954
0.0,-0.9365981817245483,0.9503555297851562,719.1954
0.0,-1.2073512077331543,1.3896560668945312,719.1954
0.0,-1.4729670286178589,1.5714263916015625,719.1954
0.0,-1.4483059644699097,1.6043853759765625,719.1954
0.0,-1.2560350894927979,1.2514877319335938,719.1954
0.0,-1.5852947235107422,1.3827896118164062,719.1954
0.0,-1.340066909790039,1.658172607421875,719.1954
0.0,-1.3312492370605469,1.4136886596679688,719.1954
0.0,-0.9411513805389404,1.429443359375,719.1954
0.0,-1.2058900594711304,1.3547134399414062,719.1954
0.0,-1.1709873676300049,1.2181854248046875,719.1954
0.0,-0.9904293417930603,1.34246826171875,719.1954
0.0,-0.9806798696517944,1.6669464111328125,719.1954
0.0,-1.1541310548782349,1.5777969360351562,719.1954
0.0,-1.1090879440307617,1.2913131713867188,719.1954
0.0,-1.0381160974502563,1.5274429321289062,719.1954
0.0,-0.9636857509613037,1.827545166015625,719.1954
0.0,-0.9427893161773682,1.6301727294921875,719.1954
0.0,-0.9804389476776123,1.7116546630859375,719.1954
0.0,-0.9416292309761047,1.8270492553710938,719.1954
0.0,-1.107102870941162,1.64215087890625,719.1954
0.0,-0.944817304611206,1.1772537231445312,719.1954
0.0,-0.9360021352767944,0.7064056396484375,719.1954
0.0,-1.0080527067184448,0.49701690673828125,719.1954
0.0,-1.1027569770812988,0.5734634399414062,719.1954
0.0,-1.2382210493087769,0.5762100219726562,719.1954
0.0,-1.0064752101898193,0.48999786376953125,719.1954
0.0,-1.228682041168213,0.41866302490234375,719.1954
0.0,-1.4997336864471436,0.8213043212890625,719.1954
0.0,-0.9669997096061707,0.8037948608398438,719.1954
0.0,-1.1835873126983643,1.04400634765625,719.1954
0.0,-1.1380318403244019,1.0029220581054688,719.1954
0.0,-1.025327205657959,0.860443115234375,719.1954
0.0,-1.2267705202102661,0.898590087890625,719.1954
0.0,-0.9776827692985535,1.3039016723632812,719.1954
0.0,-1.4884305000305176,1.4960479736328125,719.1954
0.0,-1.454050064086914,1.1100006103515625,719.1954
0.0,-1.3577924966812134,1.2285995483398438,719.1954
0.0,-1.2461591958999634,1.2371826171875,719.1954
0.0,-1.501188039779663,1.2711715698242188,719.1954
0.0,-1.2810291051864624,1.1042022705078125,719.1954
0.0,-1.1422910690307617,1.0837173461914062,719.1954
0.0,-1.048579216003418,1.1447906494140625,719.1954
0.0,-1.1142510175704956,1.027984619140625,719.1954
0.0,-1.3068015575408936,0.6746673583984375,719.1954
0.0,-1.3025516271591187,0.2678680419921875,719.1954
0.0,-1.3332598209381104,-0.01049041748046875,719.1954
0.0,-1.303342580795288,0.5984878540039062,719.1954
0.0,-1.361802577972412,0.9004974365234375,719.1954
0.0,-1.5798228979110718,1.296234130859375,719.1954
0.0,-1.431978464126587,1.5691757202148438,719.1954
0.0,-0.9087480902671814,1.2119293212890625,719.1954
0.0,-1.3288922309875488,1.0802078247070312,719.1954
0.0,-1.2164268493652344,1.0540390014648438,719.1954
0.0,-1.312606930732727,1.29608154296875,719.1954
0.0,-1.1879017353057861,1.8669891357421875,719.1954
0.0,-1.1478146314620972,1.865081787109375,719.1954
0.0,-1.3923193216323853,1.7272186279296875,719.1954
0.0,-1.4184157848358154,1.43402099609375,719.1954
0.0,-1.2067724466323853,1.2612152099609375,719.1954
0.0,-1.207291841506958,1.39312744140625,719.1954
0.0,-1.1714903116226196,1.0774993896484375,719.1954
0.0,-1.0453832149505615,1.0467529296875,719.1954
0.0,-1.2072088718414307,0.7736968994140625,719.1954
0.0,-1.2126119136810303,0.4339599609375,719.1954
0.0,-1.2084314823150635,0.2496337890625,719.1954
0.0,-1.2089014053344727,0.2532196044921875,719.1954
0.0,-1.2000781297683716,0.1615142822265625,719.1954
0.0,-1.200709581375122,-0.031280517578125,719.1954
0.0,-1.1946287155151367,-0.40985107421875,719.1954
0.0,-1.2256603240966797,-0.60211181640625,719.1954
0.0,-1.2087976932525635,-0.217132568359375,719.1954
0.0,-1.1716195344924927,0.1360321044921875,719.1954
0.0,-1.1905970573425293,0.126800537109375,719.1954
0.0,-0.9176360964775085,-0.0281524658203125,719.1954
0.0,-1.00800621509552,0.1407623291015625,719.1954
0.0,-1.718874454498291,0.1080322265625,719.1954
0.0,-1.4913971424102783,-0.4816436767578125,719.1954
0.0,-1.2137115001678467,-0.4772186279296875,719.1954
0.0,-1.2072261571884155,-0.24017333984375,719.1954
0.0,-1.2054812908172607,-0.1204681396484375,719.1954
0.0,-1.23208487033844,-0.0730133056640625,719.1954
0.0,-1.2134007215499878,0.134124755859375,719.1954
0.0,-1.3333624601364136,0.6818389892578125,719.1954
0.0,-0.9299998879432678,0.9099578857421875,719.1954
0.0,-1.1411720514297485,1.10321044921875,719.1954
0.0,-1.0748788118362427,1.0467529296875,719.1954
0.0,-0.9214138984680176,0.9793853759765625,719.1954
0.0,-0.9530466198921204,0.8989715576171875,719.1954
0.0,-0.9452115893363953,0.6552886962890625,719.1954
0.0,-1.3403648138046265,0.5617523193359375,719.1954
0.0,-1.3309476375579834,0.129852294921875,719.1954
0.0,-1.1209654808044434,-0.0908660888671875,719.1954
0.0,-1.2067537307739258,0.47027587890625,719.1954
0.0,-1.3133114576339722,0.605316162109375,719.1954
0.0,-1.1861554384231567,0.7703399658203125,719.1954
0.0,-1.3599753379821777,0.933685302734375,719.1954
0.0,-1.463672399520874,1.218414306640625,719.1954
0.0,-1.2562364339828491,0.9125518798828125,719.1954
0.0,-1.6508338451385498,0.96099853515625,719.1954
0.0,-1.2656131982803345,0.9590911865234375,719.1954
0.0,-0.9730932712554932,1.0659027099609375,719.1954
0.0,-0.8787102699279785,1.3376617431640625,719.1954
0.0,-1.2275142669677734,1.5102386474609375,719.1954
0.0,-0.9160832762718201,1.721649169921875,719.1954
0.0,-1.344058871269226,1.5987396240234375,719.1954
0.0,-1.4109073877334595,1.5689849853515625,719.1954
0.0,-0.870082437992096,1.833343505859375,719.1954
0.0,-0.9430485963821411,1.68304443359375,719.1954
0.0,-1.0694491863250732,1.6037750244140625,719.1954
0.0,-1.2300221920013428,1.625518798828125,719.1954
0.0,-1.534018635749817,1.4569091796875,719.1954
0.0,-1.0192914009094238,1.25732421875,719.1954
0.0,-1.2221055030822754,1.251678466796875,719.1954
0.0,-1.206459641456604,1.5471649169921875,719.1954
0.0,-1.1847082376480103,1.156158447265625,719.1954
0.0,-1.0167388916015625,1.1672210693359375,719.1954
0.0,-0.9606675505638123,1.414794921875,719.1954
0.0,-1.3707756996154785,1.620635986328125,719.1954
0.0,-1.035030722618103,1.241455078125,719.1954
0.0,-1.1154606342315674,1.0762786865234375,719.1954
0.0,-1.2662171125411987,0.9590911865234375,719.1954
0.0,-1.1671619415283203,0.7747650146484375,719.1954
0.0,-1.3412387371063232,0.929718017578125,719.1954
0.0,-1.5101993083953857,0.7231903076171875,719.1954
0.0,-1.504258632659912,0.7344818115234375,719.1954
0.0,-1.329028606414795,0.783538818359375,719.1954
0.0,-1.3711518049240112,0.7215118408203125,719.1954
0.0,-1.2588930130004883,0.587921142578125,719.1954
0.0,-1.0408015251159668,0.3338623046875,719.1954
0.0,-0.9301593899726868,0.3995513916015625,719.1954
0.0,-1.2599546909332275,0.366668701171875,719.1954
0.0,-1.034482479095459,0.782928466796875,719.1954
0.0,-1.0411911010742188,1.3892364501953125,719.1954
0.0,-1.5815231800079346,1.2020111083984375,719.1954
0.0,-1.525505542755127,1.4929962158203125,719.1954
0.0,-1.3583018779754639,1.8267822265625,719.1954
0.0,-1.4408948421478271,1.6635894775390625,719.1954
0.0,-1.3942527770996094,1.4820098876953125,719.1954
0.0,-1.2506616115570068,1.408843994140625,719.1954
0.0,-1.4059028625488281,1.5749359130859375,719.1954
0.0,-0.9710037112236023,1.84783935546875,719.1954
0.0,-0.9220086336135864,1.9300079345703125,719.1954
0.0,-1.121389389038086,1.951751708984375,719.1954
0.0,-1.1340373754501343,2.1440887451171875,719.1954
0.0,-0.9243804812431335,1.878204345703125,719.1954
0.0,-1.4567679166793823,1.519775390625,719.1954
0.0,-1.3098676204681396,1.3409423828125,719.1954
0.0,-1.2374130487442017,1.1894989013671875,719.1954
0.0,-1.2876640558242798,1.2847137451171875,719.1954
0.0,-1.3501769304275513,1.4617156982421875,719.1954
0.0,-1.536117434501648,1.1167144775390625,719.1954
0.0,-1.4633889198303223,1.23504638671875,719.1954
0.0,-1.1832648515701294,1.094512939453125,719.1954
0.0,-1.1608400344848633,0.674285888671875,719.1954
0.0,-0.9526801109313965,0.305023193359375,719.1954
0.0,-1.0423030853271484,0.1611328125,719.1954
0.0,-1.1436176300048828,0.164947509765625,719.1954
0.0,-1.297879695892334,0.167999267578125,719.1954
0.0,-1.2650048732757568,0.056915283203125,719.1954
0.0,-0.9620723128318787,-0.0101470947265625,719.1954
0.0,-1.2664220333099365,0.087738037109375,719.1954
0.0,-1.522536277770996,0.261383056640625,719.1954
0.0,-1.3243160247802734,0.5832672119140625,719.1954
0.0,-0.9007676839828491,0.5462646484375,719.1954
0.0,-1.3175857067108154,0.4363250732421875,719.1954
0.0,-1.115587592124939,0.28839111328125,719.1954
0.0,-0.9275280237197876,0.13916015625,719.1954
0.0,-1.0623815059661865,0.252532958984375,719.1954
0.0,-1.1096875667572021,0.0295257568359375,719.1954
0.0,-1.2395296096801758,-0.37139892578125,719.1954
0.0,-1.3162257671356201,-0.0054168701171875,719.1954
0.0,-1.588736653327942,0.348052978515625,719.1954
0.0,-1.1671216487884521,0.178070068359375,719.1954
0.0,-1.0868128538131714,-0.1732635498046875,719.1954
0.0,-0.9573351740837097,-0.2400970458984375,719.1954
0.0,-0.9204084873199463,-0.0188446044921875,719.1954
0.0,-0.9429005980491638,0.685272216796875,719.1954
0.0,-0.832313060760498,0.959320068359375,719.1954
0.0,-1.0759319067001343,0.606536865234375,719.1954
0.0,-1.4343007802963257,0.77911376953125,719.1954
0.0,-1.3504137992858887,1.351470947265625,719.1954
0.0,-1.0759155750274658,1.3718414306640625,719.1954
0.0,-1.1276627779006958,1.3292694091796875,719.1954
0.0,-1.2909960746765137,1.284942626953125,719.1954
0.0,-1.0509252548217773,0.9694671630859375,719.1954
0.0,-0.9789811372756958,1.0747528076171875,719.1954
0.0,-0.9747031927108765,1.50238037109375,719.1954
0.0,-0.9627105593681335,1.4992523193359375,719.1954
0.0,-0.9720125794410706,0.8807373046875,719.1954
0.0,-0.9078474044799805,0.4061126708984375,719.1954
0.0,-0.8458573222160339,0.33233642578125,719.1954
0.0,-0.8823704123497009,0.2597808837890625,719.1954
0.0,-0.8665081262588501,0.2276611328125,719.1954
0.0,-1.0316990613937378,0.236053466796875,719.1954
0.0,-1.120902419090271,0.123443603515625,719.1954
0.0,-1.2540767192840576,-0.0921630859375,719.1954
0.0,-1.36441969871521,0.2178955078125,719.1954
0.0,-1.3744182586669922,0.586090087890625,719.1954
0.0,-1.3065440654754639,1.151123046875,719.1954
0.0,-1.099913477897644,0.9896087646484375,719.1954
0.0,-1.234240174293518,0.9173583984375,719.1954
0.0,-1.279240608215332,0.834808349609375,719.1954
0.0,-1.2359384298324585,0.6171417236328125,719.1954
0.0,-1.0553444623947144,0.6197357177734375,719.1954
0.0,-1.2668943405151367,0.73333740234375,719.1954
0.0,-1.4200141429901123,0.65399169921875,719.1954
0.0,-1.0697883367538452,0.735015869140625,719.1954
0.0,-1.3430395126342773,0.3614044189453125,719.1954
0.0,-1.0646638870239258,0.3350067138671875,719.1954
0.0,-0.9703661799430847,0.3408050537109375,719.1954
0.0,-1.2372838258743286,0.61767578125,719.1954
0.0,-1.2638280391693115,0.575103759765625,719.1954
0.0,-0.9363524913787842,0.7784271240234375,719.1954
0.0,-1.2811005115509033,1.0147857666015625,719.1954
0.0,-1.2212846279144287,1.550140380859375,719.1954
0.0,-1.217081069946289,1.575164794921875,719.1954
0.0,-1.0825555324554443,1.5450286865234375,719.1954
0.0,-1.083479404449463,1.89727783203125,719.1954
0.0,-1.180284023284912,1.6443634033203125,719.1954
0.0,-1.120387077331543,1.4608001708984375,719.1954
0.0,-1.0399261713027954,1.3909912109375,719.1954
0.0,-1.1041553020477295,1.5738677978515625,719.1954
0.0,-1.1380611658096313,2.003173828125,719.1954
0.0,-1.3920397758483887,1.5734100341796875,719.1954
0.0,-1.4756520986557007,1.5325164794921875,719.1954
0.0,-1.1780368089675903,1.3611602783203125,719.1954
0.0,-1.175168514251709,1.14593505859375,719.1954
0.0,-0.9452377557754517,1.1449432373046875,719.1954
0.0,-0.9322946071624756,1.051483154296875,719.1954
0.0,-1.0271426439285278,1.1981201171875,719.1954
0.0,-1.1581897735595703,0.924224853515625,719.1954
0.0,-0.9102360606193542,0.4749298095703125,719.1954
0.0,-1.363848328590393,0.2182769775390625,719.1954
0.0,-1.5770376920700073,0.6874847412109375,719.1954
0.0,-1.0607436895370483,0.9307098388671875,719.1954
0.0,-1.3748061656951904,0.9204864501953125,719.1954
0.0,-1.3310844898223877,1.0686492919921875,719.1954
0.0,-1.2422537803649902,1.133270263671875,719.1954
0.0,-1.490842342376709,0.9375762939453125,719.1954
0.0,-0.9231444597244263,0.833892822265625,719.1954
0.0,-1.2286765575408936,1.1745452880859375,719.1954
0.0,-0.8245022296905518,0.9136962890625,719.1954
0.0,-1.1207187175750732,0.7302093505859375,719.1954
0.0,-0.9561557173728943,0.8287811279296875,719.1954
0.0,-0.9475907683372498,1.40533447265625,719.1954
0.0,-1.0030940771102905,1.436004638671875,719.1954
0.0,-1.2141225337982178,1.1840057373046875,719.1954
0.0,-0.7976675629615784,1.433563232421875,719.1954
0.0,-1.2316762208938599,1.637115478515625,719.1954
0.0,-1.0270293951034546,1.8096923828125,719.1954
0.0,-1.1726040840148926,1.6167449951171875,719.1954
0.0,-1.0724064111709595,1.4763641357421875,719.1954
0.0,-1.1629234552383423,1.461181640625,719.1954
0.0,-1.0735445022583008,1.3600921630859375,719.1954
0.0,-1.475618839263916,1.198883056640625,719.1954
0.0,-1.520326018333435,0.965728759765625,719.1954
0.0,-1.086210012435913,0.3739166259765625,719.1954
0.0,-1.1854398250579834,0.406646728515625,719.1954
0.0,-1.251122236251831,0.518035888671875,719.1954
0.0,-1.172070026397705,0.6148529052734375,719.1954
0.0,-1.0577659606933594,0.6374359130859375,719.1954
0.0,-1.1558536291122437,0.8274078369140625,719.1954
0.0,-1.1945207118988037,1.1542510986328125,719.1954
0.0,-1.3584924936294556,1.2413787841796875,719.1954
0.0,-1.1016616821289062,1.1499786376953125,719.1954
0.0,-0.9563006162643433,1.041259765625,719.1954
0.0,-0.9650707840919495,1.0004425048828125,719.1954
0.0,-0.9729925394058228,0.9423828125,719.1954
0.0,-1.0108857154846191,0.7991790771484375,719.1954
0.0,-1.1435893774032593,0.459136962890625,719.1954
0.0,-1.0602251291275024,0.445098876953125,719.1954
0.0,-1.2477964162826538,0.5316925048828125,719.1954
0.0,-1.5060207843780518,0.8895111083984375,719.1954
0.0,-1.4626635313034058,1.242523193359375,719.1954
0.0,-1.1103074550628662,1.1978912353515625,719.1954
0.0,-0.9102417826652527,1.0085296630859375,719.1954
0.0,-1.0062448978424072,1.0802459716796875,719.1954
0.0,-1.1943092346191406,1.08428955078125,719.1954
0.0,-1.2367686033248901,1.2530517578125,719.1954
0.0,-1.2020840644836426,1.264190673828125,719.1954
0.0,-1.2904213666915894,0.8988189697265625,719.1954
0.0,-1.155279278755188,1.2171173095703125,719.1954
0.0,-1.1882226467132568,1.1798858642578125,719.1954
0.0,-1.142439365386963,0.85968017578125,719.1954
0.0,-1.1200544834136963,0.502471923828125,719.1954
0.0,-1.0942142009735107,0.7230377197265625,719.1954
0.0,-1.0465420484542847,0.8774566650390625,719.1954
0.0,-1.3538696765899658,1.1962127685546875,719.1954
0.0,-1.0951429605484009,1.286773681640625,719.1954
0.0,-1.193490743637085,0.794525146484375,719.1954
0.0,-0.9989476203918457,0.8278656005859375,719.1954
0.0,-1.0274665355682373,1.2952423095703125,719.1954
0.0,-1.0269591808319092,1.6674041748046875,719.1954
0.0,-1.263960838317871,1.872711181640625,719.1954
0.0,-1.400530219078064,2.19512939453125,719.1954
0.0,-1.1231918334960938,1.96746826171875,719.1954
0.0,-1.1169860363006592,1.972503662109375,719.1954
0.0,-1.0713472366333008,2.09747314453125,719.1954
0.0,-0.9285168647766113,1.9869232177734375,719.1954
0.0,-0.9427324533462524,1.99005126953125,719.1954
0.0,-1.1195664405822754,2.1361541748046875,719.1954
0.0,-0.9314414858818054,2.162933349609375,719.1954
0.0,-1.3223543167114258,1.9486236572265625,719.1954
0.0,-1.4954267740249634,1.668548583984375,719.1954
0.0,-1.3890668153762817,1.508331298828125,719.1954
0.0,-1.0826294422149658,1.263580322265625,719.1954
0.0,-1.0356618165969849,1.209564208984375,719.1954
0.0,-0.9413791298866272,1.3326263427734375,719.1954
0.0,-1.0511925220489502,1.4694976806640625,719.1954
0.0,-0.9470223784446716,1.98974609375,719.1954
0.0,-1.3294103145599365,2.2265625,719.1954
0.0,-1.4307420253753662,2.081451416015625,719.1954
0.0,-1.9308030605316162,1.884307861328125,719.1954
0.0,-1.4788072109222412,1.8837738037109375,719.1954
0.0,-1.0782240629196167,1.7169189453125,719.1954
0.0,-1.0250065326690674,1.6808319091796875,719.1954
0.0,-0.9234356880187988,1.753387451171875,719.1954
0.0,-1.0006742477416992,1.873016357421875,719.1954
0.0,-1.0834083557128906,1.8114471435546875,719.1954
0.0,-1.4416823387145996,1.2551116943359375,719.1954
0.0,-1.3407471179962158,0.8716583251953125,719.1954
0.0,-1.3421299457550049,0.5188751220703125,719.1954
