healthy,ctrl,forward,cumulative
0.0,-0.0,-0.005513755604624748,1003.2828
0.0,-0.00013983478129375726,-0.049737028777599335,1003.2828
0.0,-0.007330849766731262,-0.15735316276550293,1003.2828
0.0,-0.046355970203876495,-0.2058609127998352,1003.2828
0.0,-0.013056541793048382,-0.11616170406341553,1003.2828
0.0,-0.0021765774581581354,-0.052037835121154785,1003.2828
0.0,-0.001185484929010272,-0.02553217113018036,1003.2828
0.0,-0.00016323302406817675,0.016774572432041168,1003.2828
0.0,-0.0006269643199630082,0.06372582167387009,1003.2828
0.0,-0.0041947318241000175,0.0855698436498642,1003.2828
0.0,-0.0037368088960647583,0.0751788541674614,1003.2828
0.0,-0.005185590125620365,0.08705601096153259,1003.2828
0.0,-0.006551953032612801,-0.012331735342741013,1003.2828
0.0,-0.0066937729716300964,-0.05868224427103996,1003.2828
0.0,-0.0024731941521167755,0.03152012825012207,1003.2828
0.0,-0.005791378673166037,0.14281660318374634,1003.2828
0.0,-0.015097834169864655,0.17398667335510254,1003.2828
0.0,-0.021008362993597984,0.2016681730747223,1003.2828
0.0,-0.01924150623381138,0.2264249324798584,1003.2828
0.0,-0.033832620829343796,0.28095948696136475,1003.2828
0.0,-0.043035801500082016,0.3247109055519104,1003.2828
0.0,-0.06322353333234787,0.37962451577186584,1003.2828
0.0,-0.08197665959596634,0.4364810883998871,1003.2828
0.0,-0.1030823141336441,0.5066472291946411,1003.2828
0.0,-0.11591967940330505,0.4092058539390564,1003.2828
0.0,-0.06154859438538551,0.252092182636261,1003.2828
0.0,-0.028259512037038803,0.18644899129867554,1003.2828
0.0,-0.019460469484329224,0.0646895170211792,1003.2828
0.0,-0.009020394645631313,0.038392841815948486,1003.2828
0.0,-0.009930452331900597,0.01978546380996704,1003.2828
0.0,-0.011469857767224312,0.09512841701507568,1003.2828
0.0,-0.01834075152873993,0.16805976629257202,1003.2828
0.0,-0.029962731525301933,0.22617429494857788,1003.2828
0.0,-0.03929556906223297,0.23902446031570435,1003.2828
0.0,-0.037672072649002075,0.2074316143989563,1003.2828
0.0,-0.02437952347099781,0.1545494794845581,1003.2828
0.0,-0.020048141479492188,0.19191086292266846,1003.2828
0.0,-0.025627071037888527,0.2049526572227478,1003.2828
0.0,-0.025169294327497482,0.21194607019424438,1003.2828
0.0,-0.026878129690885544,0.22587239742279053,1003.2828
0.0,-0.031843818724155426,0.21597802639007568,1003.2828
0.0,-0.05673898383975029,0.05988657474517822,1003.2828
0.0,-0.03312915936112404,-0.06439507007598877,1003.2828
0.0,-0.003848547814413905,-0.03991961479187012,1003.2828
0.0,-0.0017876492347568274,0.018352270126342773,1003.2828
0.0,-0.002704464364796877,0.012363791465759277,1003.2828
0.0,-0.0012214954476803541,-0.034828782081604004,1003.2828
0.0,-0.003009481355547905,-0.09013831615447998,1003.2828
0.0,-0.006461736746132374,-0.09948849678039551,1003.2828
0.0,-0.00534704839810729,-0.09756624698638916,1003.2828
0.0,-0.006197978742420673,-0.12394070625305176,1003.2828
0.0,-0.011183613911271095,-0.16331464052200317,1003.2828
0.0,-0.01673460751771927,-0.12414276599884033,1003.2828
0.0,-0.002507847733795643,-0.006633102893829346,1003.2828
0.0,-0.001077689928933978,-0.010210573673248291,1003.2828
0.0,-0.0021973811089992523,-0.0427815318107605,1003.2828
0.0,-0.0025126924738287926,-0.008019804954528809,1003.2828
0.0,-0.0011192263336852193,0.029814541339874268,1003.2828
0.0,-0.0011103912256658077,-0.005597174167633057,1003.2828
0.0,-0.00116683728992939,-0.020755529403686523,1003.2828
0.0,-0.001101753325201571,-0.003012716770172119,1003.2828
0.0,-0.0010197049705311656,0.008582770824432373,1003.2828
0.0,-0.000992193236015737,0.004908740520477295,1003.2828
0.0,-0.0009127825614996254,-0.0027567148208618164,1003.2828
0.0,-0.000906561326701194,-0.0022903084754943848,1003.2828
0.0,-0.0009043508325703442,0.0031626224517822266,1003.2828
0.0,-0.0009357369272038341,0.005504190921783447,1003.2828
0.0,-0.0009449099889025092,0.003714263439178467,1003.2828
0.0,-0.0009275636402890086,0.0016573071479797363,1003.2828
0.0,-0.0009039105498231947,0.0020235776901245117,1003.2828
0.0,-0.0008931667543947697,0.0029611587524414062,1003.2828
0.0,-0.0008912726189009845,0.002562105655670166,1003.2828
0.0,-0.0008957411046139896,0.0019621849060058594,1003.2828
0.0,-0.0008998329867608845,0.0024500489234924316,1003.2828
0.0,-0.0008961446583271027,0.003389120101928711,1003.2828
0.0,-0.0008870715973898768,0.0034224987030029297,1003.2828
0.0,-0.0008767329272814095,0.002567470073699951,1003.2828
0.0,-0.000871144759003073,0.0019693374633789062,1003.2828
0.0,-0.0008711486589163542,0.0022605061531066895,1003.2828
0.0,-0.0008721049525775015,0.002931654453277588,1003.2828
0.0,-0.0008695503929629922,0.003204345703125,1003.2828
0.0,-0.0008626949856989086,0.0029155611991882324,1003.2828
0.0,-0.0008552783983759582,0.002517104148864746,1003.2828
0.0,-0.0008507022284902632,0.002416074275970459,1003.2828
0.0,-0.0008487788145430386,0.0026160478591918945,1003.2828
0.0,-0.0008471679175272584,0.002842843532562256,1003.2828
0.0,-0.0008437733631581068,0.0028905272483825684,1003.2828
0.0,-0.0008385894470848143,0.002785325050354004,1003.2828
0.0,-0.0008333443547599018,0.0026726722717285156,1003.2828
0.0,-0.0008291732519865036,0.0026431679725646973,1003.2828
0.0,-0.0008260708418674767,0.0026935338973999023,1003.2828
0.0,-0.0008230938692577183,0.0027674436569213867,1003.2828
0.0,-0.0008195118862204254,0.002804398536682129,1003.2828
0.0,-0.0008152349619194865,0.002784430980682373,1003.2828
0.0,-0.0008107899921014905,0.002741515636444092,1003.2828
0.0,-0.0008067646995186806,0.0027188658714294434,1003.2828
0.0,-0.0008031514007598162,0.002734363079071045,1003.2828
0.0,-0.000799718196503818,0.0027689337730407715,1003.2828
0.0,-0.0007960093789733946,0.002790689468383789,1003.2828
0.0,-0.0007920295465737581,0.0027865171432495117,1003.2828
0.0,-0.0007879466866143048,0.002772212028503418,1003.2828
0.0,-0.0007840264006517828,0.002759993076324463,1003.2828
0.0,-0.0007802678155712783,0.0027701258659362793,1003.2828
0.0,-0.0007765931077301502,0.002785623073577881,1003.2828
0.0,-0.0007728731143288314,0.0027999281883239746,1003.2828
0.0,-0.0007689994527027011,0.0028023123741149902,1003.2828
0.0,-0.0007650699699297547,0.0027933716773986816,1003.2828
0.0,-0.0007612022454850376,0.0027927756309509277,1003.2828
0.0,-0.0007574310293421149,0.0027957558631896973,1003.2828
0.0,-0.0007536782650277019,0.002803504467010498,1003.2828
0.0,-0.0007499433704651892,0.0028133392333984375,1003.2828
0.0,-0.0007461158093065023,0.00281602144241333,1003.2828
0.0,-0.0007422519265674055,0.002815425395965576,1003.2828
0.0,-0.0007384357741102576,0.0028121471405029297,1003.2828
0.0,-0.000734650413505733,0.0028139352798461914,1003.2828
0.0,-0.000730902305804193,0.0028246641159057617,1003.2828
0.0,-0.0007271345239132643,0.0028333067893981934,1003.2828
0.0,-0.0007233752403408289,0.002840757369995117,1003.2828
0.0,-0.0007196025690063834,0.0028449296951293945,1003.2828
0.0,-0.0007157983491197228,0.0028461217880249023,1003.2828
0.0,-0.0007120213122107089,0.0028464198112487793,1003.2828
0.0,-0.0007082691881805658,0.0028529763221740723,1003.2828
0.0,-0.0007044995436444879,0.002854466438293457,1003.2828
0.0,-0.0007007167441770434,0.00285416841506958,1003.2828
0.0,-0.0006969474488869309,0.0028571486473083496,1003.2828
0.0,-0.0006932145915925503,0.0028628110885620117,1003.2828
0.0,-0.0006894709076732397,0.002867579460144043,1003.2828
0.0,-0.0006857116823084652,0.0028717517852783203,1003.2828
0.0,-0.0006819826667197049,0.0028765201568603516,1003.2828
0.0,-0.0006782272830605507,0.0028830766677856445,1003.2828
0.0,-0.0006744982092641294,0.002886056900024414,1003.2828
0.0,-0.0006707558641210198,0.0028878450393676758,1003.2828
0.0,-0.0006670363363809884,0.0028908252716064453,1003.2828
0.0,-0.0006633122684434056,0.002893805503845215,1003.2828
0.0,-0.0006596059538424015,0.002899765968322754,1003.2828
0.0,-0.0006558746099472046,0.0029015541076660156,1003.2828
0.0,-0.0006521549657918513,0.00290602445602417,1003.2828
0.0,-0.0006484630866907537,0.002911686897277832,1003.2828
0.0,-0.0006447291234508157,0.002911686897277832,1003.2828
0.0,-0.0006410395726561546,0.002911984920501709,1003.2828
0.0,-0.0006373487995006144,0.0029206275939941406,1003.2828
0.0,-0.0006336452206596732,0.002923905849456787,1003.2828
0.0,-0.0006299865199252963,0.0029292702674865723,1003.2828
0.0,-0.0006262998795136809,0.002931654453277588,1003.2828
0.0,-0.0006226268014870584,0.0029355287551879883,1003.2828
0.0,-0.000618961057625711,0.0029408931732177734,1003.2828
0.0,-0.0006152905989438295,0.0029450654983520508,1003.2828
0.0,-0.0006116391159594059,0.0029483437538146973,1003.2828
0.0,-0.0006079716258682311,0.0029528141021728516,1003.2828
0.0,-0.0006043154280632734,0.002955198287963867,1003.2828
0.0,-0.0006006781477481127,0.0029578804969787598,1003.2828
0.0,-0.0005970561760477722,0.0029662251472473145,1003.2828
0.0,-0.0005934053915552795,0.00296860933303833,1003.2828
0.0,-0.0005897752125747502,0.0029712915420532227,1003.2828
0.0,-0.0005861491081304848,0.0029733777046203613,1003.2828
0.0,-0.0005825238185934722,0.002974867820739746,1003.2828
0.0,-0.0005789148272015154,0.002981126308441162,1003.2828
0.0,-0.000575308920815587,0.00298231840133667,1003.2828
0.0,-0.000571702781599015,0.002987682819366455,1003.2828
0.0,-0.0005681122420355678,0.0029927492141723633,1003.2828
0.0,-0.0005645252531394362,0.0029984116554260254,1003.2828
0.0,-0.0005609681247733533,0.003001689910888672,1003.2828
0.0,-0.0005573542439378798,0.0030034780502319336,1003.2828
0.0,-0.000553806487005204,0.003012716770172119,1003.2828
0.0,-0.0005502203130163252,0.0030106306076049805,1003.2828
0.0,-0.0005466470611281693,0.0030183792114257812,1003.2828
0.0,-0.0005431247409433126,0.0030234456062316895,1003.2828
0.0,-0.0005395535263232887,0.0030279159545898438,1003.2828
0.0,-0.0005360091454349458,0.003026127815246582,1003.2828
0.0,-0.000532469479367137,0.003032684326171875,1003.2828
0.0,-0.0005289383116178215,0.003037750720977783,1003.2828
0.0,-0.0005254238494671881,0.003045201301574707,1003.2828
0.0,-0.0005218909936957061,0.0030419230461120605,1003.2828
0.0,-0.0005183753673918545,0.0030487775802612305,1003.2828
0.0,-0.0005148737691342831,0.0030496716499328613,1003.2828
0.0,-0.0005113669903948903,0.0030565261840820312,1003.2828
0.0,-0.0005078718531876802,0.0030615925788879395,1003.2828
0.0,-0.0005043967394158244,0.003063678741455078,1003.2828
0.0,-0.0005008895532228053,0.0030660629272460938,1003.2828
0.0,-0.000497449713293463,0.0030726194381713867,1003.2828
0.0,-0.0004939804202876985,0.0030753016471862793,1003.2828
0.0,-0.0004905211389996111,0.0030821561813354492,1003.2828
0.0,-0.00048707818496041,0.0030857324600219727,1003.2828
0.0,-0.0004836261796299368,0.00308990478515625,1003.2828
0.0,-0.0004801818577107042,0.003090798854827881,1003.2828
0.0,-0.0004767436475958675,0.0030940771102905273,1003.2828
0.0,-0.000473317748401314,0.003102421760559082,1003.2828
0.0,-0.0004698931588791311,0.003102421760559082,1003.2828
0.0,-0.0004664785519707948,0.0031054019927978516,1003.2828
0.0,-0.0004631012270692736,0.003110170364379883,1003.2828
0.0,-0.0004596891230903566,0.00311434268951416,1003.2828
0.0,-0.00045629250234924257,0.003116130828857422,1003.2828
0.0,-0.0004529267898760736,0.0031244754791259766,1003.2828
0.0,-0.00044956430792808533,0.0031304359436035156,1003.2828
0.0,-0.00044621655251830816,0.0031322240829467773,1003.2828
0.0,-0.0004428468819241971,0.0031322240829467773,1003.2828
0.0,-0.00043947779340669513,0.0031375885009765625,1003.2828
0.0,-0.00043614074820652604,0.0031453371047973633,1003.2828
0.0,-0.0004328321083448827,0.0031501054763793945,1003.2828
0.0,-0.00042950120405294,0.0031560659408569336,1003.2828
0.0,-0.0004261812719050795,0.0031560659408569336,1003.2828
0.0,-0.000422880140831694,0.0031620264053344727,1003.2828
0.0,-0.000419593503465876,0.0031620264053344727,1003.2828
0.0,-0.00041625596350058913,0.003165602684020996,1003.2828
0.0,-0.00041300413431599736,0.003172755241394043,1003.2828
0.0,-0.00040972649003379047,0.0031763315200805664,1003.2828
0.0,-0.00040649628499522805,0.003184080123901367,1003.2828
0.0,-0.0004032211727462709,0.003185868263244629,1003.2828
0.0,-0.00039997094427235425,0.0031888484954833984,1003.2828
0.0,-0.0003967444645240903,0.003197193145751953,1003.2828
0.0,-0.00039348957943730056,0.003197789192199707,1003.2828
0.0,-0.0003902521275449544,0.0032067298889160156,1003.2828
0.0,-0.00038707800558768213,0.0032120943069458008,1003.2828
0.0,-0.0003838881675619632,0.0032156705856323242,1003.2828
0.0,-0.00038065927219577134,0.0032198429107666016,1003.2828
0.0,-0.00037748063914477825,0.003222823143005371,1003.2828
0.0,-0.0003743119304999709,0.0032275915145874023,1003.2828
0.0,-0.0003711633908096701,0.0032281875610351562,1003.2828
0.0,-0.00036799401277676225,0.0032341480255126953,1003.2828
0.0,-0.00036485190503299236,0.0032395124435424805,1003.2828
0.0,-0.00036169192753732204,0.0032454729080200195,1003.2828
0.0,-0.0003585965605452657,0.0032514333724975586,1003.2828
0.0,-0.0003554685099516064,0.0032526254653930664,1003.2828
0.0,-0.00035235180985182524,0.0032573938369750977,1003.2828
0.0,-0.0003492466639727354,0.003262758255004883,1003.2828
0.0,-0.00034617120400071144,0.0032693147659301758,1003.2828
0.0,-0.000343060411978513,0.0032728910446166992,1003.2828
0.0,-0.0003400114946998656,0.0032764673233032227,1003.2828
0.0,-0.00033695774618536234,0.003281235694885254,1003.2828
0.0,-0.0003339171234983951,0.0032854080200195312,1003.2828
0.0,-0.0003308728919364512,0.003287196159362793,1003.2828
0.0,-0.0003278396325185895,0.0032973289489746094,1003.2828
0.0,-0.00032484615803696215,0.003299117088317871,1003.2828
0.0,-0.00032182582071982324,0.0033020973205566406,1003.2828
0.0,-0.0003188125556334853,0.003306269645690918,1003.2828
0.0,-0.00031583101372234523,0.0033110380172729492,1003.2828
0.0,-0.00031284597935155034,0.003312230110168457,1003.2828
0.0,-0.0003098631277680397,0.0033169984817504883,1003.2828
0.0,-0.00030691694701090455,0.003319978713989258,1003.2828
0.0,-0.0003040315641555935,0.00333249568939209,1003.2828
0.0,-0.0003010760119650513,0.003336668014526367,1003.2828
0.0,-0.0002981576544698328,0.0033408403396606445,1003.2828
0.0,-0.0002952480863314122,0.0033408403396606445,1003.2828
0.0,-0.0002923038264270872,0.0033462047576904297,1003.2828
0.0,-0.0002894632634706795,0.003351569175720215,1003.2828
0.0,-0.0002865918795578182,0.0033587217330932617,1003.2828
0.0,-0.0002837451465893537,0.003364086151123047,1003.2828
0.0,-0.0002808973949868232,0.00337064266204834,1003.2828
0.0,-0.0002780514187179506,0.003375411033630371,1003.2828
0.0,-0.00027523128665052354,0.003377199172973633,1003.2828
0.0,-0.00027240737108513713,0.003382563591003418,1003.2828
0.0,-0.0002696148003451526,0.0033867359161376953,1003.2828
0.0,-0.0002668535162229091,0.0033974647521972656,1003.2828
0.0,-0.0002640446473378688,0.003400444984436035,1003.2828
0.0,-0.0002612919779494405,0.003400444984436035,1003.2828
0.0,-0.0002584797330200672,0.003400444984436035,1003.2828
0.0,-0.0002557162079028785,0.0034093856811523438,1003.2828
0.0,-0.0002530431083869189,0.003415346145629883,1003.2828
0.0,-0.00025032839039340615,0.0034242868423461914,1003.2828
0.0,-0.0002476041263435036,0.0034242868423461914,1003.2828
0.0,-0.0002449129242449999,0.003427267074584961,1003.2828
0.0,-0.0002422311663394794,0.0034308433532714844,1003.2828
0.0,-0.0002395891206106171,0.003445148468017578,1003.2828
0.0,-0.00023694032279308885,0.0034439563751220703,1003.2828
0.0,-0.00023429545399267226,0.0034481287002563477,1003.2828
0.0,-0.0002316291502211243,0.003451108932495117,1003.2828
0.0,-0.00022904496290721,0.0034570693969726562,1003.2828
0.0,-0.00022645218996331096,0.0034612417221069336,1003.2828
0.0,-0.00022386950149666518,0.003466010093688965,1003.2828
0.0,-0.00022128212731331587,0.003470182418823242,1003.2828
0.0,-0.0002187336649512872,0.003477334976196289,1003.2828
0.0,-0.00021619422477670014,0.0034797191619873047,1003.2828
0.0,-0.00021366879809647799,0.003491044044494629,1003.2828
0.0,-0.00021118066797498614,0.00349581241607666,1003.2828
0.0,-0.00020865441183559597,0.003496408462524414,1003.2828
0.0,-0.00020618010603357106,0.003502368927001953,1003.2828
0.0,-0.00020372195285744965,0.003510117530822754,1003.2828
0.0,-0.00020125435548834503,0.0035196542739868164,1003.2828
0.0,-0.00019879652245435864,0.0035196542739868164,1003.2828
0.0,-0.0001963489776244387,0.0035196542739868164,1003.2828
0.0,-0.0001939411595230922,0.0035250186920166016,1003.2828
0.0,-0.0001915220491355285,0.003535747528076172,1003.2828
0.0,-0.00018919195281341672,0.0035381317138671875,1003.2828
0.0,-0.0001867971441242844,0.0035434961318969727,1003.2828
0.0,-0.00018442238797433674,0.0035452842712402344,1003.2828
0.0,-0.0001820955949369818,0.0035512447357177734,1003.2828
0.0,-0.00017977040261030197,0.0035583972930908203,1003.2828
0.0,-0.0001774488773662597,0.00356137752532959,1003.2828
0.0,-0.0001751511008478701,0.0035643577575683594,1003.2828
0.0,-0.00017288130766246468,0.003573298454284668,1003.2828
0.0,-0.00017063105769921094,0.003573298454284668,1003.2828
0.0,-0.0001683394075371325,0.003580451011657715,1003.2828
0.0,-0.0001661504211369902,0.0035881996154785156,1003.2828
0.0,-0.00016395746206399053,0.003597736358642578,1003.2828
0.0,-0.00016179389785975218,0.0036031007766723633,1003.2828
0.0,-0.00015957554569467902,0.0036031007766723633,1003.2828
0.0,-0.00015736345085315406,0.003606081008911133,1003.2828
0.0,-0.00015523265756201,0.0036090612411499023,1003.2828
0.0,-0.00015307919238694012,0.0036150217056274414,1003.2828
0.0,-0.00015100302698556334,0.0036215782165527344,1003.2828
0.0,-0.00014889253361616284,0.0036275386810302734,1003.2828
0.0,-0.0001468216796638444,0.0036329030990600586,1003.2828
0.0,-0.00014475133502855897,0.0036382675170898438,1003.2828
0.0,-0.00014268042286857963,0.003641843795776367,1003.2828
0.0,-0.0001406729716109112,0.0036472082138061523,1003.2828
0.0,-0.0001386455842293799,0.0036513805389404297,1003.2828
0.0,-0.0001366500509902835,0.003656744956970215,1003.2828
0.0,-0.00013465058873407543,0.003662705421447754,1003.2828
0.0,-0.0001327166537521407,0.003668665885925293,1003.2828
0.0,-0.0001307569327764213,0.0036728382110595703,1003.2828
0.0,-0.00012885428441222757,0.003681778907775879,1003.2828
0.0,-0.0001269838830921799,0.00368654727935791,1003.2828
0.0,-0.00012504977348726243,0.0036919116973876953,1003.2828
0.0,-0.00012318691005930305,0.003694295883178711,1003.2828
0.0,-0.00012132403935538605,0.0037020444869995117,1003.2828
0.0,-0.0001195107979583554,0.003706216812133789,1003.2828
0.0,-0.00011769094271585345,0.0037103891372680664,1003.2828
0.0,-0.00011588867346290499,0.003719925880432129,1003.2828
0.0,-0.00011413289757911116,0.0037235021591186523,1003.2828
0.0,-0.00011236556019866839,0.0037276744842529297,1003.2828
0.0,-0.00011061674013035372,0.0037342309951782227,1003.2828
0.0,-0.00010888824181165546,0.003737211227416992,1003.2828
0.0,-0.00010718002158682793,0.0037401914596557617,1003.2828
0.0,-0.00010549930448178202,0.0037491321563720703,1003.2828
0.0,-0.00010384923371020705,0.003756880760192871,1003.2828
0.0,-0.00010225793812423944,0.003764629364013672,1003.2828
0.0,-0.00010059343185275793,0.0037664175033569336,1003.2828
0.0,-9.8973345302511e-05,0.003770589828491211,1003.2828
0.0,-9.73603964666836e-05,0.0037723779678344727,1003.2828
0.0,-9.58200398599729e-05,0.0037848949432373047,1003.2828
0.0,-9.427571785636246e-05,0.0037848949432373047,1003.2828
0.0,-9.272982424590737e-05,0.0037920475006103516,1003.2828
0.0,-9.125957149080932e-05,0.0037974119186401367,1003.2828
0.0,-8.978767436929047e-05,0.003807544708251953,1003.2828
0.0,-8.833395986584947e-05,0.003815293312072754,1003.2828
0.0,-8.686588989803568e-05,0.003814101219177246,1003.2828
0.0,-8.544293086742982e-05,0.003821849822998047,1003.2828
0.0,-8.405066910199821e-05,0.0038290023803710938,1003.2828
0.0,-8.266088843811303e-05,0.003834962844848633,1003.2828
0.0,-8.12886210042052e-05,0.00383913516998291,1003.2828
0.0,-7.997984357643872e-05,0.0038427114486694336,1003.2828
0.0,-7.863507198635489e-05,0.0038504600524902344,1003.2828
0.0,-7.736989937257022e-05,0.0038564205169677734,1003.2828
0.0,-7.610186003148556e-05,0.0038629770278930664,1003.2828
0.0,-7.483980880351737e-05,0.00386655330657959,1003.2828
0.0,-7.35839203116484e-05,0.0038737058639526367,1003.2828
0.0,-7.23968114471063e-05,0.0038766860961914062,1003.2828
0.0,-7.120464579202235e-05,0.0038820505142211914,1003.2828
0.0,-7.00552191119641e-05,0.0038862228393554688,1003.2828
0.0,-6.888587085995823e-05,0.003889799118041992,1003.2828
0.0,-6.778485112590715e-05,0.0038987398147583008,1003.2828
0.0,-6.67011336190626e-05,0.003910064697265625,1003.2828
0.0,-6.5634521888569e-05,0.00391542911529541,1003.2828
0.0,-6.46250118734315e-05,0.003916025161743164,1003.2828
0.0,-6.356581434374675e-05,0.003923177719116211,1003.2828
0.0,-6.257575296331197e-05,0.003926753997802734,1003.2828
0.0,-6.159456097520888e-05,0.0039327144622802734,1003.2828
0.0,-6.0637939895968884e-05,0.003935098648071289,1003.2828
0.0,-5.970802885713056e-05,0.003943443298339844,1003.2828
0.0,-5.87840004300233e-05,0.003949403762817383,1003.2828
0.0,-5.79177649342455e-05,0.0039577484130859375,1003.2828
0.0,-5.7059387472691014e-05,0.003962516784667969,1003.2828
0.0,-5.6226410379167646e-05,0.003968477249145508,1003.2828
0.0,-5.541705832001753e-05,0.003969669342041016,1003.2828
0.0,-5.461232649395242e-05,0.003979206085205078,1003.2828
0.0,-5.390159640228376e-05,0.0039899349212646484,1003.2828
0.0,-5.3150084568187594e-05,0.003993511199951172,1003.2828
0.0,-5.2431252697715536e-05,0.003999471664428711,1003.2828
0.0,-5.175895057618618e-05,0.003999471664428711,1003.2828
0.0,-5.1068134780507535e-05,0.004004240036010742,1003.2828
0.0,-5.0413502322044224e-05,0.004011988639831543,1003.2828
0.0,-4.9825539463199675e-05,0.004019737243652344,1003.2828
0.0,-4.9240690714214e-05,0.004023313522338867,1003.2828
0.0,-4.8678764869691804e-05,0.00402987003326416,1003.2828
0.0,-4.814275962417014e-05,0.004035234451293945,1003.2828
0.0,-4.7634901420678943e-05,0.004038810729980469,1003.2828
0.0,-4.712858208222315e-05,0.0040435791015625,1003.2828
0.0,-4.672072100220248e-05,0.004049539566040039,1003.2828
0.0,-4.631509364116937e-05,0.0040596723556518555,1003.2828
0.0,-4.591173637891188e-05,0.004070401191711426,1003.2828
0.0,-4.5525041059590876e-05,0.00407099723815918,1003.2828
0.0,-4.5122025767341256e-05,0.004075765609741211,1003.2828
0.0,-4.484393502934836e-05,0.004082918167114258,1003.2828
0.0,-4.454425652511418e-05,0.004087686538696289,1003.2828
0.0,-4.4326880015432835e-05,0.004096627235412598,1003.2828
0.0,-4.4055508624296635e-05,0.004103183746337891,1003.2828
0.0,-4.3873689719475806e-05,0.004110932350158691,1003.2828
0.0,-4.369083762867376e-05,0.004118084907531738,1003.2828
0.0,-4.3535161239560694e-05,0.004120469093322754,1003.2828
0.0,-4.339929000707343e-05,0.004127025604248047,1003.2828
0.0,-4.332985190558247e-05,0.004136562347412109,1003.2828
0.0,-4.322317545302212e-05,0.004138350486755371,1003.2828
0.0,-4.31971566285938e-05,0.00414729118347168,1003.2828
0.0,-4.321712185628712e-05,0.0041550397872924805,1003.2828
0.0,-4.321324740885757e-05,0.004160404205322266,1003.2828
0.0,-4.322282984503545e-05,0.00416874885559082,1003.2828
0.0,-4.3334563088137656e-05,0.004172921180725098,1003.2828
0.0,-4.344124681665562e-05,0.004181265830993652,1003.2828
0.0,-4.358154546935111e-05,0.004184246063232422,1003.2828
0.0,-4.372634430183098e-05,0.004189014434814453,1003.2828
0.0,-4.394580173538998e-05,0.004194378852844238,1003.2828
0.0,-4.412445196066983e-05,0.004200935363769531,1003.2828
0.0,-4.4419495679903775e-05,0.004204511642456055,1003.2828
0.0,-4.4709719077218324e-05,0.0042122602462768555,1003.2828
0.0,-4.501120201894082e-05,0.00422060489654541,1003.2828
0.0,-4.535706830210984e-05,0.004225969314575195,1003.2828
0.0,-4.573571641230956e-05,0.004233717918395996,1003.2828
0.0,-4.6127890527714044e-05,0.004240274429321289,1003.2828
0.0,-4.6590983401983976e-05,0.004241466522216797,1003.2828
0.0,-4.702430305769667e-05,0.0042498111724853516,1003.2828
0.0,-4.75418237328995e-05,0.004258155822753906,1003.2828
0.0,-4.808066296391189e-05,0.004265308380126953,1003.2828
0.0,-4.865197479375638e-05,0.004267692565917969,1003.2828
0.0,-4.927662666887045e-05,0.004273056983947754,1003.2828
0.0,-4.9886246415553614e-05,0.004283785820007324,1003.2828
0.0,-5.056030204286799e-05,0.004292130470275879,1003.2828
0.0,-5.126959513290785e-05,0.004299283027648926,1003.2828
0.0,-5.1969756896141917e-05,0.004305243492126465,1003.2828
0.0,-5.2750307077076286e-05,0.004312396049499512,1003.2828
0.0,-5.35584804310929e-05,0.004312396049499512,1003.2828
0.0,-5.435187995317392e-05,0.004318356513977051,1003.2828
0.0,-5.521922139450908e-05,0.00432431697845459,1003.2828
0.0,-5.6091026635840535e-05,0.004328489303588867,1003.2828
0.0,-5.7022109103854746e-05,0.00433802604675293,1003.2828
0.0,-5.802422674605623e-05,0.004347562789916992,1003.2828
0.0,-5.907295781071298e-05,0.004360079765319824,1003.2828
0.0,-6.00874591327738e-05,0.004363059997558594,1003.2828
0.0,-6.114169082138687e-05,0.004366040229797363,1003.2828
0.0,-6.219276110641658e-05,0.004368424415588379,1003.2828
0.0,-6.336299702525139e-05,0.004385113716125488,1003.2828
0.0,-6.455681432271376e-05,0.0043898820877075195,1003.2828
0.0,-6.57236814731732e-05,0.0043898820877075195,1003.2828
0.0,-6.691933958791196e-05,0.004401803016662598,1003.2828
0.0,-6.826357275713235e-05,0.004408359527587891,1003.2828
0.0,-6.95439157425426e-05,0.004412531852722168,1003.2828
0.0,-7.087762060109526e-05,0.004417896270751953,1003.2828
0.0,-7.228869071695954e-05,0.004423856735229492,1003.2828
0.0,-7.368465594481677e-05,0.0044280290603637695,1003.2828
0.0,-7.51781408325769e-05,0.0044405460357666016,1003.2828
0.0,-7.666309829801321e-05,0.004446506500244141,1003.2828
0.0,-7.818291487637907e-05,0.004454255104064941,1003.2828
0.0,-7.979235670063645e-05,0.004457831382751465,1003.2828
0.0,-8.138831617543474e-05,0.0044667720794677734,1003.2828
0.0,-8.3019862358924e-05,0.004474520683288574,1003.2828
0.0,-8.471388719044626e-05,0.004481077194213867,1003.2828
0.0,-8.638646977487952e-05,0.004482865333557129,1003.2828
0.0,-8.81909581949003e-05,0.004494786262512207,1003.2828
0.0,-8.998766134027392e-05,0.0045108795166015625,1003.2828
0.0,-9.185807721223682e-05,0.00451207160949707,1003.2828
0.0,-9.368562314193696e-05,0.004518628120422363,1003.2828
0.0,-9.561527986079454e-05,0.004521608352661133,1003.2828
0.0,-9.757235966389999e-05,0.00452876091003418,1003.2828
0.0,-9.955540008377284e-05,0.004537701606750488,1003.2828
0.0,-0.00010159414523513988,0.004541873931884766,1003.2828
0.0,-0.00010365163325332105,0.004544258117675781,1003.2828
0.0,-0.00010577799548627809,0.004559159278869629,1003.2828
0.0,-0.00010792497778311372,0.004564523696899414,1003.2828
0.0,-0.00011011965398211032,0.004571676254272461,1003.2828
0.0,-0.00011232033284613863,0.004575848579406738,1003.2828
0.0,-0.0001146008144132793,0.004583597183227539,1003.2828
0.0,-0.00011694181011989713,0.004592537879943848,1003.2828
0.0,-0.0001193101197713986,0.004597902297973633,1003.2828
0.0,-0.00012169048568466678,0.004608631134033203,1003.2828
0.0,-0.00012414631783030927,0.004613399505615234,1003.2828
0.0,-0.00012658063496928662,0.0046187639236450195,1003.2828
0.0,-0.00012911348312627524,0.004627704620361328,1003.2828
0.0,-0.00013165739073883742,0.0046378374099731445,1003.2828
0.0,-0.0001342910254606977,0.0046378374099731445,1003.2828
0.0,-0.00013689450861420482,0.0046443939208984375,1003.2828
0.0,-0.0001396155566908419,0.004652738571166992,1003.2828
0.0,-0.000142353936098516,0.004662871360778809,1003.2828
0.0,-0.00014514288341160864,0.0046694278717041016,1003.2828
0.0,-0.00014794104208704084,0.004671216011047363,1003.2828
0.0,-0.00015080839511938393,0.0046759843826293945,1003.2828
0.0,-0.0001536626077722758,0.00468134880065918,1003.2828
0.0,-0.00015665116370655596,0.0046890974044799805,1003.2828
0.0,-0.00015962813631631434,0.004694461822509766,1003.2828
0.0,-0.0001626899465918541,0.004705190658569336,1003.2828
0.0,-0.0001657670654822141,0.004711151123046875,1003.2828
0.0,-0.00016889057587832212,0.004727840423583984,1003.2828
0.0,-0.0001721126609481871,0.004731416702270508,1003.2828
0.0,-0.00017533401842229068,0.004740357398986816,1003.2828
0.0,-0.00017859984654933214,0.004747509956359863,1003.2828
0.0,-0.00018187539535574615,0.004751086235046387,1003.2828
0.0,-0.00018527281645219773,0.004759430885314941,1003.2828
0.0,-0.00018869763880502433,0.004773736000061035,1003.2828
0.0,-0.00019216188229620457,0.004780888557434082,1003.2828
0.0,-0.00019565358525142074,0.004786849021911621,1003.2828
0.0,-0.00019922560022678226,0.004789829254150391,1003.2828
0.0,-0.00020279886666685343,0.004798769950866699,1003.2828
0.0,-0.00020645285258069634,0.004804134368896484,1003.2828
0.0,-0.00021008143085055053,0.004813671112060547,1003.2828
0.0,-0.0002138699492206797,0.0048160552978515625,1003.2828
0.0,-0.0002175933914259076,0.004819631576538086,1003.2828
0.0,-0.00022145480033941567,0.004825592041015625,1003.2828
0.0,-0.00022535520838573575,0.004839301109313965,1003.2828
0.0,-0.00022926967358216643,0.004845261573791504,1003.2828
0.0,-0.0002332660078536719,0.004857182502746582,1003.2828
0.0,-0.00023730695829726756,0.0048607587814331055,1003.2828
0.0,-0.00024141135509125888,0.004869699478149414,1003.2828
0.0,-0.00024553691036999226,0.004878640174865723,1003.2828
0.0,-0.0002497216919437051,0.004887580871582031,1003.2828
0.0,-0.0002539142151363194,0.004894733428955078,1003.2828
0.0,-0.00025824402109719813,0.004906058311462402,1003.2828
0.0,-0.00026262010214850307,0.0049114227294921875,1003.2828
0.0,-0.00026697051362134516,0.0049179792404174805,1003.2828
0.0,-0.00027138093719258904,0.004928708076477051,1003.2828
0.0,-0.00027590797981247306,0.004932880401611328,1003.2828
0.0,-0.00028045076760463417,0.004935860633850098,1003.2828
0.0,-0.00028504704823717475,0.004944205284118652,1003.2828
0.0,-0.00028965328237973154,0.004947781562805176,1003.2828
0.0,-0.0002943610306829214,0.004958510398864746,1003.2828
0.0,-0.0002991279761772603,0.004963278770446777,1003.2828
0.0,-0.0003038802824448794,0.004968047142028809,1003.2828
0.0,-0.00030876873643137515,0.004975795745849609,1003.2828
0.0,-0.00031369258067570627,0.004991292953491211,1003.2828
0.0,-0.0003186722460668534,0.0049936771392822266,1003.2828
0.0,-0.0003236960037611425,0.005002617835998535,1003.2828
0.0,-0.00032878670026548207,0.005011558532714844,1003.2828
0.0,-0.000333944772137329,0.005022287368774414,1003.2828
0.0,-0.0003391680074855685,0.005037784576416016,1003.2828
0.0,-0.00034439220326021314,0.005040764808654785,1003.2828
0.0,-0.0003497065044939518,0.005046725273132324,1003.2828
0.0,-0.0003550100955180824,0.0050508975982666016,1003.2828
0.0,-0.0003604325756896287,0.005060434341430664,1003.2828
0.0,-0.0003659355570562184,0.005066394805908203,1003.2828
0.0,-0.00037143478402867913,0.00507354736328125,1003.2828
0.0,-0.0003770420153159648,0.0050830841064453125,1003.2828
0.0,-0.000382681522751227,0.005090236663818359,1003.2828
0.0,-0.00038833857979625463,0.005099773406982422,1003.2828
0.0,-0.00039410602767020464,0.005107522010803223,1003.2828
0.0,-0.0003999434702564031,0.005114078521728516,1003.2828
0.0,-0.0004058310587424785,0.0051271915435791016,1003.2828
0.0,-0.0004117608768865466,0.005131959915161133,1003.2828
0.0,-0.0004177383962087333,0.005136728286743164,1003.2828
0.0,-0.00042376527562737465,0.005143284797668457,1003.2828
0.0,-0.0004298925632610917,0.005151629447937012,1003.2828
0.0,-0.0004360263701528311,0.005164742469787598,1003.2828
0.0,-0.0004423251957632601,0.005170702934265137,1003.2828
0.0,-0.00044857661123387516,0.005181431770324707,1003.2828
0.0,-0.00045495835365727544,0.005186200141906738,1003.2828
0.0,-0.0004613296769093722,0.005192756652832031,1003.2828
0.0,-0.0004678034456446767,0.00519871711730957,1003.2828
0.0,-0.0004743277677334845,0.0052100419998168945,1003.2828
0.0,-0.0004809429810848087,0.00521242618560791,1003.2828
0.0,-0.0004875479789916426,0.005220770835876465,1003.2828
0.0,-0.0004943195963278413,0.0052291154861450195,1003.2828
0.0,-0.0005011133034713566,0.0052422285079956055,1003.2828
0.0,-0.000507985008880496,0.00525355339050293,1003.2828
0.0,-0.0005149283679202199,0.005264878273010254,1003.2828
0.0,-0.0005218820297159255,0.005263090133666992,1003.2828
0.0,-0.0005288514075800776,0.005270838737487793,1003.2828
0.0,-0.0005360018112696707,0.005276203155517578,1003.2828
0.0,-0.0005431624012999237,0.005287528038024902,1003.2828
0.0,-0.0005503654829226434,0.005293488502502441,1003.2828
0.0,-0.0005577105330303311,0.005304217338562012,1003.2828
0.0,-0.0005650461534969509,0.0053119659423828125,1003.2828
0.0,-0.000572493823710829,0.005320906639099121,1003.2828
0.0,-0.0005800515064038336,0.00532984733581543,1003.2828
0.0,-0.0005876068607904017,0.005339384078979492,1003.2828
0.0,-0.0005952135543338954,0.005345344543457031,1003.2828
0.0,-0.0006029173964634538,0.005353093147277832,1003.2828
0.0,-0.0006106820073910058,0.005366206169128418,1003.2828
0.0,-0.0006185719394125044,0.005372166633605957,1003.2828
0.0,-0.000626435037702322,0.005379319190979004,1003.2828
0.0,-0.0006343722925521433,0.005383491516113281,1003.2828
0.0,-0.000642422994133085,0.005390644073486328,1003.2828
0.0,-0.0006505190976895392,0.005405545234680176,1003.2828
0.0,-0.0006587164243683219,0.0054132938385009766,1003.2828
0.0,-0.0006669920403510332,0.005421638488769531,1003.2828
0.0,-0.0006753226043656468,0.00542759895324707,1003.2828
0.0,-0.0006837102700956166,0.005441904067993164,1003.2828
0.0,-0.0006921623134985566,0.005448460578918457,1003.2828
0.0,-0.0007007569074630737,0.005460381507873535,1003.2828
0.0,-0.0007093005697242916,0.00546574592590332,1003.2828
0.0,-0.0007179673411883414,0.005468130111694336,1003.2828
0.0,-0.0007267334731295705,0.005475282669067383,1003.2828
0.0,-0.0007355576381087303,0.005486011505126953,1003.2828
0.0,-0.0007444224320352077,0.005494952201843262,1003.2828
0.0,-0.0007533837924711406,0.005497932434082031,1003.2828
0.0,-0.0007623720448464155,0.005507469177246094,1003.2828
0.0,-0.000771526072639972,0.005517005920410156,1003.2828
0.0,-0.0007807228248566389,0.005530118942260742,1003.2828
0.0,-0.0007900005439296365,0.005537867546081543,1003.2828
0.0,-0.0007993323379196227,0.005550384521484375,1003.2828
0.0,-0.0008087574387900531,0.005560517311096191,1003.2828
0.0,-0.0008182491874322295,0.005565285682678223,1003.2828
0.0,-0.0008278340683318675,0.005570054054260254,1003.2828
0.0,-0.00083740713307634,0.0055724382400512695,1003.2828
0.0,-0.0008471218752674758,0.005584359169006348,1003.2828
0.0,-0.0008569084457121789,0.005592703819274902,1003.2828
0.0,-0.0008667894289828837,0.0056046247482299805,1003.2828
0.0,-0.0008767421822994947,0.005615353584289551,1003.2828
0.0,-0.000886797031853348,0.005624890327453613,1003.2828
0.0,-0.0008969207410700619,0.005630850791931152,1003.2828
0.0,-0.0009070952073670924,0.0056427717208862305,1003.2828
0.0,-0.0009173592552542686,0.005650520324707031,1003.2828
0.0,-0.0009276998462155461,0.005657672882080078,1003.2828
0.0,-0.0009381378768011928,0.005667209625244141,1003.2828
0.0,-0.0009486429626122117,0.005677938461303711,1003.2828
0.0,-0.0009592197020538151,0.00568389892578125,1003.2828
0.0,-0.0009698928915895522,0.005691051483154297,1003.2828
0.0,-0.0009806309826672077,0.005698800086975098,1003.2828
0.0,-0.000991452601738274,0.005707740783691406,1003.2828
0.0,-0.0010023772483691573,0.0057220458984375,1003.2828
0.0,-0.0010133731411769986,0.0057315826416015625,1003.2828
0.0,-0.0010244941804558039,0.005742907524108887,1003.2828
0.0,-0.0010356243001297116,0.005750060081481934,1003.2828
0.0,-0.0010468875989317894,0.0052291154861450195,1003.2828
0.0,-0.0010417902376502752,0.001450181007385254,1003.2828
0.0,-0.0010331467492505908,0.0003814697265625,1003.2828
0.0,-0.0010364962508901954,8.881092071533203e-05,1003.2828
0.0,-0.0010375820565968752,8.344650268554688e-06,1003.2828
0.0,-0.001022827927954495,0.006822347640991211,1003.2828
0.0,-0.001002699718810618,0.012381672859191895,1003.2828
0.0,-0.0008809551363810897,0.009331703186035156,1003.2828
0.0,-0.0007760894950479269,0.009307861328125,1003.2828
0.0,-0.0006992493290454149,0.00849008560180664,1003.2828
0.0,-0.0006268589058890939,0.006885528564453125,1003.2828
0.0,-0.0005597371491603553,0.006271004676818848,1003.2828
0.0,-0.0005079225520603359,0.007334351539611816,1003.2828
0.0,-0.00047340424498543143,0.008505582809448242,1003.2828
0.0,-0.0004407513770274818,0.00835716724395752,1003.2828
0.0,-0.0004008249379694462,0.007441043853759766,1003.2828
0.0,-0.00036328937858343124,0.007044076919555664,1003.2828
0.0,-0.0003352326457388699,0.00741124153137207,1003.2828
0.0,-0.0003147854586131871,0.007819533348083496,1003.2828
0.0,-0.0002957726246677339,0.007734894752502441,1003.2828
0.0,-0.0002754149027168751,0.007379651069641113,1003.2828
0.0,-0.0002561811124905944,0.007218122482299805,1003.2828
0.0,-0.00024029621272347867,0.0073206424713134766,1003.2828
0.0,-0.0002276506129419431,0.007429718971252441,1003.2828
0.0,-0.00021632848074659705,0.007375478744506836,1003.2828
0.0,-0.0002054825599770993,0.007234811782836914,1003.2828
0.0,-0.00019520425121299922,0.00716090202331543,1003.2828
0.0,-0.00018616572197061032,0.007180571556091309,1003.2828
0.0,-0.00017857174680102617,0.007208585739135742,1003.2828
0.0,-0.0001719728170428425,0.007181763648986816,1003.2828
0.0,-0.00016588944708928466,0.007125735282897949,1003.2828
0.0,-0.00016029081598389894,0.0070917606353759766,1003.2828
0.0,-0.00015518833242822438,0.007097125053405762,1003.2828
0.0,-0.00015075234114192426,0.007107257843017578,1003.2828
0.0,-0.00014691785327158868,0.007094144821166992,1003.2828
0.0,-0.0001434183504898101,0.007074475288391113,1003.2828
0.0,-0.0001402898778906092,0.007061958312988281,1003.2828
0.0,-0.00013746149488724768,0.007073879241943359,1003.2828
0.0,-0.0001348661899100989,0.007075071334838867,1003.2828
0.0,-0.000132623958052136,0.0070726871490478516,1003.2828
0.0,-0.00013057762407697737,0.0070726871490478516,1003.2828
0.0,-0.00012892953236587346,0.007077455520629883,1003.2828
0.0,-0.000127285165945068,0.007089376449584961,1003.2828
0.0,-0.0001258377160411328,0.007091164588928223,1003.2828
0.0,-0.00012451611110009253,0.007102489471435547,1003.2828
0.0,-0.00012341697583906353,0.00710904598236084,1003.2828
0.0,-0.00012242369120940566,0.0071173906326293945,1003.2828
0.0,-0.00012146883818786591,0.007128715515136719,1003.2828
0.0,-0.00012067589705111459,0.007132887840270996,1003.2828
0.0,-0.00011993024963885546,0.007144808769226074,1003.2828
0.0,-0.00011938159150304273,0.007160305976867676,1003.2828
0.0,-0.00011887965229107067,0.007174015045166016,1003.2828
0.0,-0.00011846921552205458,0.007189512252807617,1003.2828
0.0,-0.00011803660891018808,0.0072067975997924805,1003.2828
0.0,-0.00011768331751227379,0.007216930389404297,1003.2828
0.0,-0.00011747433745767921,0.0072324275970458984,1003.2828
0.0,-0.00011722694034688175,0.007252097129821777,1003.2828
0.0,-0.00011708805686794221,0.007268190383911133,1003.2828
0.0,-0.00011692362750181928,0.007286667823791504,1003.2828
0.0,-0.0001169055758509785,0.007305741310119629,1003.2828
0.0,-0.00011682804324664176,0.007323622703552246,1003.2828
0.0,-0.00011682121839839965,0.007342696189880371,1003.2828
0.0,-0.00011681499017868191,0.007361769676208496,1003.2828
0.0,-0.00011688817176036537,0.007379055023193359,1003.2828
0.0,-0.00011696341243805364,0.0073969364166259766,1003.2828
0.0,-0.00011701347102643922,0.0074166059494018555,1003.2828
0.0,-0.00011719753092620522,0.007438063621520996,1003.2828
0.0,-0.00011739057663362473,0.007467865943908691,1003.2828
0.0,-0.000117562260129489,0.007486939430236816,1003.2828
0.0,-0.00011770783021347597,0.0075054168701171875,1003.2828
0.0,-0.00011786422692239285,0.007522106170654297,1003.2828
0.0,-0.00011807641567429528,0.007545351982116699,1003.2828
0.0,-0.00011832982272608206,0.007566213607788086,1003.2828
0.0,-0.00011862462997669354,0.007593035697937012,1003.2828
0.0,-0.00011890220775967464,0.007617473602294922,1003.2828
0.0,-0.00011917899246327579,0.007640719413757324,1003.2828
0.0,-0.00011940928379772231,0.007656216621398926,1003.2828
0.0,-0.00011969610204687342,0.007686018943786621,1003.2828
0.0,-0.000120080221677199,0.0077152252197265625,1003.2828
0.0,-0.00012040840374538675,0.007735490798950195,1003.2828
0.0,-0.00012072669778717682,0.007753968238830566,1003.2828
0.0,-0.00012102483015041798,0.007780790328979492,1003.2828
0.0,-0.00012133581913076341,0.007805228233337402,1003.2828
0.0,-0.00012172029528301209,0.007833242416381836,1003.2828
0.0,-0.00012214379967190325,0.0078582763671875,1003.2828
0.0,-0.00012246712867636234,0.00788569450378418,1003.2828
0.0,-0.00012294662883505225,0.007909536361694336,1003.2828
0.0,-0.00012328094453550875,0.007939338684082031,1003.2828
0.0,-0.00012375439109746367,0.007965564727783203,1003.2828
0.0,-0.0001240176206920296,0.007985234260559082,1003.2828
0.0,-0.00012450535723473877,0.008011460304260254,1003.2828
0.0,-0.00012491174857132137,0.007699728012084961,1003.2828
0.0,-0.0001154187775682658,0.005645751953125,1003.2828
0.0,-0.00010121565719600767,0.005040764808654785,1003.2828
0.0,-0.00010010786354541779,0.00476837158203125,1003.2828
0.0,-9.828703332459554e-05,0.004680752754211426,1003.2828
0.0,-9.564391802996397e-05,0.004722476005554199,1003.2828
0.0,-9.39922610996291e-05,0.0046694278717041016,1003.2828
0.0,-9.219832281814888e-05,0.004575252532958984,1003.2828
0.0,-9.053686517290771e-05,0.004332065582275391,1003.2828
0.0,-8.874967170413584e-05,0.004158616065979004,1003.2828
0.0,-8.620481821708381e-05,0.004014372825622559,1003.2828
0.0,-8.499409159412608e-05,0.00398099422454834,1003.2828
0.0,-8.353691373486072e-05,0.0038564205169677734,1003.2828
0.0,-8.270629768958315e-05,0.003744959831237793,1003.2828
0.0,-8.05699746706523e-05,0.003604888916015625,1003.2828
0.0,-7.972720050020143e-05,0.0035256147384643555,1003.2828
0.0,-7.859044126234949e-05,0.0034481287002563477,1003.2828
0.0,-7.751156226731837e-05,0.0033611059188842773,1003.2828
0.0,-7.647096208529547e-05,0.003216266632080078,1003.2828
0.0,-7.537999044870958e-05,0.003178119659423828,1003.2828
0.0,-7.491988799301907e-05,0.0030940771102905273,1003.2828
0.0,-7.388272933894768e-05,0.0030165910720825195,1003.2828
0.0,-7.293588714674115e-05,0.0028824806213378906,1003.2828
0.0,-7.17115035513416e-05,0.0028383731842041016,1003.2828
0.0,-7.140298839658499e-05,0.002740621566772461,1003.2828
0.0,-7.09365849616006e-05,0.002695918083190918,1003.2828
0.0,-7.028346590232104e-05,0.0026053190231323242,1003.2828
0.0,-6.962380575714633e-05,0.0025665760040283203,1003.2828
0.0,-6.90117449266836e-05,0.002422332763671875,1003.2828
0.0,-6.86768617015332e-05,0.0023919343948364258,1003.2828
0.0,-6.801899871788919e-05,0.002327561378479004,1003.2828
0.0,-6.781988486181945e-05,0.002276897430419922,1003.2828
0.0,-6.712133472319692e-05,0.002218484878540039,1003.2828
0.0,-6.701509119011462e-05,0.002161860466003418,1003.2828
0.0,-6.642271182499826e-05,0.002072453498840332,1003.2828
0.0,-6.568311073351651e-05,0.002079010009765625,1003.2828
0.0,-6.630038842558861e-05,0.0020134449005126953,1003.2828
0.0,-6.554657011292875e-05,0.0019299983978271484,1003.2828
0.0,-6.510704406537116e-05,0.0019252300262451172,1003.2828
0.0,-6.500961899291724e-05,0.0018841028213500977,1003.2828
0.0,-6.467086495831609e-05,0.0018417835235595703,1003.2828
0.0,-6.439962453441694e-05,0.0017970800399780273,1003.2828
0.0,-6.415190000552684e-05,0.0017464160919189453,1003.2828
0.0,-6.393710646079853e-05,0.0017052888870239258,1003.2828
0.0,-6.375469092745334e-05,0.0016671419143676758,1003.2828
0.0,-6.350685725919902e-05,0.0016176700592041016,1003.2828
0.0,-6.34956086287275e-05,0.001557469367980957,1003.2828
0.0,-6.322414265014231e-05,0.0015377998352050781,1003.2828
0.0,-6.27193512627855e-05,0.0015205144882202148,1003.2828
0.0,-6.287132418947294e-05,0.0014930963516235352,1003.2828
0.0,-6.26261971774511e-05,0.001468658447265625,1003.2828
0.0,-6.233772728592157e-05,0.0014221668243408203,1003.2828
0.0,-6.240774382604286e-05,0.0013899803161621094,1003.2828
0.0,-6.219600618351251e-05,0.0013774633407592773,1003.2828
0.0,-6.192522414494306e-05,0.0013339519500732422,1003.2828
0.0,-6.206074613146484e-05,0.001277327537536621,1003.2828
0.0,-6.152337300591171e-05,0.0012606382369995117,1003.2828
0.0,-6.177239993121475e-05,0.0012296438217163086,1003.2828
0.0,-6.180732452776283e-05,0.0012052059173583984,1003.2828
0.0,-6.15617900621146e-05,0.0011837482452392578,1003.2828
0.0,-6.139076867839321e-05,0.0011616945266723633,1003.2828
0.0,-6.176845636218786e-05,0.0011420249938964844,1003.2828
0.0,-6.10489078098908e-05,0.0011199712753295898,1003.2828
0.0,-6.14362143096514e-05,0.001106858253479004,1003.2828
0.0,-6.106121145421639e-05,0.0010466575622558594,1003.2828
0.0,-6.079833474359475e-05,0.0010329484939575195,1003.2828
0.0,-6.130077235866338e-05,0.0010156631469726562,1003.2828
0.0,-6.13715237705037e-05,0.0010037422180175781,1003.2828
0.0,-6.0723363276338205e-05,0.0009971857070922852,1003.2828
0.0,-6.069795199437067e-05,0.0009822845458984375,1003.2828
0.0,-6.108777597546577e-05,0.0009608268737792969,1003.2828
0.0,-6.117476004874334e-05,0.0009429454803466797,1003.2828
0.0,-6.055698395357467e-05,0.0009095668792724609,1003.2828
0.0,-6.0271326219663024e-05,0.000934600830078125,1003.2828
0.0,-6.0568600019905716e-05,0.0009185075759887695,1003.2828
0.0,-6.0717295127687976e-05,0.0009083747863769531,1003.2828
0.0,-6.0971280618105084e-05,0.0008803606033325195,1003.2828
0.0,-6.107527588028461e-05,0.0008666515350341797,1003.2828
0.0,-6.094657146604732e-05,0.0008243322372436523,1003.2828
0.0,-6.099609163356945e-05,0.0008302927017211914,1003.2828
0.0,-6.098722224123776e-05,0.0008189678192138672,1003.2828
0.0,-6.0953592765145004e-05,0.0008130073547363281,1003.2828
0.0,-6.097166260587983e-05,0.0008064508438110352,1003.2828
0.0,-6.098086305428296e-05,0.0007909536361694336,1003.2828
0.0,-6.09669295954518e-05,0.0007736682891845703,1003.2828
0.0,-6.109025707701221e-05,0.0007879734039306641,1003.2828
0.0,-6.090357783250511e-05,0.0007641315460205078,1003.2828
0.0,-6.0565012972801924e-05,0.0007718801498413086,1003.2828
0.0,-6.021907029207796e-05,0.0007528066635131836,1003.2828
0.0,-5.9896679886151105e-05,0.0007414817810058594,1003.2828
0.0,-5.998001142870635e-05,0.0007683038711547852,1003.2828
0.0,-6.046314592822455e-05,0.0007653236389160156,1003.2828
0.0,-6.090347596909851e-05,0.0007224082946777344,1003.2828
0.0,-6.1012444348307326e-05,0.0007086992263793945,1003.2828
0.0,-6.056585698388517e-05,0.0007092952728271484,1003.2828
0.0,-5.9837650042027235e-05,0.0007200241088867188,1003.2828
0.0,-5.997653352096677e-05,0.00072479248046875,1003.2828
0.0,-6.046186899766326e-05,0.0007212162017822266,1003.2828
0.0,-6.087103611207567e-05,0.0006616115570068359,1003.2828
0.0,-6.0940470575587824e-05,0.0006431341171264648,1003.2828
0.0,-5.984234303468838e-05,0.0006884336471557617,1003.2828
0.0,-6.016682164045051e-05,0.0006949901580810547,1003.2828
0.0,-6.0676717112073675e-05,0.0006532669067382812,1003.2828
0.0,-6.112305709393695e-05,0.0006335973739624023,1003.2828
0.0,-6.01513238507323e-05,0.0006449222564697266,1003.2828
0.0,-5.98899059696123e-05,0.0006824731826782227,1003.2828
0.0,-6.054477853467688e-05,0.0006574392318725586,1003.2828
0.0,-6.124971696408466e-05,0.0005948543548583984,1003.2828
0.0,-5.98531769355759e-05,0.0006604194641113281,1003.2828
0.0,-6.011294317431748e-05,0.0006783008575439453,1003.2828
0.0,-6.1010105127934366e-05,0.0005900859832763672,1003.2828
0.0,-6.069423398002982e-05,0.0006085634231567383,1003.2828
0.0,-5.984961899230257e-05,0.0006729364395141602,1003.2828
0.0,-6.055735138943419e-05,0.0006210803985595703,1003.2828
0.0,-6.122716149548069e-05,0.0005519390106201172,1003.2828
0.0,-5.9834910643985495e-05,0.0006514787673950195,1003.2828
0.0,-6.033947647665627e-05,0.0006073713302612305,1003.2828
0.0,-6.139714969322085e-05,0.0005447864532470703,1003.2828
0.0,-5.9790516388602555e-05,0.0006473064422607422,1003.2828
0.0,-6.0335260059218854e-05,0.0006020069122314453,1003.2828
0.0,-6.142022175481543e-05,0.0005227327346801758,1003.2828
0.0,-5.988829070702195e-05,0.000680088996887207,1003.2828
0.0,-6.064866465749219e-05,0.0005525350570678711,1003.2828
0.0,-6.0974620282649994e-05,0.0005686283111572266,1003.2828
0.0,-6.000015855534002e-05,0.0005042552947998047,1003.2828
0.0,-6.073160329833627e-05,0.0005745887756347656,1003.2828
0.0,-6.059727456886321e-05,0.0005668401718139648,1003.2828
0.0,-6.060554733267054e-05,0.0005763769149780273,1003.2828
0.0,-6.059157749405131e-05,0.0005781650543212891,1003.2828
0.0,-6.0609032516367733e-05,0.0005728006362915039,1003.2828
0.0,-6.068132643122226e-05,0.0005698204040527344,1003.2828
0.0,-6.067471258575097e-05,0.0005650520324707031,1003.2828
0.0,-6.069108349038288e-05,0.0005626678466796875,1003.2828
0.0,-6.067520735086873e-05,0.0005668401718139648,1003.2828
0.0,-6.068107904866338e-05,0.0005662441253662109,1003.2828
0.0,-6.070434028515592e-05,0.0005638599395751953,1003.2828
0.0,-6.0714504797942936e-05,0.0005650520324707031,1003.2828
0.0,-6.074224802432582e-05,0.0005608797073364258,1003.2828
0.0,-6.07224901614245e-05,0.0005638599395751953,1003.2828
0.0,-6.0786769608967006e-05,0.0005602836608886719,1003.2828
0.0,-6.073785334592685e-05,0.0005573034286499023,1003.2828
0.0,-6.0788370319642127e-05,0.0005543231964111328,1003.2828
0.0,-6.08097470831126e-05,0.0005543231964111328,1003.2828
0.0,-6.0846199630759656e-05,0.0005543231964111328,1003.2828
0.0,-6.0798240156145766e-05,0.0005543231964111328,1003.2828
0.0,-6.0849830333609134e-05,0.0005543231964111328,1003.2828
0.0,-6.08574555371888e-05,0.0005555152893066406,1003.2828
0.0,-6.08662812737748e-05,0.0005549192428588867,1003.2828
0.0,-6.090220995247364e-05,0.0005543231964111328,1003.2828
0.0,-6.093852425692603e-05,0.0005543231964111328,1003.2828
0.0,-6.093803676776588e-05,0.0005543231964111328,1003.2828
0.0,-6.096609286032617e-05,0.0005543231964111328,1003.2828
0.0,-6.0926071455469355e-05,0.0005537271499633789,1003.2828
0.0,-6.096151628298685e-05,0.0005483627319335938,1003.2828
0.0,-6.092539842939004e-05,0.0005483627319335938,1003.2828
0.0,-6.0954916989430785e-05,0.0005483627319335938,1003.2828
0.0,-6.097207369748503e-05,0.0005483627319335938,1003.2828
0.0,-6.0993959777988493e-05,0.0005537271499633789,1003.2828
0.0,-6.101194230723195e-05,0.0005543231964111328,1003.2828
0.0,-6.1020877183182165e-05,0.0005543231964111328,1003.2828
0.0,-6.10446440987289e-05,0.0005501508712768555,1003.2828
0.0,-6.105679494794458e-05,0.0005483627319335938,1003.2828
0.0,-6.111332186264917e-05,0.0005483627319335938,1003.2828
0.0,-6.112649134593084e-05,0.0005483627319335938,1003.2828
0.0,-6.111642869655043e-05,0.0005495548248291016,1003.2828
0.0,-6.114912685006857e-05,0.0005543231964111328,1003.2828
0.0,-6.115871656220406e-05,0.0005543231964111328,1003.2828
0.0,-6.117489829193801e-05,0.0005543231964111328,1003.2828
0.0,-6.124349602032453e-05,0.0005543231964111328,1003.2828
0.0,-6.123264756752178e-05,0.0005543231964111328,1003.2828
0.0,-6.125787331257015e-05,0.0005543231964111328,1003.2828
0.0,-6.124518404249102e-05,0.0005543231964111328,1003.2828
0.0,-6.126601510914043e-05,0.0005543231964111328,1003.2828
0.0,-6.129501707619056e-05,0.0005525350570678711,1003.2828
0.0,-6.130163819761947e-05,0.0005483627319335938,1003.2828
0.0,-6.12966250628233e-05,0.0005507469177246094,1003.2828
0.0,-6.131918780738488e-05,0.0005501508712768555,1003.2828
0.0,-6.131886766524985e-05,0.000553131103515625,1003.2828
0.0,-6.130857218522578e-05,0.0005537271499633789,1003.2828
0.0,-6.130691326688975e-05,0.0005543231964111328,1003.2828
0.0,-6.137265881989151e-05,0.0005543231964111328,1003.2828
0.0,-6.140566256362945e-05,0.0005525350570678711,1003.2828
0.0,-6.139896140666679e-05,0.0005513429641723633,1003.2828
0.0,-6.142681377241388e-05,0.0005507469177246094,1003.2828
0.0,-6.144441431388259e-05,0.0005519390106201172,1003.2828
0.0,-6.148805550765246e-05,0.0005525350570678711,1003.2828
0.0,-6.146810483187437e-05,0.0005525350570678711,1003.2828
0.0,-6.15177268628031e-05,0.0005543231964111328,1003.2828
0.0,-6.154734728625044e-05,0.0005578994750976562,1003.2828
0.0,-6.154830771265551e-05,0.0005578994750976562,1003.2828
0.0,-6.150447734398767e-05,0.0005573034286499023,1003.2828
0.0,-6.157195457490161e-05,0.0005573034286499023,1003.2828
0.0,-6.16191464359872e-05,0.0005543231964111328,1003.2828
0.0,-6.16074976278469e-05,0.0005537271499633789,1003.2828
0.0,-6.158358883112669e-05,0.0005573034286499023,1003.2828
0.0,-6.167248648125678e-05,0.0005608797073364258,1003.2828
0.0,-6.168418622110039e-05,0.0005590915679931641,1003.2828
0.0,-6.167062383610755e-05,0.0005614757537841797,1003.2828
0.0,-6.170765846036375e-05,0.0005632638931274414,1003.2828
0.0,-6.1709841247648e-05,0.0005632638931274414,1003.2828
0.0,-6.172544090077281e-05,0.0005632638931274414,1003.2828
0.0,-6.177818431751803e-05,0.0005632638931274414,1003.2828
0.0,-6.179077172419056e-05,0.0005632638931274414,1003.2828
0.0,-6.179428601171821e-05,0.0005632638931274414,1003.2828
0.0,-6.18035628576763e-05,0.0005632638931274414,1003.2828
0.0,-6.182977085700259e-05,0.0005632638931274414,1003.2828
0.0,-6.180719356052577e-05,0.0005632638931274414,1003.2828
0.0,-6.179726915434003e-05,0.0005632638931274414,1003.2828
0.0,-6.186551763676107e-05,0.0005632638931274414,1003.2828
0.0,-6.189123814692721e-05,0.0005632638931274414,1003.2828
0.0,-6.190768908709288e-05,0.0005632638931274414,1003.2828
0.0,-6.191879947436973e-05,0.0005632638931274414,1003.2828
0.0,-6.19143684161827e-05,0.0005632638931274414,1003.2828
0.0,-6.191566353663802e-05,0.0005632638931274414,1003.2828
0.0,-6.197438051458448e-05,0.0005632638931274414,1003.2828
0.0,-6.196019239723682e-05,0.0005632638931274414,1003.2828
0.0,-6.197691982379183e-05,0.0005632638931274414,1003.2828
0.0,-6.201700307428837e-05,0.0005680322647094727,1003.2828
0.0,-6.204248347785324e-05,0.0005692243576049805,1003.2828
0.0,-6.208466948010027e-05,0.0005692243576049805,1003.2828
0.0,-6.208370177773759e-05,0.0005704164505004883,1003.2828
0.0,-6.208130071172491e-05,0.0005751848220825195,1003.2828
0.0,-6.213393498910591e-05,0.0005751848220825195,1003.2828
0.0,-6.220006616786122e-05,0.0005751848220825195,1003.2828
0.0,-6.216140172909945e-05,0.0005769729614257812,1003.2828
0.0,-6.21970248175785e-05,0.0005751848220825195,1003.2828
0.0,-6.219658826012164e-05,0.0005739927291870117,1003.2828
0.0,-6.224305980140343e-05,0.0005751848220825195,1003.2828
0.0,-6.222964293556288e-05,0.0005751848220825195,1003.2828
0.0,-6.2289007473737e-05,0.0005751848220825195,1003.2828
0.0,-6.223674427019432e-05,0.0005751848220825195,1003.2828
0.0,-6.226533150766045e-05,0.0005751848220825195,1003.2828
0.0,-6.228543497854844e-05,0.0005751848220825195,1003.2828
0.0,-6.226163532119244e-05,0.0005751848220825195,1003.2828
0.0,-6.233341991901398e-05,0.0005805492401123047,1003.2828
0.0,-6.230207509361207e-05,0.000578761100769043,1003.2828
0.0,-6.23659580014646e-05,0.0005793571472167969,1003.2828
0.0,-6.236260378500447e-05,0.0005763769149780273,1003.2828
0.0,-6.239732465473935e-05,0.0005811452865600586,1003.2828
0.0,-6.240446236915886e-05,0.0005811452865600586,1003.2828
0.0,-6.242279050638899e-05,0.0005841255187988281,1003.2828
0.0,-6.239728827495128e-05,0.0005829334259033203,1003.2828
0.0,-6.24120730208233e-05,0.0005793571472167969,1003.2828
0.0,-6.250614387681708e-05,0.0005841255187988281,1003.2828
0.0,-6.250075966818258e-05,0.0005829334259033203,1003.2828
0.0,-6.254574691411108e-05,0.000584721565246582,1003.2828
0.0,-6.251803279155865e-05,0.000584721565246582,1003.2828
0.0,-6.252499588299543e-05,0.0005853176116943359,1003.2828
0.0,-6.260362715693191e-05,0.0005841255187988281,1003.2828
0.0,-6.26262990408577e-05,0.0005894899368286133,1003.2828
0.0,-6.261098315007985e-05,0.0005900859832763672,1003.2828
0.0,-6.262366514420137e-05,0.0005877017974853516,1003.2828
0.0,-6.26983237452805e-05,0.0005877017974853516,1003.2828
0.0,-6.267392745940015e-05,0.0005900859832763672,1003.2828
0.0,-6.275123450905085e-05,0.0005900859832763672,1003.2828
0.0,-6.271657184697688e-05,0.0005900859832763672,1003.2828
0.0,-6.272149767028168e-05,0.0005900859832763672,1003.2828
0.0,-6.2743310991209e-05,0.0005930662155151367,1003.2828
0.0,-6.280616798903793e-05,0.0005900859832763672,1003.2828
0.0,-6.279392982833087e-05,0.0005900859832763672,1003.2828
0.0,-6.279298395384103e-05,0.0005900859832763672,1003.2828
0.0,-6.282477988861501e-05,0.0005900859832763672,1003.2828
0.0,-6.280983507167548e-05,0.0005900859832763672,1003.2828
0.0,-6.283030234044418e-05,0.0005900859832763672,1003.2828
0.0,-6.281684909481555e-05,0.0005900859832763672,1003.2828
0.0,-6.287317955866456e-05,0.0005900859832763672,1003.2828
0.0,-6.296169885899872e-05,0.0005954504013061523,1003.2828
0.0,-6.294500781223178e-05,0.0005960464477539062,1003.2828
0.0,-6.293487967923284e-05,0.0005960464477539062,1003.2828
0.0,-6.298180960584432e-05,0.0005984306335449219,1003.2828
0.0,-6.297932122834027e-05,0.0006020069122314453,1003.2828
0.0,-6.301971734501421e-05,0.0006020069122314453,1003.2828
0.0,-6.306364957708865e-05,0.0006020069122314453,1003.2828
0.0,-6.306506838882342e-05,0.0006020069122314453,1003.2828
0.0,-6.304341513896361e-05,0.0006020069122314453,1003.2828
0.0,-6.308159208856523e-05,0.0006020069122314453,1003.2828
0.0,-6.310144090093672e-05,0.0006020069122314453,1003.2828
0.0,-6.312444747891277e-05,0.0006020069122314453,1003.2828
0.0,-6.317706720437855e-05,0.0006020069122314453,1003.2828
0.0,-6.321346154436469e-05,0.0006020069122314453,1003.2828
0.0,-6.322632543742657e-05,0.0006031990051269531,1003.2828
0.0,-6.320815009530634e-05,0.0006103515625,1003.2828
0.0,-6.325202411971986e-05,0.0006139278411865234,1003.2828
0.0,-6.330374162644148e-05,0.0006127357482910156,1003.2828
0.0,-6.328143354039639e-05,0.0006079673767089844,1003.2828
0.0,-6.333833880489692e-05,0.0006079673767089844,1003.2828
0.0,-6.334240606520325e-05,0.0006115436553955078,1003.2828
0.0,-6.335521175060421e-05,0.0006139278411865234,1003.2828
0.0,-6.337310333037749e-05,0.0006115436553955078,1003.2828
0.0,-6.336957449093461e-05,0.0006133317947387695,1003.2828
0.0,-6.339202809613198e-05,0.0006085634231567383,1003.2828
0.0,-6.339626270346344e-05,0.0006073713302612305,1003.2828
0.0,-6.34186144452542e-05,0.0006079673767089844,1003.2828
0.0,-6.341551488731056e-05,0.0006103515625,1003.2828
0.0,-6.346795271383598e-05,0.0006175041198730469,1003.2828
0.0,-6.346352165564895e-05,0.0006163120269775391,1003.2828
0.0,-6.349995965138078e-05,0.0006192922592163086,1003.2828
0.0,-6.353012577164918e-05,0.0006192922592163086,1003.2828
0.0,-6.349254545057192e-05,0.0006175041198730469,1003.2828
0.0,-6.356637459248304e-05,0.0006163120269775391,1003.2828
0.0,-6.354700599331409e-05,0.0006151199340820312,1003.2828
