healthy,ctrl,forward,cumulative
0.0,-0.20144696533679962,0.0,6617.1943
0.0,-0.3822750747203827,0.0,6617.1943
0.0,-0.33326444029808044,0.0,6617.1943
0.0,-0.2175007313489914,0.0,6617.1943
0.0,-0.217369943857193,0.0,6617.1943
0.0,-0.37208983302116394,0.0,6617.1943
0.0,-0.29090791940689087,0.0,6617.1943
0.0,-0.2327256202697754,0.0,6617.1943
0.0,-0.41441258788108826,0.0,6617.1943
0.0,-0.4033210277557373,0.0,6617.1943
0.0,-0.2068605273962021,0.0,6617.1943
0.0,-0.328098326921463,0.0,6617.1943
0.0,-0.4740404784679413,0.0,6617.1943
0.0,-0.3994099795818329,0.0,6617.1943
0.0,-0.4028239846229553,0.0,6617.1943
0.0,-0.45172104239463806,0.0,6617.1943
0.0,-0.41496750712394714,0.0,6617.1943
0.0,-0.4132203757762909,0.0,6617.1943
0.0,-0.40943852066993713,0.0,6617.1943
0.0,-0.42455002665519714,0.0,6617.1943
0.0,-0.4227472245693207,0.0,6617.1943
0.0,-0.4163753092288971,0.0,6617.1943
0.0,-0.4667099416255951,0.0,6617.1943
0.0,-0.42270776629447937,0.0,6617.1943
0.0,-0.4127267897129059,0.0,6617.1943
0.0,-0.4112706780433655,0.0,6617.1943
0.0,-0.4421233832836151,0.0,6617.1943
0.0,-0.4048957824707031,0.0,6617.1943
0.0,-0.42231056094169617,0.0,6617.1943
0.0,-0.46614572405815125,0.0,6617.1943
0.0,-0.4269745945930481,0.0,6617.1943
0.0,-0.40730246901512146,0.0,6617.1943
0.0,-0.4297347068786621,0.0,6617.1943
0.0,-0.4218883514404297,0.0,6617.1943
0.0,-0.4672146439552307,0.0,6617.1943
0.0,-0.4149114787578583,0.0,6617.1943
0.0,-0.41883429884910583,0.0,6617.1943
0.0,-0.40998131036758423,0.0,6617.1943
0.0,-0.4211915135383606,0.0,6617.1943
0.0,-0.40578174591064453,0.0,6617.1943
0.0,-0.4122407138347626,0.0,6617.1943
0.0,-0.41120633482933044,0.0,6617.1943
0.0,-0.4075828492641449,0.0,6617.1943
0.0,-0.4261951446533203,0.0,6617.1943
0.0,-0.42856770753860474,0.0,6617.1943
0.0,-0.4214719831943512,0.0,6617.1943
0.0,-0.4232272207736969,0.0,6617.1943
0.0,-0.41701507568359375,0.0,6617.1943
0.0,-0.40498629212379456,0.0,6617.1943
0.0,-0.4324832856655121,0.0,6617.1943
0.0,-0.4046030640602112,0.0,6617.1943
0.0,-0.43503695726394653,0.0,6617.1943
0.0,-0.4273664653301239,0.0,6617.1943
0.0,-0.4093548357486725,0.0,6617.1943
0.0,-0.41545143723487854,0.0,6617.1943
0.0,-0.4263351559638977,0.0,6617.1943
0.0,-0.44350361824035645,0.0,6617.1943
0.0,-0.4176684021949768,0.0,6617.1943
0.0,-0.4120151996612549,0.0,6617.1943
0.0,-0.43833857774734497,0.0,6617.1943
0.0,-0.4641890525817871,0.0,6617.1943
0.0,-0.4154798686504364,0.0,6617.1943
0.0,-0.4429044723510742,0.0,6617.1943
0.0,-0.47367802262306213,0.0,6617.1943
0.0,-0.4211505055427551,0.0,6617.1943
0.0,-0.4059359133243561,0.0,6617.1943
0.0,-0.4091396927833557,0.0,6617.1943
0.0,-0.44749632477760315,0.0,6617.1943
0.0,-0.441118448972702,0.0,6617.1943
0.0,-0.4294860064983368,0.0,6617.1943
0.0,-0.4154305160045624,0.0,6617.1943
0.0,-0.39808937907218933,0.0,6617.1943
0.0,-0.4079758822917938,0.0,6617.1943
0.0,-0.4782083034515381,0.0,6617.1943
0.0,-0.4604548513889313,0.0,6617.1943
0.0,-0.4262278974056244,0.0,6617.1943
0.0,-0.4058288633823395,0.0,6617.1943
0.0,-0.40635642409324646,0.0,6617.1943
0.0,-0.43525925278663635,0.0,6617.1943
0.0,-0.40969711542129517,0.0,6617.1943
0.0,-0.4326702654361725,0.0,6617.1943
0.0,-0.43419334292411804,0.0,6617.1943
0.0,-0.4269120395183563,0.0,6617.1943
0.0,-0.4170917570590973,0.0,6617.1943
0.0,-0.41756734251976013,0.0,6617.1943
0.0,-0.3994094431400299,0.0,6617.1943
0.0,-0.4219222068786621,0.0,6617.1943
0.0,-0.40851494669914246,0.0,6617.1943
0.0,-0.44099360704421997,0.0,6617.1943
0.0,-0.4092235565185547,0.0,6617.1943
0.0,-0.447657972574234,0.0,6617.1943
0.0,-0.4256729185581207,0.0,6617.1943
0.0,-0.4191376864910126,0.0,6617.1943
0.0,-0.5074604153633118,0.0,6617.1943
0.0,-0.475727379322052,0.0,6617.1943
0.0,-0.4180394113063812,0.0,6617.1943
0.0,-0.3727090358734131,0.0,6617.1943
0.0,-0.4205859303474426,0.0,6617.1943
0.0,-0.43592190742492676,0.0,6617.1943
0.0,-0.4339118003845215,0.0,6617.1943
0.0,-0.4467976987361908,0.0,6617.1943
0.0,-0.48533526062965393,0.0,6617.1943
0.0,-0.3767697215080261,0.0,6617.1943
0.0,-0.42917928099632263,0.0,6617.1943
0.0,-0.493828147649765,0.0,6617.1943
0.0,-0.42068901658058167,0.0,6617.1943
0.0,-0.4308249056339264,0.0,6617.1943
0.0,-0.4539698660373688,0.0,6617.1943
0.0,-0.4390760064125061,0.0,6617.1943
0.0,-0.4368665814399719,0.0,6617.1943
0.0,-0.4267561137676239,0.0,6617.1943
0.0,-0.4794984757900238,0.0,6617.1943
0.0,-0.4505946636199951,0.0,6617.1943
0.0,-0.4270039200782776,0.0,6617.1943
0.0,-0.42295584082603455,0.0,6617.1943
0.0,-0.4042361378669739,0.0,6617.1943
0.0,-0.4069231450557709,0.0,6617.1943
0.0,-0.4405233860015869,0.0,6617.1943
0.0,-0.4488038122653961,0.0,6617.1943
0.0,-0.3987627625465393,0.0,6617.1943
0.0,-0.5107442736625671,0.0,6617.1943
0.0,-0.39187273383140564,0.0,6617.1943
0.0,-0.45376163721084595,0.0,6617.1943
0.0,-0.4291602075099945,0.0,6617.1943
0.0,-0.40129342675209045,0.0,6617.1943
0.0,-0.4295724034309387,0.0,6617.1943
0.0,-0.41975006461143494,0.0,6617.1943
0.0,-0.4410620331764221,0.0,6617.1943
0.0,-0.430462509393692,0.0,6617.1943
0.0,-0.4229423701763153,0.0,6617.1943
0.0,-0.5030326247215271,0.0,6617.1943
0.0,-0.4678749740123749,0.0,6617.1943
0.0,-0.4582618772983551,0.0,6617.1943
0.0,-0.4893355071544647,0.0,6617.1943
0.0,-0.3925583064556122,0.0,6617.1943
0.0,-0.4049176871776581,0.0,6617.1943
0.0,-0.41115155816078186,0.0,6617.1943
0.0,-0.4220274090766907,0.0,6617.1943
0.0,-0.4313792288303375,0.0,6617.1943
0.0,-0.44085773825645447,0.0,6617.1943
0.0,-0.4412768483161926,0.0,6617.1943
0.0,-0.43006324768066406,0.0,6617.1943
0.0,-0.3863620460033417,0.0,6617.1943
0.0,-0.4858367145061493,0.0,6617.1943
0.0,-0.4067245423793793,0.0,6617.1943
0.0,-0.522710919380188,0.0,6617.1943
0.0,-0.43540915846824646,0.0,6617.1943
0.0,-0.48239666223526,0.0,6617.1943
0.0,-0.43476858735084534,0.0,6617.1943
0.0,-0.3977131247520447,0.0,6617.1943
0.0,-0.421414852142334,0.0,6617.1943
0.0,-0.4199739992618561,0.0,6617.1943
0.0,-0.40807971358299255,0.0,6617.1943
0.0,-0.4514602720737457,0.0,6617.1943
0.0,-0.4834761321544647,0.0,6617.1943
0.0,-0.4257424473762512,0.0,6617.1943
0.0,-0.43064233660697937,0.0,6617.1943
0.0,-0.42162013053894043,0.0,6617.1943
0.0,-0.4435914158821106,0.0,6617.1943
0.0,-0.43782922625541687,0.0,6617.1943
0.0,-0.404081791639328,0.0,6617.1943
0.0,-0.39289671182632446,0.0,6617.1943
0.0,-0.4138813614845276,0.0,6617.1943
0.0,-0.38218897581100464,0.0,6617.1943
0.0,-0.3707444667816162,0.0,6617.1943
0.0,-0.24603433907032013,0.0,6617.1943
0.0,-0.37931638956069946,0.0,6617.1943
0.0,-0.31361863017082214,0.0,6617.1943
0.0,-0.33716294169425964,0.0,6617.1943
0.0,-0.34810978174209595,0.0,6617.1943
0.0,-0.4366641044616699,0.0,6617.1943
0.0,-0.29184988141059875,0.0,6617.1943
0.0,-0.2858191728591919,0.0,6617.1943
0.0,-0.4025172293186188,0.0,6617.1943
0.0,-0.31689807772636414,0.0,6617.1943
0.0,-0.30618637800216675,0.0,6617.1943
0.0,-0.3213905394077301,0.0,6617.1943
0.0,-0.4741322696208954,0.0,6617.1943
0.0,-0.44212108850479126,0.0,6617.1943
0.0,-0.4559464454650879,0.0,6617.1943
0.0,-0.4538451135158539,0.0,6617.1943
0.0,-0.4282720685005188,0.0,6617.1943
0.0,-0.42070889472961426,0.0,6617.1943
0.0,-0.41223078966140747,0.0,6617.1943
0.0,-0.4230143129825592,0.0,6617.1943
0.0,-0.4130910336971283,0.0,6617.1943
0.0,-0.43691951036453247,0.0,6617.1943
0.0,-0.4242681562900543,0.0,6617.1943
0.0,-0.43029123544692993,0.0,6617.1943
0.0,-0.4094819128513336,0.0,6617.1943
0.0,-0.4185182750225067,0.0,6617.1943
0.0,-0.40758758783340454,0.0,6617.1943
0.0,-0.4205842912197113,0.0,6617.1943
0.0,-0.40836116671562195,0.0,6617.1943
0.0,-0.42132312059402466,0.0,6617.1943
0.0,-0.4056948721408844,0.0,6617.1943
0.0,-0.4826297461986542,0.0,6617.1943
0.0,-0.41595926880836487,0.0,6617.1943
0.0,-0.4061112105846405,0.0,6617.1943
0.0,-0.41516953706741333,0.0,6617.1943
0.0,-0.4447808861732483,0.0,6617.1943
0.0,-0.42139503359794617,0.0,6617.1943
0.0,-0.4402783513069153,0.0,6617.1943
0.0,-0.4326033592224121,0.0,6617.1943
0.0,-0.4151899516582489,0.0,6617.1943
0.0,-0.44927412271499634,0.0,6617.1943
0.0,-0.4334220886230469,0.0,6617.1943
0.0,-0.40475454926490784,0.0,6617.1943
0.0,-0.40747806429862976,0.0,6617.1943
0.0,-0.4140450954437256,0.0,6617.1943
0.0,-0.42454883456230164,0.0,6617.1943
0.0,-0.42822203040122986,0.0,6617.1943
0.0,-0.41898113489151,0.0,6617.1943
0.0,-0.4123896062374115,0.0,6617.1943
0.0,-0.4173045754432678,0.0,6617.1943
0.0,-0.4102191627025604,0.0,6617.1943
0.0,-0.40760278701782227,0.0,6617.1943
0.0,-0.4299537241458893,0.0,6617.1943
0.0,-0.44041958451271057,0.0,6617.1943
0.0,-0.48445868492126465,0.0,6617.1943
0.0,-0.45094093680381775,0.0,6617.1943
0.0,-0.44965505599975586,0.0,6617.1943
0.0,-0.4472734034061432,0.0,6617.1943
0.0,-0.4226876199245453,0.0,6617.1943
0.0,-0.42771345376968384,0.0,6617.1943
0.0,-0.4133284091949463,0.0,6617.1943
0.0,-0.4189150333404541,0.0,6617.1943
0.0,-0.4579666256904602,0.0,6617.1943
0.0,-0.4347100853919983,0.0,6617.1943
0.0,-0.41013050079345703,0.0,6617.1943
0.0,-0.41006308794021606,0.0,6617.1943
0.0,-0.4135726988315582,0.0,6617.1943
0.0,-0.4253506660461426,0.0,6617.1943
0.0,-0.407015323638916,0.0,6617.1943
0.0,-0.42939886450767517,0.0,6617.1943
0.0,-0.4273317754268646,0.0,6617.1943
0.0,-0.44406914710998535,0.0,6617.1943
0.0,-0.4877849519252777,0.0,6617.1943
0.0,-0.4715975224971771,0.0,6617.1943
0.0,-0.4553106427192688,0.0,6617.1943
0.0,-0.4218866527080536,0.0,6617.1943
0.0,-0.41275760531425476,0.0,6617.1943
0.0,-0.41499337553977966,0.0,6617.1943
0.0,-0.4134296476840973,0.0,6617.1943
0.0,-0.405539333820343,0.0,6617.1943
0.0,-0.44541749358177185,0.0,6617.1943
0.0,-0.5090004205703735,0.0,6617.1943
0.0,-0.42423564195632935,0.0,6617.1943
0.0,-0.39585739374160767,0.0,6617.1943
0.0,-0.4417787492275238,0.0,6617.1943
0.0,-0.42580080032348633,0.0,6617.1943
0.0,-0.4177672863006592,0.0,6617.1943
0.0,-0.41608843207359314,0.0,6617.1943
0.0,-0.4539407789707184,0.0,6617.1943
0.0,-0.4137733578681946,0.0,6617.1943
0.0,-0.42287808656692505,0.0,6617.1943
0.0,-0.4145350456237793,0.0,6617.1943
0.0,-0.4329564571380615,0.0,6617.1943
0.0,-0.41454029083251953,0.0,6617.1943
0.0,-0.4049392342567444,0.0,6617.1943
0.0,-0.44412046670913696,0.0,6617.1943
0.0,-0.4178024232387543,0.0,6617.1943
0.0,-0.4640127122402191,0.0,6617.1943
0.0,-0.4325477182865143,0.0,6617.1943
0.0,-0.4156051278114319,0.0,6617.1943
0.0,-0.4226720929145813,0.0,6617.1943
0.0,-0.43605756759643555,0.0,6617.1943
0.0,-0.44133448600769043,0.0,6617.1943
0.0,-0.4210638999938965,0.0,6617.1943
0.0,-0.41125035285949707,0.0,6617.1943
0.0,-0.41570067405700684,0.0,6617.1943
0.0,-0.4540189802646637,0.0,6617.1943
0.0,-0.4012511372566223,0.0,6617.1943
0.0,-0.40815597772598267,0.0,6617.1943
0.0,-0.4061168134212494,0.0,6617.1943
0.0,-0.42192545533180237,0.0,6617.1943
0.0,-0.40424880385398865,0.0,6617.1943
0.0,-0.4115118682384491,0.0,6617.1943
0.0,-0.42815810441970825,0.0,6617.1943
0.0,-0.44627267122268677,0.0,6617.1943
0.0,-0.4684767425060272,0.0,6617.1943
0.0,-0.40983134508132935,0.0,6617.1943
0.0,-0.4671918451786041,0.0,6617.1943
0.0,-0.4783705770969391,0.0,6617.1943
0.0,-0.4107920229434967,0.0,6617.1943
0.0,-0.42924901843070984,0.0,6617.1943
0.0,-0.4198547303676605,0.0,6617.1943
0.0,-0.42111214995384216,0.0,6617.1943
0.0,-0.4483771324157715,0.0,6617.1943
0.0,-0.4187104403972626,0.0,6617.1943
0.0,-0.4479503333568573,0.0,6617.1943
0.0,-0.42551371455192566,0.0,6617.1943
0.0,-0.40794873237609863,0.0,6617.1943
0.0,-0.4252825677394867,0.0,6617.1943
0.0,-0.4298400580883026,0.0,6617.1943
0.0,-0.4277871251106262,0.0,6617.1943
0.0,-0.45618095993995667,0.0,6617.1943
0.0,-0.44056177139282227,0.0,6617.1943
0.0,-0.40858444571495056,0.0,6617.1943
0.0,-0.43688803911209106,0.0,6617.1943
0.0,-0.4353913962841034,0.0,6617.1943
0.0,-0.5012454986572266,0.0,6617.1943
0.0,-0.4327758252620697,0.0,6617.1943
0.0,-0.42283186316490173,0.0,6617.1943
0.0,-0.45910516381263733,0.0,6617.1943
0.0,-0.42532816529273987,0.0,6617.1943
0.0,-0.4327816963195801,0.0,6617.1943
0.0,-0.4119723439216614,0.0,6617.1943
0.0,-0.4493081569671631,0.0,6617.1943
0.0,-0.4429313838481903,0.0,6617.1943
0.0,-0.43496283888816833,0.0,6617.1943
0.0,-0.3799728453159332,0.0,6617.1943
0.0,-0.44507262110710144,0.0,6617.1943
0.0,-0.4761364161968231,0.0,6617.1943
0.0,-0.4095070958137512,0.0,6617.1943
0.0,-0.40466928482055664,0.0,6617.1943
0.0,-0.44237834215164185,0.0,6617.1943
0.0,-0.42932024598121643,0.0,6617.1943
0.0,-0.44935542345046997,0.0,6617.1943
0.0,-0.3929377496242523,0.0,6617.1943
0.0,-0.38978299498558044,0.0,6617.1943
0.0,-0.49282214045524597,0.0,6617.1943
0.0,-0.48269543051719666,0.0,6617.1943
0.0,-0.40167704224586487,0.0,6617.1943
0.0,-0.4263927638530731,0.0,6617.1943
0.0,-0.4428781569004059,0.0,6617.1943
0.0,-0.4307011663913727,0.0,6617.1943
0.0,-0.41329166293144226,0.0,6617.1943
0.0,-0.4339315593242645,0.0,6617.1943
0.0,-0.44170743227005005,0.0,6617.1943
0.0,-0.4389108717441559,0.0,6617.1943
0.0,-0.5055580139160156,0.0,6617.1943
0.0,-0.41901275515556335,0.0,6617.1943
0.0,-0.4326392114162445,0.0,6617.1943
0.0,-0.41328611969947815,0.0,6617.1943
0.0,-0.4048750102519989,0.0,6617.1943
0.0,-0.4137248694896698,0.0,6617.1943
0.0,-0.42872104048728943,0.0,6617.1943
0.0,-0.4379589259624481,0.0,6617.1943
0.0,-0.4516845643520355,0.0,6617.1943
0.0,-0.39327073097229004,0.0,6617.1943
0.0,-0.41796693205833435,0.0,6617.1943
0.0,-0.46198779344558716,0.0,6617.1943
0.0,-0.46127745509147644,0.0,6617.1943
0.0,-0.48042088747024536,0.0,6617.1943
0.0,-0.45340439677238464,0.0,6617.1943
0.0,-0.47492989897727966,0.0,6617.1943
0.0,-0.47836169600486755,0.0,6617.1943
0.0,-0.4063774049282074,0.0,6617.1943
0.0,-0.410555362701416,0.0,6617.1943
0.0,-0.45553213357925415,0.0,6617.1943
0.0,-0.4399266839027405,0.0,6617.1943
0.0,-0.44162532687187195,0.0,6617.1943
0.0,-0.44017624855041504,0.0,6617.1943
0.0,-0.44977617263793945,0.0,6617.1943
0.0,-0.4322233200073242,0.0,6617.1943
0.0,-0.4329819679260254,0.0,6617.1943
0.0,-0.5255784392356873,0.0,6617.1943
0.0,-0.4761311709880829,0.0,6617.1943
0.0,-0.513957679271698,0.0,6617.1943
0.0,-0.4190593659877777,0.0,6617.1943
0.0,-0.40069136023521423,0.0,6617.1943
0.0,-0.4059472680091858,0.0,6617.1943
0.0,-0.4327506124973297,0.0,6617.1943
0.0,-0.4294484555721283,0.0,6617.1943
0.0,-0.4027183949947357,0.0,6617.1943
0.0,-0.3905787169933319,0.0,6617.1943
0.0,-0.4609166085720062,0.0,6617.1943
0.0,-0.42542335391044617,0.0,6617.1943
0.0,-0.38717344403266907,0.0,6617.1943
0.0,-0.3852282464504242,0.0,6617.1943
0.0,-0.38287273049354553,0.0,6617.1943
0.0,-0.46801987290382385,0.0,6617.1943
0.0,-0.5077983736991882,0.0,6617.1943
0.0,-0.43103447556495667,0.0,6617.1943
0.0,-0.4298776686191559,0.0,6617.1943
0.0,-0.41244029998779297,0.0,6617.1943
0.0,-0.43578800559043884,0.0,6617.1943
0.0,-0.45112672448158264,0.0,6617.1943
0.0,-0.43759700655937195,0.0,6617.1943
0.0,-0.43899956345558167,0.0,6617.1943
0.0,-0.4299881160259247,0.0,6617.1943
0.0,-0.4217923581600189,0.0,6617.1943
0.0,-0.42148515582084656,0.0,6617.1943
0.0,-0.41274404525756836,0.0,6617.1943
0.0,-0.4272894561290741,0.0,6617.1943
0.0,-0.41143733263015747,0.0,6617.1943
0.0,-0.416064590215683,0.0,6617.1943
0.0,-0.40750738978385925,0.0,6617.1943
0.0,-0.43606624007225037,0.0,6617.1943
0.0,-0.4113108813762665,0.0,6617.1943
0.0,-0.4133318066596985,0.0,6617.1943
0.0,-0.4353945255279541,0.0,6617.1943
0.0,-0.47256287932395935,0.0,6617.1943
0.0,-0.42529845237731934,0.0,6617.1943
0.0,-0.41734424233436584,0.0,6617.1943
0.0,-0.41654324531555176,0.0,6617.1943
0.0,-0.4216969609260559,0.0,6617.1943
0.0,-0.4545919597148895,0.0,6617.1943
0.0,-0.4035976827144623,0.0,6617.1943
0.0,-0.41004467010498047,0.0,6617.1943
0.0,-0.4000830352306366,0.0,6617.1943
0.0,-0.4098033010959625,0.0,6617.1943
0.0,-0.4283045828342438,0.0,6617.1943
0.0,-0.4167965054512024,0.0,6617.1943
0.0,-0.4058057963848114,0.0,6617.1943
0.0,-0.39967918395996094,0.0,6617.1943
0.0,-0.41962382197380066,0.0,6617.1943
0.0,-0.42640382051467896,0.0,6617.1943
0.0,-0.4087247848510742,0.0,6617.1943
0.0,-0.4279336929321289,0.0,6617.1943
0.0,-0.4140408933162689,0.0,6617.1943
0.0,-0.4203033447265625,0.0,6617.1943
0.0,-0.4156341254711151,0.0,6617.1943
0.0,-0.41985130310058594,0.0,6617.1943
0.0,-0.4074697494506836,0.0,6617.1943
0.0,-0.43674302101135254,0.0,6617.1943
0.0,-0.4328194558620453,0.0,6617.1943
0.0,-0.4048123359680176,0.0,6617.1943
0.0,-0.4107178747653961,0.0,6617.1943
0.0,-0.4352491796016693,0.0,6617.1943
0.0,-0.44573837518692017,0.0,6617.1943
0.0,-0.37518730759620667,0.0,6617.1943
0.0,-0.48258277773857117,0.0,6617.1943
0.0,-0.5181679129600525,0.0,6617.1943
0.0,-0.41372522711753845,0.0,6617.1943
0.0,-0.4022423326969147,0.0,6617.1943
0.0,-0.4311620891094208,0.0,6617.1943
0.0,-0.4305892884731293,0.0,6617.1943
0.0,-0.407144159078598,0.0,6617.1943
0.0,-0.426415354013443,0.0,6617.1943
0.0,-0.44808682799339294,0.0,6617.1943
0.0,-0.44904565811157227,0.0,6617.1943
0.0,-0.40605098009109497,0.0,6617.1943
0.0,-0.3810712993144989,0.0,6617.1943
0.0,-0.43252047896385193,0.0,6617.1943
0.0,-0.5082734227180481,0.0,6617.1943
0.0,-0.4044090807437897,0.0,6617.1943
0.0,-0.4447438716888428,0.0,6617.1943
0.0,-0.413362979888916,0.0,6617.1943
0.0,-0.4168781340122223,0.0,6617.1943
0.0,-0.44147130846977234,0.0,6617.1943
0.0,-0.44853273034095764,0.0,6617.1943
0.0,-0.41118237376213074,0.0,6617.1943
0.0,-0.46438440680503845,0.0,6617.1943
0.0,-0.40652376413345337,0.0,6617.1943
0.0,-0.4066607654094696,0.0,6617.1943
0.0,-0.4293443262577057,0.0,6617.1943
0.0,-0.4062012732028961,0.0,6617.1943
0.0,-0.4103200435638428,0.0,6617.1943
0.0,-0.41983380913734436,0.0,6617.1943
0.0,-0.4284646213054657,0.0,6617.1943
0.0,-0.40805813670158386,0.0,6617.1943
0.0,-0.43203064799308777,0.0,6617.1943
0.0,-0.4140995144844055,0.0,6617.1943
0.0,-0.44067636132240295,0.0,6617.1943
0.0,-0.4311041831970215,0.0,6617.1943
0.0,-0.43371376395225525,0.0,6617.1943
0.0,-0.43413421511650085,0.0,6617.1943
0.0,-0.4225825369358063,0.0,6617.1943
0.0,-0.419513076543808,0.0,6617.1943
0.0,-0.4107551574707031,0.0,6617.1943
0.0,-0.43939343094825745,0.0,6617.1943
0.0,-0.41899099946022034,0.0,6617.1943
0.0,-0.4295501410961151,0.0,6617.1943
0.0,-0.4213279187679291,0.0,6617.1943
0.0,-0.4227064549922943,0.0,6617.1943
0.0,-0.4250917136669159,0.0,6617.1943
0.0,-0.4227251708507538,0.0,6617.1943
0.0,-0.4506452679634094,0.0,6617.1943
0.0,-0.4183046519756317,0.0,6617.1943
0.0,-0.44855719804763794,0.0,6617.1943
0.0,-0.4108739495277405,0.0,6617.1943
0.0,-0.4181065559387207,0.0,6617.1943
0.0,-0.4131990075111389,0.0,6617.1943
0.0,-0.4237543046474457,0.0,6617.1943
0.0,-0.434610515832901,0.0,6617.1943
0.0,-0.43589067459106445,0.0,6617.1943
0.0,-0.5086243152618408,0.0,6617.1943
0.0,-0.45461463928222656,0.0,6617.1943
0.0,-0.436894029378891,0.0,6617.1943
0.0,-0.40286216139793396,0.0,6617.1943
0.0,-0.4549700915813446,0.0,6617.1943
0.0,-0.4128485321998596,0.0,6617.1943
0.0,-0.42204543948173523,0.0,6617.1943
0.0,-0.4337368607521057,0.0,6617.1943
0.0,-0.4419812858104706,0.0,6617.1943
0.0,-0.4498806595802307,0.0,6617.1943
0.0,-0.39227160811424255,0.0,6617.1943
0.0,-0.427459716796875,0.0,6617.1943
0.0,-0.39084121584892273,0.0,6617.1943
0.0,-0.5019022822380066,0.0,6617.1943
0.0,-0.42275211215019226,0.0,6617.1943
0.0,-0.46536633372306824,0.0,6617.1943
0.0,-0.4690459668636322,0.0,6617.1943
0.0,-0.4145875871181488,0.0,6617.1943
0.0,-0.4166567027568817,0.0,6617.1943
0.0,-0.40438124537467957,0.0,6617.1943
0.0,-0.43983402848243713,0.0,6617.1943
0.0,-0.4446943402290344,0.0,6617.1943
0.0,-0.42485252022743225,0.0,6617.1943
0.0,-0.4118342399597168,0.0,6617.1943
0.0,-0.4204821288585663,0.0,6617.1943
0.0,-0.49412843585014343,0.0,6617.1943
0.0,-0.39855965971946716,0.0,6617.1943
0.0,-0.4411725103855133,0.0,6617.1943
0.0,-0.42212653160095215,0.0,6617.1943
0.0,-0.42503586411476135,0.0,6617.1943
0.0,-0.4297235608100891,0.0,6617.1943
0.0,-0.43473750352859497,0.0,6617.1943
0.0,-0.42894813418388367,0.0,6617.1943
0.0,-0.4081598222255707,0.0,6617.1943
0.0,-0.46363306045532227,0.0,6617.1943
0.0,-0.416119247674942,0.0,6617.1943
0.0,-0.4063216745853424,0.0,6617.1943
0.0,-0.4160194993019104,0.0,6617.1943
0.0,-0.4160679280757904,0.0,6617.1943
0.0,-0.4103519916534424,0.0,6617.1943
0.0,-0.44027113914489746,0.0,6617.1943
0.0,-0.4381057918071747,0.0,6617.1943
0.0,-0.40838947892189026,0.0,6617.1943
0.0,-0.48085817694664,0.0,6617.1943
0.0,-0.40773358941078186,0.0,6617.1943
0.0,-0.43749284744262695,0.0,6617.1943
0.0,-0.413419634103775,0.0,6617.1943
0.0,-0.42221030592918396,0.0,6617.1943
0.0,-0.43965932726860046,0.0,6617.1943
0.0,-0.44559046626091003,0.0,6617.1943
0.0,-0.49202924966812134,0.0,6617.1943
0.0,-0.41417285799980164,0.0,6617.1943
0.0,-0.48577913641929626,0.0,6617.1943
0.0,-0.453888863325119,0.0,6617.1943
0.0,-0.445631742477417,0.0,6617.1943
0.0,-0.41283631324768066,0.0,6617.1943
0.0,-0.4276331067085266,0.0,6617.1943
0.0,-0.4508020579814911,0.0,6617.1943
0.0,-0.44178685545921326,0.0,6617.1943
0.0,-0.43968603014945984,0.0,6617.1943
0.0,-0.43195080757141113,0.0,6617.1943
0.0,-0.45662665367126465,0.0,6617.1943
0.0,-0.48100581765174866,0.0,6617.1943
0.0,-0.40973028540611267,0.0,6617.1943
0.0,-0.4121958315372467,0.0,6617.1943
0.0,-0.40589427947998047,0.0,6617.1943
0.0,-0.4352736473083496,0.0,6617.1943
0.0,-0.4198365807533264,0.0,6617.1943
0.0,-0.408038467168808,0.0,6617.1943
0.0,-0.47254085540771484,0.0,6617.1943
0.0,-0.4211517870426178,0.0,6617.1943
0.0,-0.4370447099208832,0.0,6617.1943
0.0,-0.4436858594417572,0.0,6617.1943
0.0,-0.42046982049942017,0.0,6617.1943
0.0,-0.4389351010322571,0.0,6617.1943
0.0,-0.4783950746059418,0.0,6617.1943
0.0,-0.4235253930091858,0.0,6617.1943
0.0,-0.43308621644973755,0.0,6617.1943
0.0,-0.4656340777873993,0.0,6617.1943
0.0,-0.4192751348018646,0.0,6617.1943
0.0,-0.4425836503505707,0.0,6617.1943
0.0,-0.44095298647880554,0.0,6617.1943
0.0,-0.4907117486000061,0.0,6617.1943
0.0,-0.44780245423316956,0.0,6617.1943
0.0,-0.39757242798805237,0.0,6617.1943
0.0,-0.4470594525337219,0.0,6617.1943
0.0,-0.4144164025783539,0.0,6617.1943
0.0,-0.4171834886074066,0.0,6617.1943
0.0,-0.4194760322570801,0.0,6617.1943
0.0,-0.45219144225120544,0.0,6617.1943
0.0,-0.4364143908023834,0.0,6617.1943
0.0,-0.44089293479919434,0.0,6617.1943
0.0,-0.39453235268592834,0.0,6617.1943
0.0,-0.4896027743816376,0.0,6617.1943
0.0,-0.47324058413505554,0.0,6617.1943
0.0,-0.39453980326652527,0.0,6617.1943
0.0,-0.40661412477493286,0.0,6617.1943
0.0,-0.4166547954082489,0.0,6617.1943
0.0,-0.4222169816493988,0.0,6617.1943
0.0,-0.43402940034866333,0.0,6617.1943
0.0,-0.4429166913032532,0.0,6617.1943
0.0,-0.4468197822570801,0.0,6617.1943
0.0,-0.4590052664279938,0.0,6617.1943
0.0,-0.4421517550945282,0.0,6617.1943
0.0,-0.4063239097595215,0.0,6617.1943
0.0,-0.40409326553344727,0.0,6617.1943
0.0,-0.40491876006126404,0.0,6617.1943
0.0,-0.4197179973125458,0.0,6617.1943
0.0,-0.43066883087158203,0.0,6617.1943
0.0,-0.4296305179595947,0.0,6617.1943
0.0,-0.4504454731941223,0.0,6617.1943
0.0,-0.4674149453639984,0.0,6617.1943
0.0,-0.5040574073791504,0.0,6617.1943
0.0,-0.41952991485595703,0.0,6617.1943
0.0,-0.39723023772239685,0.0,6617.1943
0.0,-0.4688691794872284,0.0,6617.1943
0.0,-0.4128166139125824,0.0,6617.1943
0.0,-0.42216411232948303,0.0,6617.1943
0.0,-0.4318901002407074,0.0,6617.1943
0.0,-0.4380168914794922,0.0,6617.1943
0.0,-0.44519469141960144,0.0,6617.1943
0.0,-0.4519580006599426,0.0,6617.1943
0.0,-0.4217447340488434,0.0,6617.1943
0.0,-0.40067052841186523,0.0,6617.1943
0.0,-0.4212198853492737,0.0,6617.1943
0.0,-0.41451534628868103,0.0,6617.1943
0.0,-0.41118478775024414,0.0,6617.1943
0.0,-0.4311170279979706,0.0,6617.1943
0.0,-0.4487984776496887,0.0,6617.1943
0.0,-0.5001596808433533,0.0,6617.1943
0.0,-0.4399275779724121,0.0,6617.1943
0.0,-0.4128511846065521,0.0,6617.1943
0.0,-0.4843432605266571,0.0,6617.1943
0.0,-0.42906591296195984,0.0,6617.1943
0.0,-0.42329978942871094,0.0,6617.1943
0.0,-0.4171571731567383,0.0,6617.1943
0.0,-0.42677003145217896,0.0,6617.1943
0.0,-0.4354505240917206,0.0,6617.1943
0.0,-0.450878381729126,0.0,6617.1943
0.0,-0.47521963715553284,0.0,6617.1943
0.0,-0.4395107924938202,0.0,6617.1943
0.0,-0.3942994773387909,0.0,6617.1943
0.0,-0.41687652468681335,0.0,6617.1943
0.0,-0.4203042984008789,0.0,6617.1943
0.0,-0.4368410110473633,0.0,6617.1943
0.0,-0.4178515076637268,0.0,6617.1943
0.0,-0.41102370619773865,0.0,6617.1943
0.0,-0.4244259297847748,0.0,6617.1943
0.0,-0.4137500822544098,0.0,6617.1943
0.0,-0.416355699300766,0.0,6617.1943
0.0,-0.4268410801887512,0.0,6617.1943
0.0,-0.4127011299133301,0.0,6617.1943
0.0,-0.43115898966789246,0.0,6617.1943
0.0,-0.4113663136959076,0.0,6617.1943
0.0,-0.41231653094291687,0.0,6617.1943
0.0,-0.41817671060562134,0.0,6617.1943
0.0,-0.400687038898468,0.0,6617.1943
0.0,-0.41543540358543396,0.0,6617.1943
0.0,-0.4042745530605316,0.0,6617.1943
0.0,-0.4095316529273987,0.0,6617.1943
0.0,-0.40474969148635864,0.0,6617.1943
0.0,-0.410737007856369,0.0,6617.1943
0.0,-0.42445826530456543,0.0,6617.1943
0.0,-0.4271664619445801,0.0,6617.1943
0.0,-0.4121411442756653,0.0,6617.1943
0.0,-0.48593243956565857,0.0,6617.1943
0.0,-0.5052983164787292,0.0,6617.1943
0.0,-0.3959406316280365,0.0,6617.1943
0.0,-0.40616875886917114,0.0,6617.1943
0.0,-0.42906656861305237,0.0,6617.1943
0.0,-0.40913620591163635,0.0,6617.1943
0.0,-0.40949350595474243,0.0,6617.1943
0.0,-0.40952926874160767,0.0,6617.1943
0.0,-0.45285874605178833,0.0,6617.1943
0.0,-0.44695472717285156,0.0,6617.1943
0.0,-0.495906800031662,0.0,6617.1943
0.0,-0.5057876706123352,0.0,6617.1943
0.0,-0.44101086258888245,0.0,6617.1943
0.0,-0.41973695158958435,0.0,6617.1943
0.0,-0.4298579692840576,0.0,6617.1943
0.0,-0.4235806167125702,0.0,6617.1943
0.0,-0.42016974091529846,0.0,6617.1943
0.0,-0.4098236560821533,0.0,6617.1943
0.0,-0.4578280448913574,0.0,6617.1943
0.0,-0.43309876322746277,0.0,6617.1943
0.0,-0.4515862464904785,0.0,6617.1943
0.0,-0.5037145614624023,0.0,6617.1943
0.0,-0.49727144837379456,0.0,6617.1943
0.0,-0.3774551451206207,0.0,6617.1943
0.0,-0.37875062227249146,0.0,6617.1943
0.0,-0.438774973154068,0.0,6617.1943
0.0,-0.42254161834716797,0.0,6617.1943
0.0,-0.4193764626979828,0.0,6617.1943
0.0,-0.4068726599216461,0.0,6617.1943
0.0,-0.43071627616882324,0.0,6617.1943
0.0,-0.4083308279514313,0.0,6617.1943
0.0,-0.40554267168045044,0.0,6617.1943
0.0,-0.41479310393333435,0.0,6617.1943
0.0,-0.4123084247112274,0.0,6617.1943
0.0,-0.44012451171875,0.0,6617.1943
0.0,-0.4236307144165039,0.0,6617.1943
0.0,-0.40458449721336365,0.0,6617.1943
0.0,-0.41872045397758484,0.0,6617.1943
0.0,-0.4195711612701416,0.0,6617.1943
0.0,-0.40983304381370544,0.0,6617.1943
0.0,-0.4114578366279602,0.0,6617.1943
0.0,-0.4356684684753418,0.0,6617.1943
0.0,-0.4007684886455536,0.0,6617.1943
0.0,-0.4150947630405426,0.0,6617.1943
0.0,-0.4278688132762909,0.0,6617.1943
0.0,-0.40392327308654785,0.0,6617.1943
0.0,-0.44131436944007874,0.0,6617.1943
0.0,-0.40803322196006775,0.0,6617.1943
0.0,-0.4120427668094635,0.0,6617.1943
0.0,-0.41523477435112,0.0,6617.1943
0.0,-0.41760316491127014,0.0,6617.1943
0.0,-0.40547385811805725,0.0,6617.1943
0.0,-0.42867937684059143,0.0,6617.1943
0.0,-0.4254957139492035,0.0,6617.1943
0.0,-0.408372700214386,0.0,6617.1943
0.0,-0.43875065445899963,0.0,6617.1943
0.0,-0.4046992361545563,0.0,6617.1943
0.0,-0.4849170744419098,0.0,6617.1943
0.0,-0.4000144898891449,0.0,6617.1943
0.0,-0.4061600863933563,0.0,6617.1943
0.0,-0.42385074496269226,0.0,6617.1943
0.0,-0.4369910657405853,0.0,6617.1943
0.0,-0.4418558180332184,0.0,6617.1943
0.0,-0.42262935638427734,0.0,6617.1943
0.0,-0.46908292174339294,0.0,6617.1943
0.0,-0.4021749198436737,0.0,6617.1943
0.0,-0.4278486669063568,0.0,6617.1943
0.0,-0.41782161593437195,0.0,6617.1943
0.0,-0.42648330330848694,0.0,6617.1943
0.0,-0.4200839102268219,0.0,6617.1943
0.0,-0.43172478675842285,0.0,6617.1943
0.0,-0.43546953797340393,0.0,6617.1943
0.0,-0.44059014320373535,0.0,6617.1943
0.0,-0.495405912399292,0.0,6617.1943
0.0,-0.5096234679222107,0.0,6617.1943
0.0,-0.4195961058139801,0.0,6617.1943
0.0,-0.4552305340766907,0.0,6617.1943
0.0,-0.42110785841941833,0.0,6617.1943
0.0,-0.4400644898414612,0.0,6617.1943
0.0,-0.4424770474433899,0.0,6617.1943
0.0,-0.42875680327415466,0.0,6617.1943
0.0,-0.4438703954219818,0.0,6617.1943
0.0,-0.40148836374282837,0.0,6617.1943
0.0,-0.4577922821044922,0.0,6617.1943
0.0,-0.427232950925827,0.0,6617.1943
0.0,-0.4154956042766571,0.0,6617.1943
0.0,-0.43265262246131897,0.0,6617.1943
0.0,-0.408336877822876,0.0,6617.1943
0.0,-0.46046122908592224,0.0,6617.1943
0.0,-0.4063670337200165,0.0,6617.1943
0.0,-0.41281986236572266,0.0,6617.1943
0.0,-0.41818758845329285,0.0,6617.1943
0.0,-0.4136877655982971,0.0,6617.1943
0.0,-0.42082691192626953,0.0,6617.1943
0.0,-0.4208693504333496,0.0,6617.1943
0.0,-0.41156306862831116,0.0,6617.1943
0.0,-0.4053226411342621,0.0,6617.1943
0.0,-0.44098350405693054,0.0,6617.1943
0.0,-0.4469882547855377,0.0,6617.1943
0.0,-0.43629512190818787,0.0,6617.1943
0.0,-0.4169904887676239,0.0,6617.1943
0.0,-0.4289824068546295,0.0,6617.1943
0.0,-0.4378851056098938,0.0,6617.1943
0.0,-0.4513968527317047,0.0,6617.1943
0.0,-0.4116574823856354,0.0,6617.1943
0.0,-0.4549980163574219,0.0,6617.1943
0.0,-0.4128786027431488,0.0,6617.1943
0.0,-0.4110966622829437,0.0,6617.1943
0.0,-0.4192568361759186,0.0,6617.1943
0.0,-0.4490426182746887,0.0,6617.1943
0.0,-0.42135411500930786,0.0,6617.1943
0.0,-0.4666782319545746,0.0,6617.1943
0.0,-0.42756348848342896,0.0,6617.1943
0.0,-0.4034382998943329,0.0,6617.1943
0.0,-0.41892534494400024,0.0,6617.1943
0.0,-0.428853839635849,0.0,6617.1943
0.0,-0.4053264558315277,0.0,6617.1943
0.0,-0.4568510055541992,0.0,6617.1943
0.0,-0.4092598855495453,0.0,6617.1943
0.0,-0.4216315746307373,0.0,6617.1943
0.0,-0.41431161761283875,0.0,6617.1943
0.0,-0.4499690532684326,0.0,6617.1943
0.0,-0.4135775566101074,0.0,6617.1943
0.0,-0.4323602616786957,0.0,6617.1943
0.0,-0.4643801152706146,0.0,6617.1943
0.0,-0.44069918990135193,0.0,6617.1943
0.0,-0.3952614963054657,0.0,6617.1943
0.0,-0.4184629023075104,0.0,6617.1943
0.0,-0.43593549728393555,0.0,6617.1943
0.0,-0.4062561094760895,0.0,6617.1943
0.0,-0.5017776489257812,0.0,6617.1943
0.0,-0.4077214300632477,0.0,6617.1943
0.0,-0.4055837094783783,0.0,6617.1943
0.0,-0.40780773758888245,0.0,6617.1943
0.0,-0.4395265579223633,0.0,6617.1943
0.0,-0.4323694705963135,0.0,6617.1943
0.0,-0.4360821843147278,0.0,6617.1943
0.0,-0.494150847196579,0.0,6617.1943
0.0,-0.48853054642677307,0.0,6617.1943
0.0,-0.49974581599235535,0.0,6617.1943
0.0,-0.42197415232658386,0.0,6617.1943
0.0,-0.4156523644924164,0.0,6617.1943
0.0,-0.493076890707016,0.0,6617.1943
0.0,-0.4244759678840637,0.0,6617.1943
0.0,-0.46211376786231995,0.0,6617.1943
0.0,-0.41088399291038513,0.0,6617.1943
0.0,-0.4433586299419403,0.0,6617.1943
0.0,-0.4399588704109192,0.0,6617.1943
0.0,-0.4536314904689789,0.0,6617.1943
0.0,-0.4361492097377777,0.0,6617.1943
0.0,-0.4147956073284149,0.0,6617.1943
0.0,-0.4042626917362213,0.0,6617.1943
0.0,-0.45672354102134705,0.0,6617.1943
0.0,-0.49923935532569885,0.0,6617.1943
0.0,-0.4858388900756836,0.0,6617.1943
0.0,-0.4878241717815399,0.0,6617.1943
0.0,-0.4806896150112152,0.0,6617.1943
0.0,-0.44097480177879333,0.0,6617.1943
0.0,-0.4050668776035309,0.0,6617.1943
0.0,-0.4113394320011139,0.0,6617.1943
0.0,-0.4020240008831024,0.0,6617.1943
0.0,-0.4133865535259247,0.0,6617.1943
0.0,-0.43410277366638184,0.0,6617.1943
0.0,-0.43925490975379944,0.0,6617.1943
0.0,-0.4427628219127655,0.0,6617.1943
0.0,-0.44250747561454773,0.0,6617.1943
0.0,-0.4256313443183899,0.0,6617.1943
0.0,-0.3693830668926239,0.0,6617.1943
0.0,-0.3830622136592865,0.0,6617.1943
0.0,-0.378143310546875,0.0,6617.1943
0.0,-0.46503353118896484,0.0,6617.1943
0.0,-0.4672113358974457,0.0,6617.1943
0.0,-0.48563098907470703,0.0,6617.1943
0.0,-0.41961464285850525,0.0,6617.1943
0.0,-0.4121551513671875,0.0,6617.1943
0.0,-0.4054637849330902,0.0,6617.1943
0.0,-0.41335588693618774,0.0,6617.1943
0.0,-0.4342833161354065,0.0,6617.1943
0.0,-0.4181978404521942,0.0,6617.1943
0.0,-0.4423688054084778,0.0,6617.1943
0.0,-0.4191432595252991,0.0,6617.1943
0.0,-0.4047883450984955,0.0,6617.1943
0.0,-0.4081006944179535,0.0,6617.1943
0.0,-0.4106386601924896,0.0,6617.1943
0.0,-0.414394348859787,0.0,6617.1943
0.0,-0.4073939025402069,0.0,6617.1943
0.0,-0.4206920266151428,0.0,6617.1943
0.0,-0.4067228436470032,0.0,6617.1943
0.0,-0.4163675308227539,0.0,6617.1943
0.0,-0.41185426712036133,0.0,6617.1943
0.0,-0.42748451232910156,0.0,6617.1943
0.0,-0.4060521125793457,0.0,6617.1943
0.0,-0.42085370421409607,0.0,6617.1943
0.0,-0.4135015606880188,0.0,6617.1943
0.0,-0.4182601571083069,0.0,6617.1943
0.0,-0.40708595514297485,0.0,6617.1943
0.0,-0.43679553270339966,0.0,6617.1943
0.0,-0.40711545944213867,0.0,6617.1943
0.0,-0.4176498353481293,0.0,6617.1943
0.0,-0.4096306264400482,0.0,6617.1943
0.0,-0.4231147766113281,0.0,6617.1943
0.0,-0.4048469662666321,0.0,6617.1943
0.0,-0.4145955741405487,0.0,6617.1943
0.0,-0.49723020195961,0.0,6617.1943
0.0,-0.4531724452972412,0.0,6617.1943
0.0,-0.4153536260128021,0.0,6617.1943
0.0,-0.4095626473426819,0.0,6617.1943
0.0,-0.4341919422149658,0.0,6617.1943
0.0,-0.4479922950267792,0.0,6617.1943
0.0,-0.43551522493362427,0.0,6617.1943
0.0,-0.49904805421829224,0.0,6617.1943
0.0,-0.4480080306529999,0.0,6617.1943
0.0,-0.3876577913761139,0.0,6617.1943
0.0,-0.4112558364868164,0.0,6617.1943
0.0,-0.43025317788124084,0.0,6617.1943
0.0,-0.4112408757209778,0.0,6617.1943
0.0,-0.4295068383216858,0.0,6617.1943
0.0,-0.4413580894470215,0.0,6617.1943
0.0,-0.4113767743110657,0.0,6617.1943
0.0,-0.483928918838501,0.0,6617.1943
0.0,-0.4218451678752899,0.0,6617.1943
0.0,-0.40896478295326233,0.0,6617.1943
0.0,-0.42030707001686096,0.0,6617.1943
0.0,-0.43194547295570374,0.0,6617.1943
0.0,-0.44041377305984497,0.0,6617.1943
0.0,-0.3981994688510895,0.0,6617.1943
0.0,-0.41069331765174866,0.0,6617.1943
0.0,-0.42062947154045105,0.0,6617.1943
0.0,-0.41896533966064453,0.0,6617.1943
0.0,-0.4085545241832733,0.0,6617.1943
0.0,-0.41208457946777344,0.0,6617.1943
0.0,-0.4377993047237396,0.0,6617.1943
0.0,-0.43619203567504883,0.0,6617.1943
0.0,-0.4067937433719635,0.0,6617.1943
0.0,-0.4361371099948883,0.0,6617.1943
0.0,-0.40441080927848816,0.0,6617.1943
0.0,-0.41771799325942993,0.0,6617.1943
0.0,-0.41682812571525574,0.0,6617.1943
0.0,-0.42052793502807617,0.0,6617.1943
0.0,-0.4262256324291229,0.0,6617.1943
0.0,-0.40680915117263794,0.0,6617.1943
0.0,-0.45532146096229553,0.0,6617.1943
0.0,-0.40947744250297546,0.0,6617.1943
0.0,-0.4152192771434784,0.0,6617.1943
0.0,-0.4136718213558197,0.0,6617.1943
0.0,-0.4235153794288635,0.0,6617.1943
0.0,-0.41976189613342285,0.0,6617.1943
0.0,-0.40995699167251587,0.0,6617.1943
0.0,-0.519132137298584,0.0,6617.1943
0.0,-0.4651064872741699,0.0,6617.1943
0.0,-0.41265201568603516,0.0,6617.1943
0.0,-0.3641159236431122,0.0,6617.1943
0.0,-0.4097146689891815,0.0,6617.1943
0.0,-0.4255208969116211,0.0,6617.1943
0.0,-0.43348047137260437,0.0,6617.1943
0.0,-0.4322175979614258,0.0,6617.1943
0.0,-0.40277090668678284,0.0,6617.1943
0.0,-0.43244242668151855,0.0,6617.1943
0.0,-0.4892946183681488,0.0,6617.1943
0.0,-0.4385344088077545,0.0,6617.1943
0.0,-0.4282848536968231,0.0,6617.1943
0.0,-0.40588948130607605,0.0,6617.1943
0.0,-0.405987948179245,0.0,6617.1943
0.0,-0.43350282311439514,0.0,6617.1943
0.0,-0.43250784277915955,0.0,6617.1943
0.0,-0.44011518359184265,0.0,6617.1943
0.0,-0.42675018310546875,0.0,6617.1943
0.0,-0.48641443252563477,0.0,6617.1943
0.0,-0.40992242097854614,0.0,6617.1943
0.0,-0.4047885835170746,0.0,6617.1943
0.0,-0.4171323776245117,0.0,6617.1943
0.0,-0.4033413529396057,0.0,6617.1943
0.0,-0.4063286781311035,0.0,6617.1943
0.0,-0.41838571429252625,0.0,6617.1943
0.0,-0.4343227446079254,0.0,6617.1943
0.0,-0.42731165885925293,0.0,6617.1943
0.0,-0.4535846710205078,0.0,6617.1943
0.0,-0.4092821180820465,0.0,6617.1943
0.0,-0.45515909790992737,0.0,6617.1943
0.0,-0.39533254504203796,0.0,6617.1943
0.0,-0.4153214395046234,0.0,6617.1943
0.0,-0.408312052488327,0.0,6617.1943
0.0,-0.4446146488189697,0.0,6617.1943
0.0,-0.41767558455467224,0.0,6617.1943
0.0,-0.4428504407405853,0.0,6617.1943
0.0,-0.40918684005737305,0.0,6617.1943
0.0,-0.4162708818912506,0.0,6617.1943
0.0,-0.420049250125885,0.0,6617.1943
0.0,-0.41709908843040466,0.0,6617.1943
0.0,-0.41079050302505493,0.0,6617.1943
0.0,-0.4317624270915985,0.0,6617.1943
0.0,-0.4324650466442108,0.0,6617.1943
0.0,-0.4237992763519287,0.0,6617.1943
0.0,-0.43724772334098816,0.0,6617.1943
0.0,-0.4385109841823578,0.0,6617.1943
0.0,-0.4095345139503479,0.0,6617.1943
0.0,-0.4414290487766266,0.0,6617.1943
0.0,-0.42737776041030884,0.0,6617.1943
0.0,-0.41386839747428894,0.0,6617.1943
0.0,-0.4285055100917816,0.0,6617.1943
0.0,-0.4439108073711395,0.0,6617.1943
0.0,-0.42304402589797974,0.0,6617.1943
0.0,-0.440763920545578,0.0,6617.1943
0.0,-0.4057103097438812,0.0,6617.1943
0.0,-0.4233790934085846,0.0,6617.1943
0.0,-0.4321291148662567,0.0,6617.1943
0.0,-0.4226783812046051,0.0,6617.1943
0.0,-0.42708659172058105,0.0,6617.1943
0.0,-0.4097529947757721,0.0,6617.1943
0.0,-0.5096722841262817,0.0,6617.1943
0.0,-0.48774614930152893,0.0,6617.1943
0.0,-0.41968265175819397,0.0,6617.1943
0.0,-0.3784821927547455,0.0,6617.1943
0.0,-0.4192114770412445,0.0,6617.1943
0.0,-0.43804723024368286,0.0,6617.1943
0.0,-0.43534642457962036,0.0,6617.1943
0.0,-0.40608978271484375,0.0,6617.1943
0.0,-0.4081874489784241,0.0,6617.1943
0.0,-0.4040684700012207,0.0,6617.1943
0.0,-0.4829268455505371,0.0,6617.1943
0.0,-0.41071534156799316,0.0,6617.1943
0.0,-0.4135277271270752,0.0,6617.1943
0.0,-0.41599807143211365,0.0,6617.1943
0.0,-0.4071778953075409,0.0,6617.1943
0.0,-0.4023676812648773,0.0,6617.1943
0.0,-0.4429691731929779,0.0,6617.1943
0.0,-0.4249405860900879,0.0,6617.1943
0.0,-0.4139714241027832,0.0,6617.1943
0.0,-0.41366639733314514,0.0,6617.1943
0.0,-0.42118754982948303,0.0,6617.1943
0.0,-0.4146488308906555,0.0,6617.1943
0.0,-0.4514688551425934,0.0,6617.1943
0.0,-0.4091087281703949,0.0,6617.1943
0.0,-0.40779247879981995,0.0,6617.1943
0.0,-0.411642462015152,0.0,6617.1943
0.0,-0.41765132546424866,0.0,6617.1943
0.0,-0.43604859709739685,0.0,6617.1943
0.0,-0.40130168199539185,0.0,6617.1943
0.0,-0.4517734944820404,0.0,6617.1943
0.0,-0.4407336711883545,0.0,6617.1943
0.0,-0.44764280319213867,0.0,6617.1943
0.0,-0.4149273931980133,0.0,6617.1943
0.0,-0.47442927956581116,0.0,6617.1943
0.0,-0.4531802833080292,0.0,6617.1943
0.0,-0.4488333761692047,0.0,6617.1943
0.0,-0.412137895822525,0.0,6617.1943
0.0,-0.40770861506462097,0.0,6617.1943
0.0,-0.43053388595581055,0.0,6617.1943
0.0,-0.4189240634441376,0.0,6617.1943
0.0,-0.4435628354549408,0.0,6617.1943
0.0,-0.4357101619243622,0.0,6617.1943
0.0,-0.4341408908367157,0.0,6617.1943
0.0,-0.45346957445144653,0.0,6617.1943
0.0,-0.43843188881874084,0.0,6617.1943
0.0,-0.5005912780761719,0.0,6617.1943
0.0,-0.4395618140697479,0.0,6617.1943
0.0,-0.4030594527721405,0.0,6617.1943
