healthy,ctrl,forward,cumulative
0.0,-0.20697727799415588,0.0,6375.9165
0.0,-0.31028762459754944,0.0,6375.9165
0.0,-0.32992279529571533,0.0,6375.9165
0.0,-0.31703507900238037,0.0,6375.9165
0.0,-0.346307635307312,0.0,6375.9165
0.0,-0.3243052661418915,0.0,6375.9165
0.0,-0.3270438015460968,0.0,6375.9165
0.0,-0.3593135476112366,0.0,6375.9165
0.0,-0.3539681136608124,0.0,6375.9165
0.0,-0.3465822637081146,0.0,6375.9165
0.0,-0.34894120693206787,0.0,6375.9165
0.0,-0.3496675193309784,0.0,6375.9165
0.0,-0.34986254572868347,0.0,6375.9165
0.0,-0.34983718395233154,0.0,6375.9165
0.0,-0.34963756799697876,0.0,6375.9165
0.0,-0.3491445779800415,0.0,6375.9165
0.0,-0.34965643286705017,0.0,6375.9165
0.0,-0.34845539927482605,0.0,6375.9165
0.0,-0.3482286036014557,0.0,6375.9165
0.0,-0.35798975825309753,0.0,6375.9165
0.0,-0.3549540042877197,0.0,6375.9165
0.0,-0.3478328287601471,0.0,6375.9165
0.0,-0.35788393020629883,0.0,6375.9165
0.0,-0.3533998131752014,0.0,6375.9165
0.0,-0.3517278730869293,0.0,6375.9165
0.0,-0.35593292117118835,0.0,6375.9165
0.0,-0.34854045510292053,0.0,6375.9165
0.0,-0.3609651029109955,0.0,6375.9165
0.0,-0.33726364374160767,0.0,6375.9165
0.0,-0.34866783022880554,0.0,6375.9165
0.0,-0.35821038484573364,0.0,6375.9165
0.0,-0.345407098531723,0.0,6375.9165
0.0,-0.3524791896343231,0.0,6375.9165
0.0,-0.3527836501598358,0.0,6375.9165
0.0,-0.34707123041152954,0.0,6375.9165
0.0,-0.33826765418052673,0.0,6375.9165
0.0,-0.3532557785511017,0.0,6375.9165
0.0,-0.34572744369506836,0.0,6375.9165
0.0,-0.35289689898490906,0.0,6375.9165
0.0,-0.3334047794342041,0.0,6375.9165
0.0,-0.3590306341648102,0.0,6375.9165
0.0,-0.3571550250053406,0.0,6375.9165
0.0,-0.35439810156822205,0.0,6375.9165
0.0,-0.3379097878932953,0.0,6375.9165
0.0,-0.3568701446056366,0.0,6375.9165
0.0,-0.35334131121635437,0.0,6375.9165
0.0,-0.341081827878952,0.0,6375.9165
0.0,-0.3453538417816162,0.0,6375.9165
0.0,-0.3724280893802643,0.0,6375.9165
0.0,-0.29195207357406616,0.0,6375.9165
0.0,-0.3532625734806061,0.0,6375.9165
0.0,-0.33899882435798645,0.0,6375.9165
0.0,-0.33163371682167053,0.0,6375.9165
0.0,-0.3410249352455139,0.0,6375.9165
0.0,-0.34792688488960266,0.0,6375.9165
0.0,-0.3474484086036682,0.0,6375.9165
0.0,-0.315537691116333,0.0,6375.9165
0.0,-0.3339991569519043,0.0,6375.9165
0.0,-0.36077266931533813,0.0,6375.9165
0.0,-0.3506348133087158,0.0,6375.9165
0.0,-0.35638922452926636,0.0,6375.9165
0.0,-0.3536407947540283,0.0,6375.9165
0.0,-0.3610517680644989,0.0,6375.9165
0.0,-0.3512715995311737,0.0,6375.9165
0.0,-0.3441306948661804,0.0,6375.9165
0.0,-0.36990824341773987,0.0,6375.9165
0.0,-0.3449414372444153,0.0,6375.9165
0.0,-0.35755452513694763,0.0,6375.9165
0.0,-0.3505811095237732,0.0,6375.9165
0.0,-0.3503855764865875,0.0,6375.9165
0.0,-0.35275766253471375,0.0,6375.9165
0.0,-0.35124802589416504,0.0,6375.9165
0.0,-0.3589761257171631,0.0,6375.9165
0.0,-0.36036938428878784,0.0,6375.9165
0.0,-0.35052818059921265,0.0,6375.9165
0.0,-0.349172443151474,0.0,6375.9165
0.0,-0.36135774850845337,0.0,6375.9165
0.0,-0.3474787175655365,0.0,6375.9165
0.0,-0.35392820835113525,0.0,6375.9165
0.0,-0.3624224066734314,0.0,6375.9165
0.0,-0.3229999244213104,0.0,6375.9165
0.0,-0.35647138953208923,0.0,6375.9165
0.0,-0.30230945348739624,0.0,6375.9165
0.0,-0.32188859581947327,0.0,6375.9165
0.0,-0.3018980324268341,0.0,6375.9165
0.0,-0.3457966446876526,0.0,6375.9165
0.0,-0.35740581154823303,0.0,6375.9165
0.0,-0.30968135595321655,0.0,6375.9165
0.0,-0.36849889159202576,0.0,6375.9165
0.0,-0.3537446856498718,0.0,6375.9165
0.0,-0.3396162688732147,0.0,6375.9165
0.0,-0.3563094735145569,0.0,6375.9165
0.0,-0.34739789366722107,0.0,6375.9165
0.0,-0.3416987657546997,0.0,6375.9165
0.0,-0.3523029088973999,0.0,6375.9165
0.0,-0.34943222999572754,0.0,6375.9165
0.0,-0.3598836362361908,0.0,6375.9165
0.0,-0.35224443674087524,0.0,6375.9165
0.0,-0.35624533891677856,0.0,6375.9165
0.0,-0.3473100960254669,0.0,6375.9165
0.0,-0.3519223630428314,0.0,6375.9165
0.0,-0.3678572475910187,0.0,6375.9165
0.0,-0.3541950285434723,0.0,6375.9165
0.0,-0.343471884727478,0.0,6375.9165
0.0,-0.3517354428768158,0.0,6375.9165
0.0,-0.36068159341812134,0.0,6375.9165
0.0,-0.3500182032585144,0.0,6375.9165
0.0,-0.35377323627471924,0.0,6375.9165
0.0,-0.3543962836265564,0.0,6375.9165
0.0,-0.3838716149330139,0.0,6375.9165
0.0,-0.3364730775356293,0.0,6375.9165
0.0,-0.34153470396995544,0.0,6375.9165
0.0,-0.36172255873680115,0.0,6375.9165
0.0,-0.3537926971912384,0.0,6375.9165
0.0,-0.3533148169517517,0.0,6375.9165
0.0,-0.35421860218048096,0.0,6375.9165
0.0,-0.3449687957763672,0.0,6375.9165
0.0,-0.3850994408130646,0.0,6375.9165
0.0,-0.36615505814552307,0.0,6375.9165
0.0,-0.346225768327713,0.0,6375.9165
0.0,-0.3584541976451874,0.0,6375.9165
0.0,-0.34911635518074036,0.0,6375.9165
0.0,-0.3668127954006195,0.0,6375.9165
0.0,-0.33831164240837097,0.0,6375.9165
0.0,-0.3562578558921814,0.0,6375.9165
0.0,-0.35351404547691345,0.0,6375.9165
0.0,-0.34575575590133667,0.0,6375.9165
0.0,-0.3759865164756775,0.0,6375.9165
0.0,-0.3441300392150879,0.0,6375.9165
0.0,-0.35428380966186523,0.0,6375.9165
0.0,-0.3453512191772461,0.0,6375.9165
0.0,-0.3528788983821869,0.0,6375.9165
0.0,-0.3524082601070404,0.0,6375.9165
0.0,-0.3536878526210785,0.0,6375.9165
0.0,-0.33778274059295654,0.0,6375.9165
0.0,-0.34418100118637085,0.0,6375.9165
0.0,-0.35138940811157227,0.0,6375.9165
0.0,-0.34908387064933777,0.0,6375.9165
0.0,-0.3476996421813965,0.0,6375.9165
0.0,-0.3541915714740753,0.0,6375.9165
0.0,-0.353328675031662,0.0,6375.9165
0.0,-0.3483991324901581,0.0,6375.9165
0.0,-0.3579206168651581,0.0,6375.9165
0.0,-0.35071656107902527,0.0,6375.9165
0.0,-0.35370564460754395,0.0,6375.9165
0.0,-0.3395784795284271,0.0,6375.9165
0.0,-0.36018165946006775,0.0,6375.9165
0.0,-0.3515901267528534,0.0,6375.9165
0.0,-0.3536287844181061,0.0,6375.9165
0.0,-0.3514508605003357,0.0,6375.9165
0.0,-0.3505275845527649,0.0,6375.9165
0.0,-0.3436090648174286,0.0,6375.9165
0.0,-0.3131061792373657,0.0,6375.9165
0.0,-0.37187376618385315,0.0,6375.9165
0.0,-0.3354894518852234,0.0,6375.9165
0.0,-0.36048802733421326,0.0,6375.9165
0.0,-0.3517698347568512,0.0,6375.9165
0.0,-0.35182178020477295,0.0,6375.9165
0.0,-0.36052629351615906,0.0,6375.9165
0.0,-0.34763193130493164,0.0,6375.9165
0.0,-0.3434971570968628,0.0,6375.9165
0.0,-0.3276674449443817,0.0,6375.9165
0.0,-0.3533197045326233,0.0,6375.9165
0.0,-0.32015034556388855,0.0,6375.9165
0.0,-0.33958208560943604,0.0,6375.9165
0.0,-0.3748182952404022,0.0,6375.9165
0.0,-0.3326945900917053,0.0,6375.9165
0.0,-0.3528444766998291,0.0,6375.9165
0.0,-0.3559292256832123,0.0,6375.9165
0.0,-0.35055607557296753,0.0,6375.9165
0.0,-0.3532516360282898,0.0,6375.9165
0.0,-0.35459476709365845,0.0,6375.9165
0.0,-0.3584795594215393,0.0,6375.9165
0.0,-0.3852982223033905,0.0,6375.9165
0.0,-0.34574607014656067,0.0,6375.9165
0.0,-0.3584451973438263,0.0,6375.9165
0.0,-0.31569012999534607,0.0,6375.9165
0.0,-0.3575117290019989,0.0,6375.9165
0.0,-0.34795984625816345,0.0,6375.9165
0.0,-0.35184845328330994,0.0,6375.9165
0.0,-0.351131409406662,0.0,6375.9165
0.0,-0.36310356855392456,0.0,6375.9165
0.0,-0.37853747606277466,0.0,6375.9165
0.0,-0.3624907433986664,0.0,6375.9165
0.0,-0.3416331708431244,0.0,6375.9165
0.0,-0.3399662673473358,0.0,6375.9165
0.0,-0.3543945252895355,0.0,6375.9165
0.0,-0.31679317355155945,0.0,6375.9165
0.0,-0.3016683757305145,0.0,6375.9165
0.0,-0.3750651776790619,0.0,6375.9165
0.0,-0.34223872423171997,0.0,6375.9165
0.0,-0.34933194518089294,0.0,6375.9165
0.0,-0.3641703128814697,0.0,6375.9165
0.0,-0.3346404433250427,0.0,6375.9165
0.0,-0.3725488483905792,0.0,6375.9165
0.0,-0.3003547191619873,0.0,6375.9165
0.0,-0.3071325719356537,0.0,6375.9165
0.0,-0.3567008972167969,0.0,6375.9165
0.0,-0.3569805324077606,0.0,6375.9165
0.0,-0.34131431579589844,0.0,6375.9165
0.0,-0.3475778102874756,0.0,6375.9165
0.0,-0.3555939793586731,0.0,6375.9165
0.0,-0.3487095534801483,0.0,6375.9165
0.0,-0.35223814845085144,0.0,6375.9165
0.0,-0.3477192223072052,0.0,6375.9165
0.0,-0.3219105899333954,0.0,6375.9165
0.0,-0.3013688325881958,0.0,6375.9165
0.0,-0.2919307053089142,0.0,6375.9165
0.0,-0.22839418053627014,0.0,6375.9165
0.0,-0.2879490852355957,0.0,6375.9165
0.0,-0.35644152760505676,0.0,6375.9165
0.0,-0.35392969846725464,0.0,6375.9165
0.0,-0.3517601191997528,0.0,6375.9165
0.0,-0.3570857644081116,0.0,6375.9165
0.0,-0.3519291579723358,0.0,6375.9165
0.0,-0.3490954041481018,0.0,6375.9165
0.0,-0.3566194772720337,0.0,6375.9165
0.0,-0.35397157073020935,0.0,6375.9165
0.0,-0.3524274528026581,0.0,6375.9165
0.0,-0.3104463219642639,0.0,6375.9165
0.0,-0.35961419343948364,0.0,6375.9165
0.0,-0.3604550063610077,0.0,6375.9165
0.0,-0.3528021574020386,0.0,6375.9165
0.0,-0.3483688533306122,0.0,6375.9165
0.0,-0.35300546884536743,0.0,6375.9165
0.0,-0.35601022839546204,0.0,6375.9165
0.0,-0.34968626499176025,0.0,6375.9165
0.0,-0.34783443808555603,0.0,6375.9165
0.0,-0.3524995744228363,0.0,6375.9165
0.0,-0.35119888186454773,0.0,6375.9165
0.0,-0.3401031792163849,0.0,6375.9165
0.0,-0.3487992286682129,0.0,6375.9165
0.0,-0.353105366230011,0.0,6375.9165
0.0,-0.35495051741600037,0.0,6375.9165
0.0,-0.34935981035232544,0.0,6375.9165
0.0,-0.35030320286750793,0.0,6375.9165
0.0,-0.3513304889202118,0.0,6375.9165
0.0,-0.3525882959365845,0.0,6375.9165
0.0,-0.34960100054740906,0.0,6375.9165
0.0,-0.3549334406852722,0.0,6375.9165
0.0,-0.3527216911315918,0.0,6375.9165
0.0,-0.3529563844203949,0.0,6375.9165
0.0,-0.3513345420360565,0.0,6375.9165
0.0,-0.34985074400901794,0.0,6375.9165
0.0,-0.35203805565834045,0.0,6375.9165
0.0,-0.34474366903305054,0.0,6375.9165
0.0,-0.3569009602069855,0.0,6375.9165
0.0,-0.34833022952079773,0.0,6375.9165
0.0,-0.3515818417072296,0.0,6375.9165
0.0,-0.3690551221370697,0.0,6375.9165
0.0,-0.3490768373012543,0.0,6375.9165
0.0,-0.3568176329135895,0.0,6375.9165
0.0,-0.34905192255973816,0.0,6375.9165
0.0,-0.35411080718040466,0.0,6375.9165
0.0,-0.3593152165412903,0.0,6375.9165
0.0,-0.3628304600715637,0.0,6375.9165
0.0,-0.35105985403060913,0.0,6375.9165
0.0,-0.34734222292900085,0.0,6375.9165
0.0,-0.3497791588306427,0.0,6375.9165
0.0,-0.3536379039287567,0.0,6375.9165
0.0,-0.35960352420806885,0.0,6375.9165
0.0,-0.3402363359928131,0.0,6375.9165
0.0,-0.3522665202617645,0.0,6375.9165
0.0,-0.3214758336544037,0.0,6375.9165
0.0,-0.34811246395111084,0.0,6375.9165
0.0,-0.35644903779029846,0.0,6375.9165
0.0,-0.34758976101875305,0.0,6375.9165
0.0,-0.36391720175743103,0.0,6375.9165
0.0,-0.35026228427886963,0.0,6375.9165
0.0,-0.3498637080192566,0.0,6375.9165
0.0,-0.35156548023223877,0.0,6375.9165
0.0,-0.35031285881996155,0.0,6375.9165
0.0,-0.35025715827941895,0.0,6375.9165
0.0,-0.3489826023578644,0.0,6375.9165
0.0,-0.3503972291946411,0.0,6375.9165
0.0,-0.3518379032611847,0.0,6375.9165
0.0,-0.34814977645874023,0.0,6375.9165
0.0,-0.35482192039489746,0.0,6375.9165
0.0,-0.35110923647880554,0.0,6375.9165
0.0,-0.35449323058128357,0.0,6375.9165
0.0,-0.3500654697418213,0.0,6375.9165
0.0,-0.3522152602672577,0.0,6375.9165
0.0,-0.3515934944152832,0.0,6375.9165
0.0,-0.3635525703430176,0.0,6375.9165
0.0,-0.3608597218990326,0.0,6375.9165
0.0,-0.34951862692832947,0.0,6375.9165
0.0,-0.3556114137172699,0.0,6375.9165
0.0,-0.3495107889175415,0.0,6375.9165
0.0,-0.36260733008384705,0.0,6375.9165
0.0,-0.34068554639816284,0.0,6375.9165
0.0,-0.3527193069458008,0.0,6375.9165
0.0,-0.3520859479904175,0.0,6375.9165
0.0,-0.356504887342453,0.0,6375.9165
0.0,-0.3337465822696686,0.0,6375.9165
0.0,-0.35978174209594727,0.0,6375.9165
0.0,-0.33844903111457825,0.0,6375.9165
0.0,-0.34999704360961914,0.0,6375.9165
0.0,-0.35312923789024353,0.0,6375.9165
0.0,-0.350652813911438,0.0,6375.9165
0.0,-0.35127729177474976,0.0,6375.9165
0.0,-0.3490426540374756,0.0,6375.9165
0.0,-0.3538491129875183,0.0,6375.9165
0.0,-0.34229156374931335,0.0,6375.9165
0.0,-0.36267897486686707,0.0,6375.9165
0.0,-0.334534615278244,0.0,6375.9165
0.0,-0.35159167647361755,0.0,6375.9165
0.0,-0.35456886887550354,0.0,6375.9165
0.0,-0.3539358377456665,0.0,6375.9165
0.0,-0.350713312625885,0.0,6375.9165
0.0,-0.36312636733055115,0.0,6375.9165
0.0,-0.3528960943222046,0.0,6375.9165
0.0,-0.3260541558265686,0.0,6375.9165
0.0,-0.35837724804878235,0.0,6375.9165
0.0,-0.2915095090866089,0.0,6375.9165
0.0,-0.33863988518714905,0.0,6375.9165
0.0,-0.3603786528110504,0.0,6375.9165
0.0,-0.3251396417617798,0.0,6375.9165
0.0,-0.3670782744884491,0.0,6375.9165
0.0,-0.33848366141319275,0.0,6375.9165
0.0,-0.3563940227031708,0.0,6375.9165
0.0,-0.3469460904598236,0.0,6375.9165
0.0,-0.37071463465690613,0.0,6375.9165
0.0,-0.3399922251701355,0.0,6375.9165
0.0,-0.3517798185348511,0.0,6375.9165
0.0,-0.3551531434059143,0.0,6375.9165
0.0,-0.3497370183467865,0.0,6375.9165
0.0,-0.35451850295066833,0.0,6375.9165
0.0,-0.3312734365463257,0.0,6375.9165
0.0,-0.3703501224517822,0.0,6375.9165
0.0,-0.33972546458244324,0.0,6375.9165
0.0,-0.3586748540401459,0.0,6375.9165
0.0,-0.3567095100879669,0.0,6375.9165
0.0,-0.3511147201061249,0.0,6375.9165
0.0,-0.3594880998134613,0.0,6375.9165
0.0,-0.3244140148162842,0.0,6375.9165
0.0,-0.3686746656894684,0.0,6375.9165
0.0,-0.33025047183036804,0.0,6375.9165
0.0,-0.3602927625179291,0.0,6375.9165
0.0,-0.34368211030960083,0.0,6375.9165
0.0,-0.3610687851905823,0.0,6375.9165
0.0,-0.3374224305152893,0.0,6375.9165
0.0,-0.359082967042923,0.0,6375.9165
0.0,-0.3508385121822357,0.0,6375.9165
0.0,-0.35241976380348206,0.0,6375.9165
0.0,-0.35215744376182556,0.0,6375.9165
0.0,-0.3497641980648041,0.0,6375.9165
0.0,-0.35481828451156616,0.0,6375.9165
0.0,-0.32170015573501587,0.0,6375.9165
0.0,-0.3135698735713959,0.0,6375.9165
0.0,-0.34690213203430176,0.0,6375.9165
0.0,-0.3620898425579071,0.0,6375.9165
0.0,-0.3392491340637207,0.0,6375.9165
0.0,-0.3505062758922577,0.0,6375.9165
0.0,-0.3517725169658661,0.0,6375.9165
0.0,-0.33707770705223083,0.0,6375.9165
0.0,-0.3595639765262604,0.0,6375.9165
0.0,-0.34379228949546814,0.0,6375.9165
0.0,-0.36570286750793457,0.0,6375.9165
0.0,-0.3361421525478363,0.0,6375.9165
0.0,-0.3568394184112549,0.0,6375.9165
0.0,-0.3494032323360443,0.0,6375.9165
0.0,-0.3571086525917053,0.0,6375.9165
0.0,-0.3360261917114258,0.0,6375.9165
0.0,-0.35702070593833923,0.0,6375.9165
0.0,-0.3547084331512451,0.0,6375.9165
0.0,-0.3506714403629303,0.0,6375.9165
0.0,-0.35452717542648315,0.0,6375.9165
0.0,-0.3525034189224243,0.0,6375.9165
0.0,-0.33074361085891724,0.0,6375.9165
0.0,-0.36549267172813416,0.0,6375.9165
0.0,-0.3459497094154358,0.0,6375.9165
0.0,-0.3610961139202118,0.0,6375.9165
0.0,-0.34810134768486023,0.0,6375.9165
0.0,-0.3586771786212921,0.0,6375.9165
0.0,-0.34760352969169617,0.0,6375.9165
0.0,-0.353883296251297,0.0,6375.9165
0.0,-0.3567506670951843,0.0,6375.9165
0.0,-0.35843297839164734,0.0,6375.9165
0.0,-0.3497268855571747,0.0,6375.9165
0.0,-0.35379236936569214,0.0,6375.9165
0.0,-0.365316241979599,0.0,6375.9165
0.0,-0.3525260090827942,0.0,6375.9165
0.0,-0.35799044370651245,0.0,6375.9165
0.0,-0.35060548782348633,0.0,6375.9165
0.0,-0.355663537979126,0.0,6375.9165
0.0,-0.3492651581764221,0.0,6375.9165
0.0,-0.35380256175994873,0.0,6375.9165
0.0,-0.3585436940193176,0.0,6375.9165
0.0,-0.3273284435272217,0.0,6375.9165
0.0,-0.35632139444351196,0.0,6375.9165
0.0,-0.3521202802658081,0.0,6375.9165
0.0,-0.36180147528648376,0.0,6375.9165
0.0,-0.3529984951019287,0.0,6375.9165
0.0,-0.3541959226131439,0.0,6375.9165
0.0,-0.3410479724407196,0.0,6375.9165
0.0,-0.36195147037506104,0.0,6375.9165
0.0,-0.3404967486858368,0.0,6375.9165
0.0,-0.36020538210868835,0.0,6375.9165
0.0,-0.34096118807792664,0.0,6375.9165
0.0,-0.35729509592056274,0.0,6375.9165
0.0,-0.35872793197631836,0.0,6375.9165
0.0,-0.35499143600463867,0.0,6375.9165
0.0,-0.35103702545166016,0.0,6375.9165
0.0,-0.36204102635383606,0.0,6375.9165
0.0,-0.35016798973083496,0.0,6375.9165
0.0,-0.349239319562912,0.0,6375.9165
0.0,-0.3543156087398529,0.0,6375.9165
0.0,-0.3301110565662384,0.0,6375.9165
0.0,-0.36876818537712097,0.0,6375.9165
0.0,-0.3064226806163788,0.0,6375.9165
0.0,-0.33580073714256287,0.0,6375.9165
0.0,-0.35453349351882935,0.0,6375.9165
0.0,-0.35189205408096313,0.0,6375.9165
0.0,-0.3459422290325165,0.0,6375.9165
0.0,-0.35448184609413147,0.0,6375.9165
0.0,-0.35070571303367615,0.0,6375.9165
0.0,-0.3459920287132263,0.0,6375.9165
0.0,-0.34525012969970703,0.0,6375.9165
0.0,-0.356203556060791,0.0,6375.9165
0.0,-0.3500621020793915,0.0,6375.9165
0.0,-0.3515009880065918,0.0,6375.9165
0.0,-0.33474668860435486,0.0,6375.9165
0.0,-0.3566766381263733,0.0,6375.9165
0.0,-0.3500644862651825,0.0,6375.9165
0.0,-0.3491843342781067,0.0,6375.9165
0.0,-0.3669888973236084,0.0,6375.9165
0.0,-0.3349348306655884,0.0,6375.9165
0.0,-0.36849862337112427,0.0,6375.9165
0.0,-0.33158352971076965,0.0,6375.9165
0.0,-0.3565235137939453,0.0,6375.9165
0.0,-0.352004736661911,0.0,6375.9165
0.0,-0.3425806164741516,0.0,6375.9165
0.0,-0.33602476119995117,0.0,6375.9165
0.0,-0.3390473425388336,0.0,6375.9165
0.0,-0.35616064071655273,0.0,6375.9165
0.0,-0.34342408180236816,0.0,6375.9165
0.0,-0.36247262358665466,0.0,6375.9165
0.0,-0.3498750329017639,0.0,6375.9165
0.0,-0.35383114218711853,0.0,6375.9165
0.0,-0.35584571957588196,0.0,6375.9165
0.0,-0.35675618052482605,0.0,6375.9165
0.0,-0.3552180826663971,0.0,6375.9165
0.0,-0.3608114421367645,0.0,6375.9165
0.0,-0.35292449593544006,0.0,6375.9165
0.0,-0.3555489778518677,0.0,6375.9165
0.0,-0.34772589802742004,0.0,6375.9165
0.0,-0.3606831729412079,0.0,6375.9165
0.0,-0.35426995158195496,0.0,6375.9165
0.0,-0.33905771374702454,0.0,6375.9165
0.0,-0.34776797890663147,0.0,6375.9165
0.0,-0.3712765872478485,0.0,6375.9165
0.0,-0.3024651110172272,0.0,6375.9165
0.0,-0.36980292201042175,0.0,6375.9165
0.0,-0.3459445536136627,0.0,6375.9165
0.0,-0.3571641147136688,0.0,6375.9165
0.0,-0.34932321310043335,0.0,6375.9165
0.0,-0.3574223816394806,0.0,6375.9165
0.0,-0.3423144817352295,0.0,6375.9165
0.0,-0.35337066650390625,0.0,6375.9165
0.0,-0.3553803861141205,0.0,6375.9165
0.0,-0.3490338921546936,0.0,6375.9165
0.0,-0.35838624835014343,0.0,6375.9165
0.0,-0.3523658514022827,0.0,6375.9165
0.0,-0.35694798827171326,0.0,6375.9165
0.0,-0.3489949405193329,0.0,6375.9165
0.0,-0.3448849022388458,0.0,6375.9165
0.0,-0.36331772804260254,0.0,6375.9165
0.0,-0.3449898362159729,0.0,6375.9165
0.0,-0.36085450649261475,0.0,6375.9165
0.0,-0.3276243507862091,0.0,6375.9165
0.0,-0.36084407567977905,0.0,6375.9165
0.0,-0.34957635402679443,0.0,6375.9165
0.0,-0.3459121286869049,0.0,6375.9165
0.0,-0.3511013686656952,0.0,6375.9165
0.0,-0.3568727970123291,0.0,6375.9165
0.0,-0.3530281186103821,0.0,6375.9165
0.0,-0.31834086775779724,0.0,6375.9165
0.0,-0.3505588471889496,0.0,6375.9165
0.0,-0.2774963974952698,0.0,6375.9165
0.0,-0.36010968685150146,0.0,6375.9165
0.0,-0.2835755944252014,0.0,6375.9165
0.0,-0.3664937913417816,0.0,6375.9165
0.0,-0.3460729122161865,0.0,6375.9165
0.0,-0.3507939279079437,0.0,6375.9165
0.0,-0.3505403399467468,0.0,6375.9165
0.0,-0.35439205169677734,0.0,6375.9165
0.0,-0.34231770038604736,0.0,6375.9165
0.0,-0.3488616645336151,0.0,6375.9165
0.0,-0.3433243930339813,0.0,6375.9165
0.0,-0.3468858003616333,0.0,6375.9165
0.0,-0.34328493475914,0.0,6375.9165
0.0,-0.3480115532875061,0.0,6375.9165
0.0,-0.3388057053089142,0.0,6375.9165
0.0,-0.346697062253952,0.0,6375.9165
0.0,-0.34951186180114746,0.0,6375.9165
0.0,-0.34917980432510376,0.0,6375.9165
0.0,-0.3506944477558136,0.0,6375.9165
0.0,-0.34906768798828125,0.0,6375.9165
0.0,-0.3507196605205536,0.0,6375.9165
0.0,-0.34877002239227295,0.0,6375.9165
0.0,-0.31123700737953186,0.0,6375.9165
0.0,-0.3091064393520355,0.0,6375.9165
0.0,-0.30383872985839844,0.0,6375.9165
0.0,-0.31144779920578003,0.0,6375.9165
0.0,-0.30124104022979736,0.0,6375.9165
0.0,-0.3356424570083618,0.0,6375.9165
0.0,-0.34532448649406433,0.0,6375.9165
0.0,-0.35849177837371826,0.0,6375.9165
0.0,-0.35590440034866333,0.0,6375.9165
0.0,-0.34858742356300354,0.0,6375.9165
0.0,-0.34928563237190247,0.0,6375.9165
0.0,-0.3536595404148102,0.0,6375.9165
0.0,-0.3486417829990387,0.0,6375.9165
0.0,-0.35391518473625183,0.0,6375.9165
0.0,-0.3484186828136444,0.0,6375.9165
0.0,-0.3524235486984253,0.0,6375.9165
0.0,-0.300879567861557,0.0,6375.9165
0.0,-0.36439892649650574,0.0,6375.9165
0.0,-0.35967275500297546,0.0,6375.9165
0.0,-0.3507697284221649,0.0,6375.9165
0.0,-0.35414180159568787,0.0,6375.9165
0.0,-0.3551386892795563,0.0,6375.9165
0.0,-0.34111377596855164,0.0,6375.9165
0.0,-0.35758891701698303,0.0,6375.9165
0.0,-0.34719571471214294,0.0,6375.9165
0.0,-0.35248714685440063,0.0,6375.9165
0.0,-0.35092291235923767,0.0,6375.9165
0.0,-0.3448147773742676,0.0,6375.9165
0.0,-0.35560280084609985,0.0,6375.9165
0.0,-0.35337042808532715,0.0,6375.9165
0.0,-0.34998083114624023,0.0,6375.9165
0.0,-0.34999534487724304,0.0,6375.9165
0.0,-0.3505338132381439,0.0,6375.9165
0.0,-0.3550057113170624,0.0,6375.9165
0.0,-0.3593314588069916,0.0,6375.9165
0.0,-0.34656766057014465,0.0,6375.9165
0.0,-0.3538873791694641,0.0,6375.9165
0.0,-0.3456788659095764,0.0,6375.9165
0.0,-0.3684871196746826,0.0,6375.9165
0.0,-0.33115851879119873,0.0,6375.9165
0.0,-0.3662588894367218,0.0,6375.9165
0.0,-0.3468267619609833,0.0,6375.9165
0.0,-0.35623303055763245,0.0,6375.9165
0.0,-0.3395709693431854,0.0,6375.9165
0.0,-0.35622087121009827,0.0,6375.9165
0.0,-0.35194119811058044,0.0,6375.9165
0.0,-0.3398669362068176,0.0,6375.9165
0.0,-0.35457557439804077,0.0,6375.9165
0.0,-0.3517994284629822,0.0,6375.9165
0.0,-0.34154367446899414,0.0,6375.9165
0.0,-0.35435745120048523,0.0,6375.9165
0.0,-0.3365456163883209,0.0,6375.9165
0.0,-0.36171695590019226,0.0,6375.9165
0.0,-0.34341150522232056,0.0,6375.9165
0.0,-0.36994442343711853,0.0,6375.9165
0.0,-0.3331572413444519,0.0,6375.9165
0.0,-0.3695980906486511,0.0,6375.9165
0.0,-0.32365134358406067,0.0,6375.9165
0.0,-0.35510119795799255,0.0,6375.9165
0.0,-0.34434518218040466,0.0,6375.9165
0.0,-0.35482993721961975,0.0,6375.9165
0.0,-0.3874433934688568,0.0,6375.9165
0.0,-0.3336516320705414,0.0,6375.9165
0.0,-0.357785701751709,0.0,6375.9165
0.0,-0.3488498032093048,0.0,6375.9165
0.0,-0.3584035038948059,0.0,6375.9165
0.0,-0.3483787477016449,0.0,6375.9165
0.0,-0.3652096390724182,0.0,6375.9165
0.0,-0.33156272768974304,0.0,6375.9165
0.0,-0.3622535467147827,0.0,6375.9165
0.0,-0.32969930768013,0.0,6375.9165
0.0,-0.35211262106895447,0.0,6375.9165
0.0,-0.34976595640182495,0.0,6375.9165
0.0,-0.35278263688087463,0.0,6375.9165
0.0,-0.3486482799053192,0.0,6375.9165
0.0,-0.35381370782852173,0.0,6375.9165
0.0,-0.3556876480579376,0.0,6375.9165
0.0,-0.3433859050273895,0.0,6375.9165
0.0,-0.3435170352458954,0.0,6375.9165
0.0,-0.35686084628105164,0.0,6375.9165
0.0,-0.36151278018951416,0.0,6375.9165
0.0,-0.3171931207180023,0.0,6375.9165
0.0,-0.32558146119117737,0.0,6375.9165
0.0,-0.3569523096084595,0.0,6375.9165
0.0,-0.3482135832309723,0.0,6375.9165
0.0,-0.34931260347366333,0.0,6375.9165
0.0,-0.350512832403183,0.0,6375.9165
0.0,-0.351479172706604,0.0,6375.9165
0.0,-0.34818124771118164,0.0,6375.9165
0.0,-0.34914538264274597,0.0,6375.9165
0.0,-0.3510570228099823,0.0,6375.9165
0.0,-0.35051754117012024,0.0,6375.9165
0.0,-0.3046324849128723,0.0,6375.9165
0.0,-0.3151150941848755,0.0,6375.9165
0.0,-0.25067582726478577,0.0,6375.9165
0.0,-0.23084579408168793,0.0,6375.9165
0.0,-0.3690120577812195,0.0,6375.9165
0.0,-0.33099618554115295,0.0,6375.9165
0.0,-0.3507753312587738,0.0,6375.9165
0.0,-0.35970717668533325,0.0,6375.9165
0.0,-0.3486010432243347,0.0,6375.9165
0.0,-0.3554844558238983,0.0,6375.9165
0.0,-0.3491290211677551,0.0,6375.9165
0.0,-0.3553224802017212,0.0,6375.9165
0.0,-0.34693416953086853,0.0,6375.9165
0.0,-0.3519110381603241,0.0,6375.9165
0.0,-0.3517276346683502,0.0,6375.9165
0.0,-0.33192238211631775,0.0,6375.9165
0.0,-0.3610016107559204,0.0,6375.9165
0.0,-0.3497823476791382,0.0,6375.9165
0.0,-0.3525308668613434,0.0,6375.9165
0.0,-0.3599070608615875,0.0,6375.9165
0.0,-0.3539300858974457,0.0,6375.9165
0.0,-0.3532131016254425,0.0,6375.9165
0.0,-0.3718729317188263,0.0,6375.9165
0.0,-0.3542214035987854,0.0,6375.9165
0.0,-0.34901583194732666,0.0,6375.9165
0.0,-0.33800208568573,0.0,6375.9165
0.0,-0.3587745130062103,0.0,6375.9165
0.0,-0.3538685739040375,0.0,6375.9165
0.0,-0.3532565236091614,0.0,6375.9165
0.0,-0.35717102885246277,0.0,6375.9165
0.0,-0.3354238271713257,0.0,6375.9165
0.0,-0.3607206344604492,0.0,6375.9165
0.0,-0.33363673090934753,0.0,6375.9165
0.0,-0.3581659197807312,0.0,6375.9165
0.0,-0.3524296283721924,0.0,6375.9165
0.0,-0.35726818442344666,0.0,6375.9165
0.0,-0.35497644543647766,0.0,6375.9165
0.0,-0.3485979735851288,0.0,6375.9165
0.0,-0.35819873213768005,0.0,6375.9165
0.0,-0.34966403245925903,0.0,6375.9165
0.0,-0.34732887148857117,0.0,6375.9165
0.0,-0.3518589437007904,0.0,6375.9165
0.0,-0.351857990026474,0.0,6375.9165
0.0,-0.3465435206890106,0.0,6375.9165
0.0,-0.36271539330482483,0.0,6375.9165
0.0,-0.34845492243766785,0.0,6375.9165
0.0,-0.36458152532577515,0.0,6375.9165
0.0,-0.357867568731308,0.0,6375.9165
0.0,-0.34899771213531494,0.0,6375.9165
0.0,-0.3541962206363678,0.0,6375.9165
0.0,-0.35012418031692505,0.0,6375.9165
0.0,-0.35580480098724365,0.0,6375.9165
0.0,-0.3448844850063324,0.0,6375.9165
0.0,-0.37052223086357117,0.0,6375.9165
0.0,-0.370480477809906,0.0,6375.9165
0.0,-0.3505891263484955,0.0,6375.9165
0.0,-0.3420436978340149,0.0,6375.9165
0.0,-0.35677310824394226,0.0,6375.9165
0.0,-0.359684556722641,0.0,6375.9165
0.0,-0.34061405062675476,0.0,6375.9165
0.0,-0.35757073760032654,0.0,6375.9165
0.0,-0.32265764474868774,0.0,6375.9165
0.0,-0.35784050822257996,0.0,6375.9165
0.0,-0.3330189287662506,0.0,6375.9165
0.0,-0.3579850196838379,0.0,6375.9165
0.0,-0.34097325801849365,0.0,6375.9165
0.0,-0.34284940361976624,0.0,6375.9165
0.0,-0.3472915291786194,0.0,6375.9165
0.0,-0.31073570251464844,0.0,6375.9165
0.0,-0.3611324727535248,0.0,6375.9165
0.0,-0.3533094525337219,0.0,6375.9165
0.0,-0.35291653871536255,0.0,6375.9165
0.0,-0.3656514585018158,0.0,6375.9165
0.0,-0.34261980652809143,0.0,6375.9165
0.0,-0.3397795855998993,0.0,6375.9165
0.0,-0.35528066754341125,0.0,6375.9165
0.0,-0.29856663942337036,0.0,6375.9165
0.0,-0.31992191076278687,0.0,6375.9165
0.0,-0.3521561324596405,0.0,6375.9165
0.0,-0.3574736416339874,0.0,6375.9165
0.0,-0.3534582257270813,0.0,6375.9165
0.0,-0.35170799493789673,0.0,6375.9165
0.0,-0.35024991631507874,0.0,6375.9165
0.0,-0.3520577847957611,0.0,6375.9165
0.0,-0.3557277321815491,0.0,6375.9165
0.0,-0.35330310463905334,0.0,6375.9165
0.0,-0.3538845181465149,0.0,6375.9165
0.0,-0.34651002287864685,0.0,6375.9165
0.0,-0.3448754847049713,0.0,6375.9165
0.0,-0.36320123076438904,0.0,6375.9165
0.0,-0.35464155673980713,0.0,6375.9165
0.0,-0.3462144732475281,0.0,6375.9165
0.0,-0.3611258268356323,0.0,6375.9165
0.0,-0.3480679392814636,0.0,6375.9165
0.0,-0.3527505099773407,0.0,6375.9165
0.0,-0.3494109809398651,0.0,6375.9165
0.0,-0.33360645174980164,0.0,6375.9165
0.0,-0.32193633913993835,0.0,6375.9165
0.0,-0.2869729995727539,0.0,6375.9165
0.0,-0.3343978822231293,0.0,6375.9165
0.0,-0.34495440125465393,0.0,6375.9165
0.0,-0.31801775097846985,0.0,6375.9165
0.0,-0.30070817470550537,0.0,6375.9165
0.0,-0.36350739002227783,0.0,6375.9165
0.0,-0.3569526970386505,0.0,6375.9165
0.0,-0.35309210419654846,0.0,6375.9165
0.0,-0.3461494445800781,0.0,6375.9165
0.0,-0.35534968972206116,0.0,6375.9165
0.0,-0.34785810112953186,0.0,6375.9165
0.0,-0.35936403274536133,0.0,6375.9165
0.0,-0.34690630435943604,0.0,6375.9165
0.0,-0.35264289379119873,0.0,6375.9165
0.0,-0.3038104474544525,0.0,6375.9165
0.0,-0.3426018953323364,0.0,6375.9165
0.0,-0.3635018765926361,0.0,6375.9165
0.0,-0.3485012650489807,0.0,6375.9165
0.0,-0.3440994620323181,0.0,6375.9165
0.0,-0.3491639196872711,0.0,6375.9165
0.0,-0.3553212285041809,0.0,6375.9165
0.0,-0.35247012972831726,0.0,6375.9165
0.0,-0.3507210910320282,0.0,6375.9165
0.0,-0.35073262453079224,0.0,6375.9165
0.0,-0.3501408100128174,0.0,6375.9165
0.0,-0.34820565581321716,0.0,6375.9165
0.0,-0.33762040734291077,0.0,6375.9165
0.0,-0.3544809818267822,0.0,6375.9165
0.0,-0.3541991710662842,0.0,6375.9165
0.0,-0.3485924303531647,0.0,6375.9165
0.0,-0.35139626264572144,0.0,6375.9165
0.0,-0.3454563617706299,0.0,6375.9165
0.0,-0.35435202717781067,0.0,6375.9165
0.0,-0.34985706210136414,0.0,6375.9165
0.0,-0.35318002104759216,0.0,6375.9165
0.0,-0.3465283513069153,0.0,6375.9165
0.0,-0.3633899688720703,0.0,6375.9165
0.0,-0.3487529754638672,0.0,6375.9165
0.0,-0.3568297028541565,0.0,6375.9165
0.0,-0.34862545132637024,0.0,6375.9165
0.0,-0.3630470633506775,0.0,6375.9165
0.0,-0.33246690034866333,0.0,6375.9165
0.0,-0.35081490874290466,0.0,6375.9165
0.0,-0.3375163972377777,0.0,6375.9165
0.0,-0.3690894544124603,0.0,6375.9165
0.0,-0.3353770971298218,0.0,6375.9165
0.0,-0.36123666167259216,0.0,6375.9165
0.0,-0.32841596007347107,0.0,6375.9165
0.0,-0.35461512207984924,0.0,6375.9165
0.0,-0.3494165539741516,0.0,6375.9165
0.0,-0.36636608839035034,0.0,6375.9165
0.0,-0.3499496579170227,0.0,6375.9165
0.0,-0.3584078252315521,0.0,6375.9165
0.0,-0.3472319543361664,0.0,6375.9165
0.0,-0.3608343303203583,0.0,6375.9165
0.0,-0.36160436272621155,0.0,6375.9165
0.0,-0.35181599855422974,0.0,6375.9165
0.0,-0.3651221692562103,0.0,6375.9165
0.0,-0.3490074574947357,0.0,6375.9165
0.0,-0.3593357801437378,0.0,6375.9165
0.0,-0.34736308455467224,0.0,6375.9165
0.0,-0.3587600886821747,0.0,6375.9165
0.0,-0.3118855059146881,0.0,6375.9165
0.0,-0.3067381978034973,0.0,6375.9165
0.0,-0.34893277287483215,0.0,6375.9165
0.0,-0.32430851459503174,0.0,6375.9165
0.0,-0.3606794476509094,0.0,6375.9165
0.0,-0.3387296497821808,0.0,6375.9165
0.0,-0.3377314507961273,0.0,6375.9165
0.0,-0.3652562201023102,0.0,6375.9165
0.0,-0.35209450125694275,0.0,6375.9165
0.0,-0.3448411822319031,0.0,6375.9165
0.0,-0.35749730467796326,0.0,6375.9165
0.0,-0.35202428698539734,0.0,6375.9165
0.0,-0.34974396228790283,0.0,6375.9165
0.0,-0.3530448377132416,0.0,6375.9165
0.0,-0.3430435359477997,0.0,6375.9165
0.0,-0.3289056718349457,0.0,6375.9165
0.0,-0.3473908603191376,0.0,6375.9165
0.0,-0.3668369650840759,0.0,6375.9165
0.0,-0.3496485650539398,0.0,6375.9165
0.0,-0.3551662564277649,0.0,6375.9165
0.0,-0.34933966398239136,0.0,6375.9165
0.0,-0.35702449083328247,0.0,6375.9165
0.0,-0.3237966001033783,0.0,6375.9165
0.0,-0.3474782109260559,0.0,6375.9165
0.0,-0.32940226793289185,0.0,6375.9165
0.0,-0.3553142249584198,0.0,6375.9165
0.0,-0.35900014638900757,0.0,6375.9165
0.0,-0.3539738357067108,0.0,6375.9165
0.0,-0.34515413641929626,0.0,6375.9165
0.0,-0.3552750051021576,0.0,6375.9165
0.0,-0.34464725852012634,0.0,6375.9165
0.0,-0.3585963249206543,0.0,6375.9165
0.0,-0.3524031341075897,0.0,6375.9165
0.0,-0.34842750430107117,0.0,6375.9165
0.0,-0.3557330369949341,0.0,6375.9165
0.0,-0.3607962429523468,0.0,6375.9165
0.0,-0.34336140751838684,0.0,6375.9165
0.0,-0.34241950511932373,0.0,6375.9165
0.0,-0.3573926091194153,0.0,6375.9165
0.0,-0.34878072142601013,0.0,6375.9165
0.0,-0.3520810306072235,0.0,6375.9165
0.0,-0.34923410415649414,0.0,6375.9165
0.0,-0.3544703722000122,0.0,6375.9165
0.0,-0.35333797335624695,0.0,6375.9165
0.0,-0.32238101959228516,0.0,6375.9165
0.0,-0.2829682528972626,0.0,6375.9165
0.0,-0.30731189250946045,0.0,6375.9165
0.0,-0.31112417578697205,0.0,6375.9165
0.0,-0.29440590739250183,0.0,6375.9165
0.0,-0.37812337279319763,0.0,6375.9165
0.0,-0.3394795358181,0.0,6375.9165
0.0,-0.35330721735954285,0.0,6375.9165
0.0,-0.3521227538585663,0.0,6375.9165
0.0,-0.35211050510406494,0.0,6375.9165
0.0,-0.34915798902511597,0.0,6375.9165
0.0,-0.34816330671310425,0.0,6375.9165
0.0,-0.34572288393974304,0.0,6375.9165
0.0,-0.3429589569568634,0.0,6375.9165
0.0,-0.3552171587944031,0.0,6375.9165
0.0,-0.34907111525535583,0.0,6375.9165
0.0,-0.3562130331993103,0.0,6375.9165
0.0,-0.3528288006782532,0.0,6375.9165
0.0,-0.33110877871513367,0.0,6375.9165
0.0,-0.3187982141971588,0.0,6375.9165
0.0,-0.31450194120407104,0.0,6375.9165
0.0,-0.34409353137016296,0.0,6375.9165
0.0,-0.3606458008289337,0.0,6375.9165
0.0,-0.3539680540561676,0.0,6375.9165
0.0,-0.35274621844291687,0.0,6375.9165
0.0,-0.3511134088039398,0.0,6375.9165
0.0,-0.3637990653514862,0.0,6375.9165
0.0,-0.34960588812828064,0.0,6375.9165
0.0,-0.3555440604686737,0.0,6375.9165
0.0,-0.343668133020401,0.0,6375.9165
0.0,-0.360261470079422,0.0,6375.9165
0.0,-0.3528858721256256,0.0,6375.9165
0.0,-0.3506523370742798,0.0,6375.9165
0.0,-0.3518218696117401,0.0,6375.9165
0.0,-0.34855324029922485,0.0,6375.9165
0.0,-0.35334107279777527,0.0,6375.9165
0.0,-0.34909290075302124,0.0,6375.9165
0.0,-0.35204485058784485,0.0,6375.9165
0.0,-0.35176321864128113,0.0,6375.9165
0.0,-0.3445913791656494,0.0,6375.9165
0.0,-0.3529277443885803,0.0,6375.9165
0.0,-0.3526924252510071,0.0,6375.9165
0.0,-0.35250622034072876,0.0,6375.9165
0.0,-0.3388873040676117,0.0,6375.9165
0.0,-0.3627068102359772,0.0,6375.9165
0.0,-0.35250118374824524,0.0,6375.9165
0.0,-0.3564738929271698,0.0,6375.9165
0.0,-0.3597990572452545,0.0,6375.9165
0.0,-0.35017141699790955,0.0,6375.9165
0.0,-0.36419495940208435,0.0,6375.9165
0.0,-0.3479120433330536,0.0,6375.9165
0.0,-0.3568378686904907,0.0,6375.9165
0.0,-0.3479241132736206,0.0,6375.9165
0.0,-0.3636854887008667,0.0,6375.9165
0.0,-0.3383773863315582,0.0,6375.9165
0.0,-0.3665045201778412,0.0,6375.9165
0.0,-0.3389469385147095,0.0,6375.9165
0.0,-0.3587859570980072,0.0,6375.9165
0.0,-0.35596805810928345,0.0,6375.9165
0.0,-0.3600480258464813,0.0,6375.9165
0.0,-0.3473696708679199,0.0,6375.9165
0.0,-0.3623628318309784,0.0,6375.9165
0.0,-0.3501240909099579,0.0,6375.9165
0.0,-0.35522958636283875,0.0,6375.9165
0.0,-0.35567769408226013,0.0,6375.9165
0.0,-0.34758079051971436,0.0,6375.9165
0.0,-0.3552300035953522,0.0,6375.9165
0.0,-0.34367671608924866,0.0,6375.9165
0.0,-0.35789379477500916,0.0,6375.9165
0.0,-0.3497883975505829,0.0,6375.9165
0.0,-0.35775572061538696,0.0,6375.9165
0.0,-0.3468172252178192,0.0,6375.9165
0.0,-0.3734714984893799,0.0,6375.9165
0.0,-0.32682138681411743,0.0,6375.9165
0.0,-0.3542705476284027,0.0,6375.9165
0.0,-0.3531510531902313,0.0,6375.9165
0.0,-0.34197232127189636,0.0,6375.9165
0.0,-0.33374306559562683,0.0,6375.9165
0.0,-0.32909029722213745,0.0,6375.9165
0.0,-0.36901888251304626,0.0,6375.9165
0.0,-0.37176045775413513,0.0,6375.9165
0.0,-0.3456471860408783,0.0,6375.9165
0.0,-0.3587406277656555,0.0,6375.9165
0.0,-0.3470515012741089,0.0,6375.9165
0.0,-0.3590404689311981,0.0,6375.9165
0.0,-0.31697067618370056,0.0,6375.9165
0.0,-0.3801835775375366,0.0,6375.9165
0.0,-0.3422529697418213,0.0,6375.9165
0.0,-0.3622875511646271,0.0,6375.9165
0.0,-0.32832831144332886,0.0,6375.9165
0.0,-0.36821791529655457,0.0,6375.9165
0.0,-0.34159931540489197,0.0,6375.9165
0.0,-0.35279327630996704,0.0,6375.9165
0.0,-0.35893136262893677,0.0,6375.9165
0.0,-0.35469529032707214,0.0,6375.9165
0.0,-0.34148529171943665,0.0,6375.9165
0.0,-0.297709196805954,0.0,6375.9165
0.0,-0.3357623219490051,0.0,6375.9165
0.0,-0.34300345182418823,0.0,6375.9165
0.0,-0.36219021677970886,0.0,6375.9165
0.0,-0.34055525064468384,0.0,6375.9165
0.0,-0.35609740018844604,0.0,6375.9165
0.0,-0.3544371724128723,0.0,6375.9165
0.0,-0.3564285635948181,0.0,6375.9165
0.0,-0.35375267267227173,0.0,6375.9165
0.0,-0.34976527094841003,0.0,6375.9165
0.0,-0.3548034727573395,0.0,6375.9165
0.0,-0.34862565994262695,0.0,6375.9165
0.0,-0.3460577428340912,0.0,6375.9165
0.0,-0.34233030676841736,0.0,6375.9165
0.0,-0.31255000829696655,0.0,6375.9165
0.0,-0.28685903549194336,0.0,6375.9165
0.0,-0.3709113895893097,0.0,6375.9165
0.0,-0.3409089744091034,0.0,6375.9165
0.0,-0.36017391085624695,0.0,6375.9165
0.0,-0.3520493507385254,0.0,6375.9165
0.0,-0.3562929034233093,0.0,6375.9165
0.0,-0.3483392596244812,0.0,6375.9165
0.0,-0.3552700877189636,0.0,6375.9165
0.0,-0.34728309512138367,0.0,6375.9165
0.0,-0.3624579608440399,0.0,6375.9165
0.0,-0.3514561057090759,0.0,6375.9165
0.0,-0.3460782468318939,0.0,6375.9165
0.0,-0.34833046793937683,0.0,6375.9165
0.0,-0.3648067116737366,0.0,6375.9165
0.0,-0.33908942341804504,0.0,6375.9165
0.0,-0.3554445803165436,0.0,6375.9165
0.0,-0.35314008593559265,0.0,6375.9165
0.0,-0.35251858830451965,0.0,6375.9165
0.0,-0.3507724404335022,0.0,6375.9165
0.0,-0.35526010394096375,0.0,6375.9165
0.0,-0.35072052478790283,0.0,6375.9165
0.0,-0.35058391094207764,0.0,6375.9165
0.0,-0.3561680316925049,0.0,6375.9165
0.0,-0.3463539481163025,0.0,6375.9165
0.0,-0.3549567759037018,0.0,6375.9165
0.0,-0.34951552748680115,0.0,6375.9165
0.0,-0.35187312960624695,0.0,6375.9165
0.0,-0.3493645191192627,0.0,6375.9165
0.0,-0.34966370463371277,0.0,6375.9165
0.0,-0.3388341963291168,0.0,6375.9165
0.0,-0.3749205470085144,0.0,6375.9165
0.0,-0.34348294138908386,0.0,6375.9165
0.0,-0.3520054221153259,0.0,6375.9165
0.0,-0.3547215759754181,0.0,6375.9165
0.0,-0.3481779992580414,0.0,6375.9165
0.0,-0.3514123260974884,0.0,6375.9165
0.0,-0.3518165349960327,0.0,6375.9165
0.0,-0.35381802916526794,0.0,6375.9165
0.0,-0.33838292956352234,0.0,6375.9165
0.0,-0.3405243158340454,0.0,6375.9165
0.0,-0.38133877515792847,0.0,6375.9165
0.0,-0.3627983629703522,0.0,6375.9165
0.0,-0.33650293946266174,0.0,6375.9165
0.0,-0.3524124324321747,0.0,6375.9165
0.0,-0.3588187098503113,0.0,6375.9165
0.0,-0.3441872000694275,0.0,6375.9165
0.0,-0.3487553000450134,0.0,6375.9165
0.0,-0.35220807790756226,0.0,6375.9165
0.0,-0.341077983379364,0.0,6375.9165
0.0,-0.3455450236797333,0.0,6375.9165
0.0,-0.34380659461021423,0.0,6375.9165
0.0,-0.3381636440753937,0.0,6375.9165
0.0,-0.3416459858417511,0.0,6375.9165
0.0,-0.33844754099845886,0.0,6375.9165
0.0,-0.33946701884269714,0.0,6375.9165
0.0,-0.3402053415775299,0.0,6375.9165
0.0,-0.34227892756462097,0.0,6375.9165
0.0,-0.3427117168903351,0.0,6375.9165
0.0,-0.3455713987350464,0.0,6375.9165
0.0,-0.341818243265152,0.0,6375.9165
0.0,-0.34485694766044617,0.0,6375.9165
0.0,-0.3424922823905945,0.0,6375.9165
0.0,-0.34549108147621155,0.0,6375.9165
0.0,-0.3452500104904175,0.0,6375.9165
0.0,-0.3447921872138977,0.0,6375.9165
0.0,-0.3477542996406555,0.0,6375.9165
0.0,-0.34721359610557556,0.0,6375.9165
0.0,-0.3484225273132324,0.0,6375.9165
0.0,-0.3470868766307831,0.0,6375.9165
0.0,-0.3478699326515198,0.0,6375.9165
0.0,-0.3483480215072632,0.0,6375.9165
0.0,-0.34918293356895447,0.0,6375.9165
0.0,-0.35238948464393616,0.0,6375.9165
0.0,-0.2999893128871918,0.0,6375.9165
0.0,-0.3076358139514923,0.0,6375.9165
0.0,-0.2865818738937378,0.0,6375.9165
0.0,-0.30758336186408997,0.0,6375.9165
0.0,-0.3538953959941864,0.0,6375.9165
0.0,-0.34901121258735657,0.0,6375.9165
0.0,-0.34709432721138,0.0,6375.9165
0.0,-0.3603891432285309,0.0,6375.9165
0.0,-0.35242563486099243,0.0,6375.9165
0.0,-0.34719786047935486,0.0,6375.9165
0.0,-0.3600492775440216,0.0,6375.9165
0.0,-0.35237911343574524,0.0,6375.9165
0.0,-0.3509204089641571,0.0,6375.9165
0.0,-0.34335872530937195,0.0,6375.9165
0.0,-0.35364875197410583,0.0,6375.9165
0.0,-0.34754371643066406,0.0,6375.9165
0.0,-0.35217246413230896,0.0,6375.9165
0.0,-0.35008010268211365,0.0,6375.9165
0.0,-0.35099878907203674,0.0,6375.9165
0.0,-0.3507044315338135,0.0,6375.9165
