healthy,ctrl,forward,cumulative
0.0,-0.17654715478420258,0.0,3058.4038
0.0,-0.3740661144256592,0.0,3058.4038
0.0,-0.3776398003101349,0.0,3058.4038
0.0,-0.35765454173088074,0.0,3058.4038
0.0,-0.38265174627304077,0.0,3058.4038
0.0,-0.3830922245979309,0.0,3058.4038
0.0,-0.38192057609558105,0.0,3058.4038
0.0,-0.348633736371994,0.0,3058.4038
0.0,-0.3775418698787689,0.0,3058.4038
0.0,-0.3780681788921356,0.0,3058.4038
0.0,-0.380835622549057,0.0,3058.4038
0.0,-0.3792082369327545,0.0,3058.4038
0.0,-0.3810464143753052,0.0,3058.4038
0.0,-0.3130969703197479,0.0,3058.4038
0.0,-0.2975320518016815,0.0,3058.4038
0.0,-0.37858882546424866,0.0,3058.4038
0.0,-0.3789776563644409,0.0,3058.4038
0.0,-0.3798280656337738,0.0,3058.4038
0.0,-0.32945653796195984,0.0,3058.4038
0.0,-0.3802869915962219,0.0,3058.4038
0.0,-0.3776939809322357,0.0,3058.4038
0.0,-0.29976725578308105,0.0,3058.4038
0.0,-0.22111590206623077,0.0,3058.4038
0.0,-0.3715458810329437,0.0,3058.4038
0.0,-0.37983137369155884,0.0,3058.4038
0.0,-0.3787042796611786,0.0,3058.4038
0.0,-0.3738400936126709,0.0,3058.4038
0.0,-0.2840576767921448,0.0,3058.4038
0.0,-0.38059625029563904,0.0,3058.4038
0.0,-0.3790682256221771,0.0,3058.4038
0.0,-0.280707985162735,0.0,3058.4038
0.0,-0.3762713372707367,0.0,3058.4038
0.0,-0.37956148386001587,0.0,3058.4038
0.0,-0.38192006945610046,0.0,3058.4038
0.0,-0.282356321811676,0.0,3058.4038
0.0,-0.3608475923538208,0.0,3058.4038
0.0,-0.2842962443828583,0.0,3058.4038
0.0,-0.3108830153942108,0.0,3058.4038
0.0,-0.3812673091888428,0.0,3058.4038
0.0,-0.38015079498291016,0.0,3058.4038
0.0,-0.3464488983154297,0.0,3058.4038
0.0,-0.3801824152469635,0.0,3058.4038
0.0,-0.3792613446712494,0.0,3058.4038
0.0,-0.37781426310539246,0.0,3058.4038
0.0,-0.3754492700099945,0.0,3058.4038
0.0,-0.3810349404811859,0.0,3058.4038
0.0,-0.3711481988430023,0.0,3058.4038
0.0,-0.37926334142684937,0.0,3058.4038
0.0,-0.28568777441978455,0.0,3058.4038
0.0,-0.37837591767311096,0.0,3058.4038
0.0,-0.3806019723415375,0.0,3058.4038
0.0,-0.3815646767616272,0.0,3058.4038
0.0,-0.3822540044784546,0.0,3058.4038
0.0,-0.38238996267318726,0.0,3058.4038
0.0,-0.2878657281398773,0.0,3058.4038
0.0,-0.25769928097724915,0.0,3058.4038
0.0,-0.3778606355190277,0.0,3058.4038
0.0,-0.35564860701560974,0.0,3058.4038
0.0,-0.376526415348053,0.0,3058.4038
0.0,-0.3781434893608093,0.0,3058.4038
0.0,-0.38031941652297974,0.0,3058.4038
0.0,-0.3802206814289093,0.0,3058.4038
0.0,-0.377121239900589,0.0,3058.4038
0.0,-0.3786377012729645,0.0,3058.4038
0.0,-0.38002118468284607,0.0,3058.4038
0.0,-0.3825690448284149,0.0,3058.4038
0.0,-0.3829553425312042,0.0,3058.4038
0.0,-0.34086108207702637,0.0,3058.4038
0.0,-0.28416475653648376,0.0,3058.4038
0.0,-0.3779107630252838,0.0,3058.4038
0.0,-0.38020727038383484,0.0,3058.4038
0.0,-0.379650741815567,0.0,3058.4038
0.0,-0.37215593457221985,0.0,3058.4038
0.0,-0.30315354466438293,0.0,3058.4038
0.0,-0.3812280595302582,0.0,3058.4038
0.0,-0.34766584634780884,0.0,3058.4038
0.0,-0.3756910264492035,0.0,3058.4038
0.0,-0.30001288652420044,0.0,3058.4038
0.0,-0.3783940374851227,0.0,3058.4038
0.0,-0.36247897148132324,0.0,3058.4038
0.0,-0.3487706482410431,0.0,3058.4038
0.0,-0.3835233151912689,0.0,3058.4038
0.0,-0.3481963872909546,0.0,3058.4038
0.0,-0.3692229986190796,0.0,3058.4038
0.0,-0.37649738788604736,0.0,3058.4038
0.0,-0.3787696659564972,0.0,3058.4038
0.0,-0.38326331973075867,0.0,3058.4038
0.0,-0.3851347863674164,0.0,3058.4038
0.0,-0.3864715099334717,0.0,3058.4038
0.0,-0.373578280210495,0.0,3058.4038
0.0,-0.3878978192806244,0.0,3058.4038
0.0,-0.3357395827770233,0.0,3058.4038
0.0,-0.2624964416027069,0.0,3058.4038
0.0,-0.38331282138824463,0.0,3058.4038
0.0,-0.37406203150749207,0.0,3058.4038
0.0,-0.37831827998161316,0.0,3058.4038
0.0,-0.37831175327301025,0.0,3058.4038
0.0,-0.3800550103187561,0.0,3058.4038
0.0,-0.36864444613456726,0.0,3058.4038
0.0,-0.38145333528518677,0.0,3058.4038
0.0,-0.35323259234428406,0.0,3058.4038
0.0,-0.37274155020713806,0.0,3058.4038
0.0,-0.3799738883972168,0.0,3058.4038
0.0,-0.37956663966178894,0.0,3058.4038
0.0,-0.3799625337123871,0.0,3058.4038
0.0,-0.37453755736351013,0.0,3058.4038
0.0,-0.38144829869270325,0.0,3058.4038
0.0,-0.3810952603816986,0.0,3058.4038
0.0,-0.38098177313804626,0.0,3058.4038
0.0,-0.38191747665405273,0.0,3058.4038
0.0,-0.37807732820510864,0.0,3058.4038
0.0,-0.37995466589927673,0.0,3058.4038
0.0,-0.3709794282913208,0.0,3058.4038
0.0,-0.37684011459350586,0.0,3058.4038
0.0,-0.380219042301178,0.0,3058.4038
0.0,-0.3811783790588379,0.0,3058.4038
0.0,-0.38112011551856995,0.0,3058.4038
0.0,-0.3728064000606537,0.0,3058.4038
0.0,-0.3569868505001068,0.0,3058.4038
0.0,-0.3571469783782959,0.0,3058.4038
0.0,-0.3789730668067932,0.0,3058.4038
0.0,-0.38059553503990173,0.0,3058.4038
0.0,-0.37757453322410583,0.0,3058.4038
0.0,-0.3763187527656555,0.0,3058.4038
0.0,-0.3778027892112732,0.0,3058.4038
0.0,-0.3804621398448944,0.0,3058.4038
0.0,-0.38131973147392273,0.0,3058.4038
0.0,-0.38016825914382935,0.0,3058.4038
0.0,-0.3752981126308441,0.0,3058.4038
0.0,-0.3797660171985626,0.0,3058.4038
0.0,-0.3813849091529846,0.0,3058.4038
0.0,-0.3820818364620209,0.0,3058.4038
0.0,-0.33813387155532837,0.0,3058.4038
0.0,-0.3822154700756073,0.0,3058.4038
0.0,-0.37318092584609985,0.0,3058.4038
0.0,-0.37995246052742004,0.0,3058.4038
0.0,-0.379179447889328,0.0,3058.4038
0.0,-0.37292832136154175,0.0,3058.4038
0.0,-0.3645876348018646,0.0,3058.4038
0.0,-0.28476467728614807,0.0,3058.4038
0.0,-0.3805370330810547,0.0,3058.4038
0.0,-0.3725893199443817,0.0,3058.4038
0.0,-0.380482017993927,0.0,3058.4038
0.0,-0.37919479608535767,0.0,3058.4038
0.0,-0.3776857554912567,0.0,3058.4038
0.0,-0.2801336944103241,0.0,3058.4038
0.0,-0.31647059321403503,0.0,3058.4038
0.0,-0.381723552942276,0.0,3058.4038
0.0,-0.37701353430747986,0.0,3058.4038
0.0,-0.29995808005332947,0.0,3058.4038
0.0,-0.28071868419647217,0.0,3058.4038
0.0,-0.3798283040523529,0.0,3058.4038
0.0,-0.28665265440940857,0.0,3058.4038
0.0,-0.36382701992988586,0.0,3058.4038
0.0,-0.28040918707847595,0.0,3058.4038
0.0,-0.3815973699092865,0.0,3058.4038
0.0,-0.36590316891670227,0.0,3058.4038
0.0,-0.2817983329296112,0.0,3058.4038
0.0,-0.32260987162590027,0.0,3058.4038
0.0,-0.3831613063812256,0.0,3058.4038
0.0,-0.2547624111175537,0.0,3058.4038
0.0,-0.37702053785324097,0.0,3058.4038
0.0,-0.2773377299308777,0.0,3058.4038
0.0,-0.37773558497428894,0.0,3058.4038
0.0,-0.3827916979789734,0.0,3058.4038
0.0,-0.38355752825737,0.0,3058.4038
0.0,-0.3515300154685974,0.0,3058.4038
0.0,-0.3750782012939453,0.0,3058.4038
0.0,-0.3805977702140808,0.0,3058.4038
0.0,-0.38120362162590027,0.0,3058.4038
0.0,-0.37999415397644043,0.0,3058.4038
0.0,-0.3785724639892578,0.0,3058.4038
0.0,-0.3788430392742157,0.0,3058.4038
0.0,-0.38045352697372437,0.0,3058.4038
0.0,-0.3807917535305023,0.0,3058.4038
0.0,-0.3806196451187134,0.0,3058.4038
0.0,-0.36794987320899963,0.0,3058.4038
0.0,-0.37861168384552,0.0,3058.4038
0.0,-0.2917461395263672,0.0,3058.4038
0.0,-0.29796966910362244,0.0,3058.4038
0.0,-0.3052329421043396,0.0,3058.4038
0.0,-0.3800829350948334,0.0,3058.4038
0.0,-0.2782706916332245,0.0,3058.4038
0.0,-0.2829466462135315,0.0,3058.4038
0.0,-0.3807060718536377,0.0,3058.4038
0.0,-0.3333721160888672,0.0,3058.4038
0.0,-0.381296843290329,0.0,3058.4038
0.0,-0.3675869405269623,0.0,3058.4038
0.0,-0.38089942932128906,0.0,3058.4038
0.0,-0.3794511556625366,0.0,3058.4038
0.0,-0.3045898377895355,0.0,3058.4038
0.0,-0.3774736523628235,0.0,3058.4038
0.0,-0.2785036265850067,0.0,3058.4038
0.0,-0.3815251588821411,0.0,3058.4038
0.0,-0.25708234310150146,0.0,3058.4038
0.0,-0.28392449021339417,0.0,3058.4038
0.0,-0.3498230576515198,0.0,3058.4038
0.0,-0.3788028955459595,0.0,3058.4038
0.0,-0.37895211577415466,0.0,3058.4038
0.0,-0.3803173005580902,0.0,3058.4038
0.0,-0.3793812394142151,0.0,3058.4038
0.0,-0.3808891475200653,0.0,3058.4038
0.0,-0.3809686601161957,0.0,3058.4038
0.0,-0.3783588409423828,0.0,3058.4038
0.0,-0.3820858299732208,0.0,3058.4038
0.0,-0.37899595499038696,0.0,3058.4038
0.0,-0.3782007098197937,0.0,3058.4038
0.0,-0.38046640157699585,0.0,3058.4038
0.0,-0.3805595338344574,0.0,3058.4038
0.0,-0.37313124537467957,0.0,3058.4038
0.0,-0.37603119015693665,0.0,3058.4038
0.0,-0.36102357506752014,0.0,3058.4038
0.0,-0.3785181939601898,0.0,3058.4038
0.0,-0.38006770610809326,0.0,3058.4038
0.0,-0.2826060950756073,0.0,3058.4038
0.0,-0.37337493896484375,0.0,3058.4038
0.0,-0.3767254054546356,0.0,3058.4038
0.0,-0.3837791979312897,0.0,3058.4038
0.0,-0.3526690900325775,0.0,3058.4038
0.0,-0.28470784425735474,0.0,3058.4038
0.0,-0.37975260615348816,0.0,3058.4038
0.0,-0.37849196791648865,0.0,3058.4038
0.0,-0.37753212451934814,0.0,3058.4038
0.0,-0.3761994540691376,0.0,3058.4038
0.0,-0.3802473247051239,0.0,3058.4038
0.0,-0.38254010677337646,0.0,3058.4038
0.0,-0.38360005617141724,0.0,3058.4038
0.0,-0.2851352393627167,0.0,3058.4038
0.0,-0.3811624050140381,0.0,3058.4038
0.0,-0.3832954466342926,0.0,3058.4038
0.0,-0.3816130757331848,0.0,3058.4038
0.0,-0.2698996961116791,0.0,3058.4038
0.0,-0.37958669662475586,0.0,3058.4038
0.0,-0.3781591057777405,0.0,3058.4038
0.0,-0.378704309463501,0.0,3058.4038
0.0,-0.3815813660621643,0.0,3058.4038
0.0,-0.2849905490875244,0.0,3058.4038
0.0,-0.29422563314437866,0.0,3058.4038
0.0,-0.2920331656932831,0.0,3058.4038
0.0,-0.3842979073524475,0.0,3058.4038
0.0,-0.3728451728820801,0.0,3058.4038
0.0,-0.37983667850494385,0.0,3058.4038
0.0,-0.27893853187561035,0.0,3058.4038
0.0,-0.3793547451496124,0.0,3058.4038
0.0,-0.35025152564048767,0.0,3058.4038
0.0,-0.37965160608291626,0.0,3058.4038
0.0,-0.38006529211997986,0.0,3058.4038
0.0,-0.3064955770969391,0.0,3058.4038
0.0,-0.38126829266548157,0.0,3058.4038
0.0,-0.38264352083206177,0.0,3058.4038
0.0,-0.38401105999946594,0.0,3058.4038
0.0,-0.33333122730255127,0.0,3058.4038
0.0,-0.38534146547317505,0.0,3058.4038
0.0,-0.38006430864334106,0.0,3058.4038
0.0,-0.38237449526786804,0.0,3058.4038
0.0,-0.3776119351387024,0.0,3058.4038
0.0,-0.37838736176490784,0.0,3058.4038
0.0,-0.37919697165489197,0.0,3058.4038
0.0,-0.37986692786216736,0.0,3058.4038
0.0,-0.33531510829925537,0.0,3058.4038
0.0,-0.3819746673107147,0.0,3058.4038
0.0,-0.3846496045589447,0.0,3058.4038
0.0,-0.355583131313324,0.0,3058.4038
0.0,-0.3820277154445648,0.0,3058.4038
0.0,-0.38048309087753296,0.0,3058.4038
0.0,-0.37829747796058655,0.0,3058.4038
0.0,-0.3775278627872467,0.0,3058.4038
0.0,-0.37746497988700867,0.0,3058.4038
0.0,-0.38013526797294617,0.0,3058.4038
0.0,-0.3578983247280121,0.0,3058.4038
0.0,-0.38276219367980957,0.0,3058.4038
0.0,-0.36318615078926086,0.0,3058.4038
0.0,-0.3780944347381592,0.0,3058.4038
0.0,-0.28573599457740784,0.0,3058.4038
0.0,-0.38195177912712097,0.0,3058.4038
0.0,-0.3650638163089752,0.0,3058.4038
0.0,-0.28281161189079285,0.0,3058.4038
0.0,-0.3824952244758606,0.0,3058.4038
0.0,-0.37442824244499207,0.0,3058.4038
0.0,-0.3803894519805908,0.0,3058.4038
0.0,-0.38012468814849854,0.0,3058.4038
0.0,-0.3815416395664215,0.0,3058.4038
0.0,-0.28155800700187683,0.0,3058.4038
0.0,-0.382536917924881,0.0,3058.4038
0.0,-0.3617423474788666,0.0,3058.4038
0.0,-0.2868322730064392,0.0,3058.4038
0.0,-0.37859275937080383,0.0,3058.4038
0.0,-0.32423558831214905,0.0,3058.4038
0.0,-0.3790920674800873,0.0,3058.4038
0.0,-0.380209356546402,0.0,3058.4038
0.0,-0.2840520441532135,0.0,3058.4038
0.0,-0.3818589150905609,0.0,3058.4038
0.0,-0.28263768553733826,0.0,3058.4038
0.0,-0.3804391324520111,0.0,3058.4038
0.0,-0.37412917613983154,0.0,3058.4038
0.0,-0.37927183508872986,0.0,3058.4038
0.0,-0.3815403878688812,0.0,3058.4038
0.0,-0.36815714836120605,0.0,3058.4038
0.0,-0.29948240518569946,0.0,3058.4038
0.0,-0.37826746702194214,0.0,3058.4038
0.0,-0.28845852613449097,0.0,3058.4038
0.0,-0.3245510756969452,0.0,3058.4038
0.0,-0.3775237500667572,0.0,3058.4038
0.0,-0.3784692883491516,0.0,3058.4038
0.0,-0.38186150789260864,0.0,3058.4038
0.0,-0.3819068968296051,0.0,3058.4038
0.0,-0.3673398792743683,0.0,3058.4038
0.0,-0.3816658556461334,0.0,3058.4038
0.0,-0.36106327176094055,0.0,3058.4038
0.0,-0.34488794207572937,0.0,3058.4038
0.0,-0.34861841797828674,0.0,3058.4038
0.0,-0.37847140431404114,0.0,3058.4038
0.0,-0.3810742199420929,0.0,3058.4038
0.0,-0.3816906213760376,0.0,3058.4038
0.0,-0.38241395354270935,0.0,3058.4038
0.0,-0.358759343624115,0.0,3058.4038
0.0,-0.34269699454307556,0.0,3058.4038
0.0,-0.37954556941986084,0.0,3058.4038
0.0,-0.3793841302394867,0.0,3058.4038
0.0,-0.3810442388057709,0.0,3058.4038
0.0,-0.21333150565624237,0.0,3058.4038
0.0,-0.3755500018596649,0.0,3058.4038
0.0,-0.38128232955932617,0.0,3058.4038
0.0,-0.3659481108188629,0.0,3058.4038
0.0,-0.27133482694625854,0.0,3058.4038
0.0,-0.290334552526474,0.0,3058.4038
0.0,-0.38111943006515503,0.0,3058.4038
0.0,-0.3812500536441803,0.0,3058.4038
0.0,-0.3811933994293213,0.0,3058.4038
0.0,-0.37680584192276,0.0,3058.4038
0.0,-0.3816995322704315,0.0,3058.4038
0.0,-0.3749482035636902,0.0,3058.4038
0.0,-0.37917187809944153,0.0,3058.4038
0.0,-0.3800613582134247,0.0,3058.4038
0.0,-0.36281082034111023,0.0,3058.4038
0.0,-0.3251470625400543,0.0,3058.4038
0.0,-0.3800538182258606,0.0,3058.4038
0.0,-0.37991395592689514,0.0,3058.4038
0.0,-0.3824910819530487,0.0,3058.4038
0.0,-0.36782827973365784,0.0,3058.4038
0.0,-0.38108229637145996,0.0,3058.4038
0.0,-0.38279420137405396,0.0,3058.4038
0.0,-0.3824360966682434,0.0,3058.4038
0.0,-0.37918803095817566,0.0,3058.4038
0.0,-0.2937763035297394,0.0,3058.4038
0.0,-0.3776145279407501,0.0,3058.4038
0.0,-0.3778995871543884,0.0,3058.4038
0.0,-0.38296565413475037,0.0,3058.4038
0.0,-0.1857013702392578,0.0,3058.4038
0.0,-0.33272311091423035,0.0,3058.4038
0.0,-0.28120097517967224,0.0,3058.4038
0.0,-0.37562403082847595,0.0,3058.4038
0.0,-0.3753298223018646,0.0,3058.4038
0.0,-0.3742487132549286,0.0,3058.4038
0.0,-0.37289294600486755,0.0,3058.4038
0.0,-0.37367361783981323,0.0,3058.4038
0.0,-0.3783418536186218,0.0,3058.4038
0.0,-0.38286685943603516,0.0,3058.4038
0.0,-0.3830210864543915,0.0,3058.4038
0.0,-0.29433673620224,0.0,3058.4038
0.0,-0.34069687128067017,0.0,3058.4038
0.0,-0.3783019185066223,0.0,3058.4038
0.0,-0.3784235119819641,0.0,3058.4038
0.0,-0.3798981308937073,0.0,3058.4038
0.0,-0.37992778420448303,0.0,3058.4038
0.0,-0.3351936340332031,0.0,3058.4038
0.0,-0.38015127182006836,0.0,3058.4038
0.0,-0.31635773181915283,0.0,3058.4038
0.0,-0.3686951994895935,0.0,3058.4038
0.0,-0.37971827387809753,0.0,3058.4038
0.0,-0.37974634766578674,0.0,3058.4038
0.0,-0.3803619146347046,0.0,3058.4038
0.0,-0.3554222583770752,0.0,3058.4038
0.0,-0.37418437004089355,0.0,3058.4038
0.0,-0.3217391073703766,0.0,3058.4038
0.0,-0.37885040044784546,0.0,3058.4038
0.0,-0.3535747826099396,0.0,3058.4038
0.0,-0.30159440636634827,0.0,3058.4038
0.0,-0.3776875436306,0.0,3058.4038
0.0,-0.3797789216041565,0.0,3058.4038
0.0,-0.3806169927120209,0.0,3058.4038
0.0,-0.3659546673297882,0.0,3058.4038
0.0,-0.34374332427978516,0.0,3058.4038
0.0,-0.25520700216293335,0.0,3058.4038
0.0,-0.37938007712364197,0.0,3058.4038
0.0,-0.34955546259880066,0.0,3058.4038
0.0,-0.3781638741493225,0.0,3058.4038
0.0,-0.3790821135044098,0.0,3058.4038
0.0,-0.3712581992149353,0.0,3058.4038
0.0,-0.3781709372997284,0.0,3058.4038
0.0,-0.38071343302726746,0.0,3058.4038
0.0,-0.38125917315483093,0.0,3058.4038
0.0,-0.3829146921634674,0.0,3058.4038
0.0,-0.29459914565086365,0.0,3058.4038
0.0,-0.3544306457042694,0.0,3058.4038
0.0,-0.3746827244758606,0.0,3058.4038
0.0,-0.2552645206451416,0.0,3058.4038
0.0,-0.3800646960735321,0.0,3058.4038
0.0,-0.3786204755306244,0.0,3058.4038
0.0,-0.3796699643135071,0.0,3058.4038
0.0,-0.31327149271965027,0.0,3058.4038
0.0,-0.3108293116092682,0.0,3058.4038
0.0,-0.3807680606842041,0.0,3058.4038
0.0,-0.344329833984375,0.0,3058.4038
0.0,-0.2822474241256714,0.0,3058.4038
0.0,-0.19784323871135712,0.0,3058.4038
0.0,-0.37888801097869873,0.0,3058.4038
0.0,-0.3780716359615326,0.0,3058.4038
0.0,-0.34296780824661255,0.0,3058.4038
0.0,-0.3789907693862915,0.0,3058.4038
0.0,-0.37901097536087036,0.0,3058.4038
0.0,-0.37990739941596985,0.0,3058.4038
0.0,-0.37975507974624634,0.0,3058.4038
0.0,-0.3816682994365692,0.0,3058.4038
0.0,-0.37977057695388794,0.0,3058.4038
0.0,-0.31777849793434143,0.0,3058.4038
0.0,-0.35444122552871704,0.0,3058.4038
0.0,-0.3802216053009033,0.0,3058.4038
0.0,-0.37886881828308105,0.0,3058.4038
0.0,-0.3812391459941864,0.0,3058.4038
0.0,-0.359225332736969,0.0,3058.4038
0.0,-0.3800850510597229,0.0,3058.4038
0.0,-0.3825310170650482,0.0,3058.4038
0.0,-0.2998978793621063,0.0,3058.4038
0.0,-0.3789975941181183,0.0,3058.4038
0.0,-0.3785633146762848,0.0,3058.4038
0.0,-0.38022857904434204,0.0,3058.4038
0.0,-0.38110074400901794,0.0,3058.4038
0.0,-0.29092010855674744,0.0,3058.4038
0.0,-0.32388243079185486,0.0,3058.4038
0.0,-0.18647943437099457,0.0,3058.4038
0.0,-0.3377210795879364,0.0,3058.4038
0.0,-0.3791429102420807,0.0,3058.4038
0.0,-0.37650930881500244,0.0,3058.4038
0.0,-0.3798743188381195,0.0,3058.4038
0.0,-0.3552534282207489,0.0,3058.4038
0.0,-0.3819979131221771,0.0,3058.4038
0.0,-0.31755462288856506,0.0,3058.4038
0.0,-0.3353724777698517,0.0,3058.4038
0.0,-0.30935153365135193,0.0,3058.4038
0.0,-0.3774712383747101,0.0,3058.4038
0.0,-0.3792244791984558,0.0,3058.4038
0.0,-0.3799768388271332,0.0,3058.4038
0.0,-0.3815537691116333,0.0,3058.4038
0.0,-0.38199710845947266,0.0,3058.4038
0.0,-0.38076773285865784,0.0,3058.4038
0.0,-0.38034650683403015,0.0,3058.4038
0.0,-0.3800835907459259,0.0,3058.4038
0.0,-0.3797012269496918,0.0,3058.4038
0.0,-0.37863293290138245,0.0,3058.4038
0.0,-0.37869808077812195,0.0,3058.4038
0.0,-0.3786900043487549,0.0,3058.4038
0.0,-0.3778781294822693,0.0,3058.4038
0.0,-0.3832646310329437,0.0,3058.4038
0.0,-0.38596075773239136,0.0,3058.4038
0.0,-0.3856990933418274,0.0,3058.4038
0.0,-0.3847212493419647,0.0,3058.4038
0.0,-0.3590911030769348,0.0,3058.4038
0.0,-0.28258419036865234,0.0,3058.4038
0.0,-0.3810536861419678,0.0,3058.4038
0.0,-0.3769095838069916,0.0,3058.4038
0.0,-0.37900200486183167,0.0,3058.4038
0.0,-0.38143521547317505,0.0,3058.4038
0.0,-0.3831421732902527,0.0,3058.4038
0.0,-0.3108464181423187,0.0,3058.4038
0.0,-0.3019528388977051,0.0,3058.4038
0.0,-0.3804834485054016,0.0,3058.4038
0.0,-0.37856101989746094,0.0,3058.4038
0.0,-0.37706804275512695,0.0,3058.4038
0.0,-0.37922677397727966,0.0,3058.4038
0.0,-0.296284019947052,0.0,3058.4038
0.0,-0.37724730372428894,0.0,3058.4038
0.0,-0.37469106912612915,0.0,3058.4038
0.0,-0.3875597417354584,0.0,3058.4038
0.0,-0.38644111156463623,0.0,3058.4038
0.0,-0.38435831665992737,0.0,3058.4038
0.0,-0.3835115134716034,0.0,3058.4038
0.0,-0.18291769921779633,0.0,3058.4038
0.0,-0.3742707371711731,0.0,3058.4038
0.0,-0.3785487711429596,0.0,3058.4038
0.0,-0.3772127330303192,0.0,3058.4038
0.0,-0.3801754415035248,0.0,3058.4038
0.0,-0.37600281834602356,0.0,3058.4038
0.0,-0.38060832023620605,0.0,3058.4038
0.0,-0.2970997989177704,0.0,3058.4038
0.0,-0.3806091845035553,0.0,3058.4038
0.0,-0.3794591426849365,0.0,3058.4038
0.0,-0.3796505033969879,0.0,3058.4038
0.0,-0.3781929612159729,0.0,3058.4038
0.0,-0.3821859061717987,0.0,3058.4038
0.0,-0.3824954032897949,0.0,3058.4038
0.0,-0.3839600086212158,0.0,3058.4038
0.0,-0.2348351776599884,0.0,3058.4038
0.0,-0.3578723669052124,0.0,3058.4038
0.0,-0.3837147653102875,0.0,3058.4038
0.0,-0.37661081552505493,0.0,3058.4038
0.0,-0.3793010413646698,0.0,3058.4038
0.0,-0.3783641457557678,0.0,3058.4038
0.0,-0.3786066472530365,0.0,3058.4038
0.0,-0.3832562267780304,0.0,3058.4038
0.0,-0.38967591524124146,0.0,3058.4038
0.0,-0.39578136801719666,0.0,3058.4038
0.0,-0.39994293451309204,0.0,3058.4038
0.0,-0.39715561270713806,0.0,3058.4038
0.0,-0.40263810753822327,0.0,3058.4038
0.0,-0.4038766324520111,0.0,3058.4038
0.0,-0.4049856662750244,0.0,3058.4038
0.0,-0.40562334656715393,0.0,3058.4038
0.0,-0.40637922286987305,0.0,3058.4038
0.0,-0.4058530032634735,0.0,3058.4038
0.0,-0.40791645646095276,0.0,3058.4038
0.0,-0.40821415185928345,0.0,3058.4038
0.0,-0.40862590074539185,0.0,3058.4038
0.0,-0.3094266951084137,0.0,3058.4038
0.0,-0.40890762209892273,0.0,3058.4038
0.0,-0.3741285502910614,0.0,3058.4038
0.0,-0.39819884300231934,0.0,3058.4038
0.0,-0.408891886472702,0.0,3058.4038
0.0,-0.4088209271430969,0.0,3058.4038
0.0,-0.40833160281181335,0.0,3058.4038
0.0,-0.39546316862106323,0.0,3058.4038
0.0,-0.389510840177536,0.0,3058.4038
0.0,-0.38920244574546814,0.0,3058.4038
0.0,-0.40158724784851074,0.0,3058.4038
0.0,-0.3267213702201843,0.0,3058.4038
0.0,-0.40862876176834106,0.0,3058.4038
0.0,-0.3998662233352661,0.0,3058.4038
0.0,-0.40879106521606445,0.0,3058.4038
0.0,-0.36558935046195984,0.0,3058.4038
0.0,-0.3186241090297699,0.0,3058.4038
0.0,-0.3072279393672943,0.0,3058.4038
0.0,-0.4088904559612274,0.0,3058.4038
0.0,-0.38608306646347046,0.0,3058.4038
0.0,-0.38623204827308655,0.0,3058.4038
0.0,-0.3031620681285858,0.0,3058.4038
0.0,-0.29543840885162354,0.0,3058.4038
0.0,-0.30968067049980164,0.0,3058.4038
0.0,-0.3089097738265991,0.0,3058.4038
0.0,-0.3082190454006195,0.0,3058.4038
0.0,-0.3096961975097656,0.0,3058.4038
0.0,-0.3090900778770447,0.0,3058.4038
0.0,-0.30179187655448914,0.0,3058.4038
0.0,-0.30421021580696106,0.0,3058.4038
0.0,-0.2992527186870575,0.0,3058.4038
0.0,-0.2608741223812103,0.0,3058.4038
0.0,-0.2334403097629547,0.0,3058.4038
0.0,-0.30912089347839355,0.0,3058.4038
0.0,-0.30730363726615906,0.0,3058.4038
0.0,-0.24653410911560059,0.0,3058.4038
0.0,-0.2885257601737976,0.0,3058.4038
0.0,-0.30904150009155273,0.0,3058.4038
0.0,-0.3077039420604706,0.0,3058.4038
0.0,-0.2560165822505951,0.0,3058.4038
0.0,-0.3089292645454407,0.0,3058.4038
0.0,-0.30895349383354187,0.0,3058.4038
0.0,-0.3088943660259247,0.0,3058.4038
0.0,-0.3042972683906555,0.0,3058.4038
0.0,-0.304280161857605,0.0,3058.4038
0.0,-0.3066800534725189,0.0,3058.4038
0.0,-0.2508052587509155,0.0,3058.4038
0.0,-0.3141934871673584,0.0,3058.4038
0.0,-0.3856784999370575,0.0,3058.4038
0.0,-0.35224851965904236,0.0,3058.4038
0.0,-0.33807262778282166,0.0,3058.4038
0.0,-0.37368476390838623,0.0,3058.4038
0.0,-0.32247990369796753,0.0,3058.4038
0.0,-0.39978572726249695,0.0,3058.4038
0.0,-0.3218996524810791,0.0,3058.4038
0.0,-0.34110528230667114,0.0,3058.4038
0.0,-0.3112433850765228,0.0,3058.4038
0.0,-0.36227864027023315,0.0,3058.4038
0.0,-0.33426424860954285,0.0,3058.4038
0.0,-0.3350617289543152,0.0,3058.4038
0.0,-0.28164759278297424,0.0,3058.4038
0.0,-0.28961727023124695,0.0,3058.4038
0.0,-0.3072926104068756,0.0,3058.4038
0.0,-0.3084314167499542,0.0,3058.4038
0.0,-0.30231162905693054,0.0,3058.4038
0.0,-0.24891333281993866,0.0,3058.4038
0.0,-0.2981763482093811,0.0,3058.4038
0.0,-0.3079746961593628,0.0,3058.4038
0.0,-0.2734539806842804,0.0,3058.4038
0.0,-0.29674920439720154,0.0,3058.4038
0.0,-0.30889829993247986,0.0,3058.4038
0.0,-0.3086055815219879,0.0,3058.4038
0.0,-0.26955053210258484,0.0,3058.4038
0.0,-0.2903236150741577,0.0,3058.4038
0.0,-0.3139495849609375,0.0,3058.4038
0.0,-0.3674863874912262,0.0,3058.4038
0.0,-0.3795942962169647,0.0,3058.4038
0.0,-0.4070385992527008,0.0,3058.4038
0.0,-0.31534749269485474,0.0,3058.4038
0.0,-0.22693578898906708,0.0,3058.4038
0.0,-0.3187262713909149,0.0,3058.4038
0.0,-0.3086574673652649,0.0,3058.4038
0.0,-0.3289559781551361,0.0,3058.4038
0.0,-0.31541961431503296,0.0,3058.4038
0.0,-0.22219042479991913,0.0,3058.4038
0.0,-0.30918803811073303,0.0,3058.4038
0.0,-0.3087316155433655,0.0,3058.4038
0.0,-0.27790263295173645,0.0,3058.4038
0.0,-0.3076166808605194,0.0,3058.4038
0.0,-0.31036415696144104,0.0,3058.4038
0.0,-0.29417768120765686,0.0,3058.4038
0.0,-0.309062659740448,0.0,3058.4038
0.0,-0.32508158683776855,0.0,3058.4038
0.0,-0.30187973380088806,0.0,3058.4038
0.0,-0.3118165135383606,0.0,3058.4038
0.0,-0.29643893241882324,0.0,3058.4038
0.0,-0.3109000325202942,0.0,3058.4038
0.0,-0.3084418475627899,0.0,3058.4038
0.0,-0.308241605758667,0.0,3058.4038
0.0,-0.30854395031929016,0.0,3058.4038
0.0,-0.3081081807613373,0.0,3058.4038
0.0,-0.30985739827156067,0.0,3058.4038
0.0,-0.31053486466407776,0.0,3058.4038
0.0,-0.27666011452674866,0.0,3058.4038
0.0,-0.3305761218070984,0.0,3058.4038
0.0,-0.3092269003391266,0.0,3058.4038
0.0,-0.29428210854530334,0.0,3058.4038
0.0,-0.2285413295030594,0.0,3058.4038
0.0,-0.30900079011917114,0.0,3058.4038
0.0,-0.2611459791660309,0.0,3058.4038
0.0,-0.2838650345802307,0.0,3058.4038
0.0,-0.22553931176662445,0.0,3058.4038
0.0,-0.3086376190185547,0.0,3058.4038
0.0,-0.37162280082702637,0.0,3058.4038
0.0,-0.36059269309043884,0.0,3058.4038
0.0,-0.3270590007305145,0.0,3058.4038
0.0,-0.4070643484592438,0.0,3058.4038
0.0,-0.3723772466182709,0.0,3058.4038
0.0,-0.3906223475933075,0.0,3058.4038
0.0,-0.30847784876823425,0.0,3058.4038
0.0,-0.29877087473869324,0.0,3058.4038
0.0,-0.3990953266620636,0.0,3058.4038
0.0,-0.3062397539615631,0.0,3058.4038
0.0,-0.31180307269096375,0.0,3058.4038
0.0,-0.3309010863304138,0.0,3058.4038
0.0,-0.32459211349487305,0.0,3058.4038
0.0,-0.2477954626083374,0.0,3058.4038
0.0,-0.31854376196861267,0.0,3058.4038
0.0,-0.3090572953224182,0.0,3058.4038
0.0,-0.36001619696617126,0.0,3058.4038
0.0,-0.341438353061676,0.0,3058.4038
0.0,-0.3732492923736572,0.0,3058.4038
0.0,-0.3587092459201813,0.0,3058.4038
0.0,-0.32432040572166443,0.0,3058.4038
0.0,-0.30681419372558594,0.0,3058.4038
0.0,-0.21401818096637726,0.0,3058.4038
0.0,-0.3862282931804657,0.0,3058.4038
0.0,-0.3711109757423401,0.0,3058.4038
0.0,-0.3088385760784149,0.0,3058.4038
0.0,-0.302810400724411,0.0,3058.4038
0.0,-0.3121660649776459,0.0,3058.4038
0.0,-0.3072153627872467,0.0,3058.4038
0.0,-0.21028569340705872,0.0,3058.4038
0.0,-0.3035372495651245,0.0,3058.4038
0.0,-0.3093937635421753,0.0,3058.4038
0.0,-0.30889084935188293,0.0,3058.4038
0.0,-0.30904290080070496,0.0,3058.4038
0.0,-0.30732688307762146,0.0,3058.4038
0.0,-0.3082050085067749,0.0,3058.4038
0.0,-0.26972874999046326,0.0,3058.4038
0.0,-0.30890557169914246,0.0,3058.4038
0.0,-0.3078523874282837,0.0,3058.4038
0.0,-0.26082396507263184,0.0,3058.4038
0.0,-0.25734496116638184,0.0,3058.4038
0.0,-0.3052065670490265,0.0,3058.4038
0.0,-0.30843693017959595,0.0,3058.4038
0.0,-0.30566495656967163,0.0,3058.4038
0.0,-0.30862388014793396,0.0,3058.4038
0.0,-0.31386464834213257,0.0,3058.4038
0.0,-0.3063477575778961,0.0,3058.4038
0.0,-0.382546603679657,0.0,3058.4038
0.0,-0.39272814989089966,0.0,3058.4038
0.0,-0.30879223346710205,0.0,3058.4038
0.0,-0.29120054841041565,0.0,3058.4038
0.0,-0.3165445029735565,0.0,3058.4038
0.0,-0.3122720420360565,0.0,3058.4038
0.0,-0.30751630663871765,0.0,3058.4038
0.0,-0.36455202102661133,0.0,3058.4038
0.0,-0.35074561834335327,0.0,3058.4038
0.0,-0.4060366749763489,0.0,3058.4038
0.0,-0.4020083546638489,0.0,3058.4038
0.0,-0.3574017882347107,0.0,3058.4038
0.0,-0.3484266698360443,0.0,3058.4038
0.0,-0.2756483256816864,0.0,3058.4038
0.0,-0.3166148364543915,0.0,3058.4038
0.0,-0.3120289146900177,0.0,3058.4038
0.0,-0.3101956844329834,0.0,3058.4038
0.0,-0.3185749053955078,0.0,3058.4038
0.0,-0.30670496821403503,0.0,3058.4038
0.0,-0.3091960847377777,0.0,3058.4038
0.0,-0.35264676809310913,0.0,3058.4038
0.0,-0.40747886896133423,0.0,3058.4038
0.0,-0.3365168571472168,0.0,3058.4038
0.0,-0.408282607793808,0.0,3058.4038
0.0,-0.3540181517601013,0.0,3058.4038
0.0,-0.30961376428604126,0.0,3058.4038
0.0,-0.2715173661708832,0.0,3058.4038
0.0,-0.33274126052856445,0.0,3058.4038
0.0,-0.3089238405227661,0.0,3058.4038
0.0,-0.3248295485973358,0.0,3058.4038
0.0,-0.2147536277770996,0.0,3058.4038
0.0,-0.3316255807876587,0.0,3058.4038
0.0,-0.39981719851493835,0.0,3058.4038
0.0,-0.3360554873943329,0.0,3058.4038
0.0,-0.3699588477611542,0.0,3058.4038
0.0,-0.3814269006252289,0.0,3058.4038
0.0,-0.3203965127468109,0.0,3058.4038
0.0,-0.39658626914024353,0.0,3058.4038
0.0,-0.30846843123435974,0.0,3058.4038
0.0,-0.3094651997089386,0.0,3058.4038
0.0,-0.3120391070842743,0.0,3058.4038
0.0,-0.3131418526172638,0.0,3058.4038
0.0,-0.3104468584060669,0.0,3058.4038
0.0,-0.3090534508228302,0.0,3058.4038
0.0,-0.38881832361221313,0.0,3058.4038
0.0,-0.4075953960418701,0.0,3058.4038
0.0,-0.3323671519756317,0.0,3058.4038
0.0,-0.3646743595600128,0.0,3058.4038
0.0,-0.3790125250816345,0.0,3058.4038
0.0,-0.3829108476638794,0.0,3058.4038
0.0,-0.39672935009002686,0.0,3058.4038
0.0,-0.40843772888183594,0.0,3058.4038
0.0,-0.358907014131546,0.0,3058.4038
0.0,-0.27127692103385925,0.0,3058.4038
0.0,-0.3556368052959442,0.0,3058.4038
0.0,-0.3124360144138336,0.0,3058.4038
0.0,-0.29326432943344116,0.0,3058.4038
0.0,-0.3056870996952057,0.0,3058.4038
0.0,-0.3005753457546234,0.0,3058.4038
0.0,-0.2535872459411621,0.0,3058.4038
0.0,-0.30599477887153625,0.0,3058.4038
0.0,-0.3004901707172394,0.0,3058.4038
0.0,-0.3249107599258423,0.0,3058.4038
0.0,-0.3932746350765228,0.0,3058.4038
0.0,-0.2943047285079956,0.0,3058.4038
0.0,-0.39941373467445374,0.0,3058.4038
0.0,-0.257982462644577,0.0,3058.4038
0.0,-0.31878870725631714,0.0,3058.4038
0.0,-0.3075866401195526,0.0,3058.4038
0.0,-0.30999132990837097,0.0,3058.4038
0.0,-0.22368283569812775,0.0,3058.4038
0.0,-0.3088982105255127,0.0,3058.4038
0.0,-0.3414093852043152,0.0,3058.4038
0.0,-0.2832537293434143,0.0,3058.4038
0.0,-0.31348153948783875,0.0,3058.4038
0.0,-0.2863292992115021,0.0,3058.4038
0.0,-0.3174949586391449,0.0,3058.4038
0.0,-0.3089051842689514,0.0,3058.4038
0.0,-0.3129371106624603,0.0,3058.4038
0.0,-0.28574174642562866,0.0,3058.4038
0.0,-0.3088950216770172,0.0,3058.4038
0.0,-0.2946130633354187,0.0,3058.4038
0.0,-0.2349918931722641,0.0,3058.4038
0.0,-0.31441959738731384,0.0,3058.4038
0.0,-0.3850017488002777,0.0,3058.4038
0.0,-0.3386465609073639,0.0,3058.4038
0.0,-0.3263847231864929,0.0,3058.4038
0.0,-0.3040144741535187,0.0,3058.4038
0.0,-0.32293593883514404,0.0,3058.4038
0.0,-0.29818210005760193,0.0,3058.4038
0.0,-0.3111870288848877,0.0,3058.4038
0.0,-0.3090250790119171,0.0,3058.4038
0.0,-0.312729150056839,0.0,3058.4038
0.0,-0.3071552813053131,0.0,3058.4038
0.0,-0.3142188489437103,0.0,3058.4038
0.0,-0.308860719203949,0.0,3058.4038
0.0,-0.3067071735858917,0.0,3058.4038
0.0,-0.30158886313438416,0.0,3058.4038
0.0,-0.21750977635383606,0.0,3058.4038
0.0,-0.30909332633018494,0.0,3058.4038
0.0,-0.3089737594127655,0.0,3058.4038
0.0,-0.2887406051158905,0.0,3058.4038
0.0,-0.30890026688575745,0.0,3058.4038
0.0,-0.30081304907798767,0.0,3058.4038
0.0,-0.2582106292247772,0.0,3058.4038
0.0,-0.4027119576931,0.0,3058.4038
0.0,-0.3994591236114502,0.0,3058.4038
0.0,-0.3645692467689514,0.0,3058.4038
0.0,-0.39360931515693665,0.0,3058.4038
0.0,-0.31512218713760376,0.0,3058.4038
0.0,-0.36313512921333313,0.0,3058.4038
0.0,-0.3091078996658325,0.0,3058.4038
0.0,-0.3101312220096588,0.0,3058.4038
0.0,-0.32367825508117676,0.0,3058.4038
0.0,-0.21374575793743134,0.0,3058.4038
0.0,-0.2569497525691986,0.0,3058.4038
0.0,-0.37327519059181213,0.0,3058.4038
0.0,-0.2215554267168045,0.0,3058.4038
0.0,-0.3108130395412445,0.0,3058.4038
0.0,-0.30855196714401245,0.0,3058.4038
0.0,-0.3009001314640045,0.0,3058.4038
0.0,-0.26509585976600647,0.0,3058.4038
0.0,-0.3088963031768799,0.0,3058.4038
0.0,-0.30860641598701477,0.0,3058.4038
0.0,-0.25430306792259216,0.0,3058.4038
0.0,-0.3089347779750824,0.0,3058.4038
0.0,-0.30783161520957947,0.0,3058.4038
0.0,-0.2434438019990921,0.0,3058.4038
0.0,-0.308799684047699,0.0,3058.4038
0.0,-0.30934157967567444,0.0,3058.4038
0.0,-0.2411840260028839,0.0,3058.4038
0.0,-0.3004295527935028,0.0,3058.4038
0.0,-0.3131779730319977,0.0,3058.4038
0.0,-0.30972597002983093,0.0,3058.4038
0.0,-0.3081810474395752,0.0,3058.4038
0.0,-0.294107049703598,0.0,3058.4038
0.0,-0.3088839054107666,0.0,3058.4038
0.0,-0.3098215162754059,0.0,3058.4038
0.0,-0.31316834688186646,0.0,3058.4038
0.0,-0.3473852872848511,0.0,3058.4038
0.0,-0.40315064787864685,0.0,3058.4038
0.0,-0.30711451172828674,0.0,3058.4038
0.0,-0.40351390838623047,0.0,3058.4038
0.0,-0.30052128434181213,0.0,3058.4038
0.0,-0.26303666830062866,0.0,3058.4038
0.0,-0.2662212550640106,0.0,3058.4038
0.0,-0.21958939731121063,0.0,3058.4038
0.0,-0.298682302236557,0.0,3058.4038
0.0,-0.3131350874900818,0.0,3058.4038
0.0,-0.3084993064403534,0.0,3058.4038
0.0,-0.2334553748369217,0.0,3058.4038
0.0,-0.30746275186538696,0.0,3058.4038
0.0,-0.30889150500297546,0.0,3058.4038
0.0,-0.27615422010421753,0.0,3058.4038
0.0,-0.3007204234600067,0.0,3058.4038
0.0,-0.3095051050186157,0.0,3058.4038
0.0,-0.3723624646663666,0.0,3058.4038
0.0,-0.39290380477905273,0.0,3058.4038
0.0,-0.356930136680603,0.0,3058.4038
0.0,-0.30907467007637024,0.0,3058.4038
0.0,-0.26493141055107117,0.0,3058.4038
0.0,-0.31250622868537903,0.0,3058.4038
0.0,-0.3081705570220947,0.0,3058.4038
0.0,-0.30901405215263367,0.0,3058.4038
0.0,-0.28898414969444275,0.0,3058.4038
0.0,-0.3104711174964905,0.0,3058.4038
0.0,-0.30852246284484863,0.0,3058.4038
0.0,-0.23042261600494385,0.0,3058.4038
0.0,-0.2981998026371002,0.0,3058.4038
0.0,-0.3083178699016571,0.0,3058.4038
0.0,-0.36377865076065063,0.0,3058.4038
0.0,-0.28914377093315125,0.0,3058.4038
0.0,-0.3218877911567688,0.0,3058.4038
0.0,-0.35569125413894653,0.0,3058.4038
0.0,-0.27863892912864685,0.0,3058.4038
0.0,-0.2935144901275635,0.0,3058.4038
0.0,-0.3132338225841522,0.0,3058.4038
0.0,-0.30878037214279175,0.0,3058.4038
0.0,-0.3098492920398712,0.0,3058.4038
0.0,-0.30737942457199097,0.0,3058.4038
0.0,-0.32549986243247986,0.0,3058.4038
0.0,-0.26492828130722046,0.0,3058.4038
0.0,-0.30581238865852356,0.0,3058.4038
0.0,-0.3082544803619385,0.0,3058.4038
0.0,-0.29934144020080566,0.0,3058.4038
0.0,-0.3090849816799164,0.0,3058.4038
0.0,-0.312883585691452,0.0,3058.4038
0.0,-0.3762006163597107,0.0,3058.4038
0.0,-0.228695347905159,0.0,3058.4038
0.0,-0.32206422090530396,0.0,3058.4038
0.0,-0.29117655754089355,0.0,3058.4038
0.0,-0.3766328990459442,0.0,3058.4038
0.0,-0.40641680359840393,0.0,3058.4038
0.0,-0.36383259296417236,0.0,3058.4038
0.0,-0.40339240431785583,0.0,3058.4038
0.0,-0.28239357471466064,0.0,3058.4038
0.0,-0.2497672587633133,0.0,3058.4038
0.0,-0.30899807810783386,0.0,3058.4038
0.0,-0.32286518812179565,0.0,3058.4038
0.0,-0.40241456031799316,0.0,3058.4038
0.0,-0.30739593505859375,0.0,3058.4038
0.0,-0.39793136715888977,0.0,3058.4038
0.0,-0.31338605284690857,0.0,3058.4038
0.0,-0.3091578185558319,0.0,3058.4038
0.0,-0.24566641449928284,0.0,3058.4038
0.0,-0.309053897857666,0.0,3058.4038
0.0,-0.3088570237159729,0.0,3058.4038
0.0,-0.29723748564720154,0.0,3058.4038
0.0,-0.2872772216796875,0.0,3058.4038
0.0,-0.31337305903434753,0.0,3058.4038
0.0,-0.308905690908432,0.0,3058.4038
0.0,-0.30882740020751953,0.0,3058.4038
0.0,-0.29956939816474915,0.0,3058.4038
0.0,-0.31166303157806396,0.0,3058.4038
0.0,-0.30879661440849304,0.0,3058.4038
0.0,-0.26769691705703735,0.0,3058.4038
0.0,-0.30268505215644836,0.0,3058.4038
0.0,-0.31129398941993713,0.0,3058.4038
0.0,-0.3346528112888336,0.0,3058.4038
0.0,-0.30611640214920044,0.0,3058.4038
0.0,-0.21809008717536926,0.0,3058.4038
0.0,-0.30401811003685,0.0,3058.4038
0.0,-0.2853757441043854,0.0,3058.4038
0.0,-0.3082934021949768,0.0,3058.4038
0.0,-0.3126538395881653,0.0,3058.4038
0.0,-0.2328534871339798,0.0,3058.4038
0.0,-0.3035394847393036,0.0,3058.4038
0.0,-0.32955560088157654,0.0,3058.4038
0.0,-0.2745717763900757,0.0,3058.4038
0.0,-0.3084142804145813,0.0,3058.4038
0.0,-0.2723920941352844,0.0,3058.4038
0.0,-0.3043185770511627,0.0,3058.4038
0.0,-0.3085381090641022,0.0,3058.4038
0.0,-0.3072168827056885,0.0,3058.4038
0.0,-0.2698480486869812,0.0,3058.4038
0.0,-0.24881386756896973,0.0,3058.4038
0.0,-0.3088437020778656,0.0,3058.4038
0.0,-0.3064516484737396,0.0,3058.4038
0.0,-0.24699793756008148,0.0,3058.4038
0.0,-0.308603972196579,0.0,3058.4038
0.0,-0.3140757083892822,0.0,3058.4038
0.0,-0.3265499174594879,0.0,3058.4038
0.0,-0.32470670342445374,0.0,3058.4038
0.0,-0.3072691857814789,0.0,3058.4038
0.0,-0.2998911440372467,0.0,3058.4038
0.0,-0.3094673752784729,0.0,3058.4038
0.0,-0.3082115650177002,0.0,3058.4038
0.0,-0.3094612658023834,0.0,3058.4038
0.0,-0.30989527702331543,0.0,3058.4038
0.0,-0.30833396315574646,0.0,3058.4038
0.0,-0.2706966698169708,0.0,3058.4038
0.0,-0.3374820649623871,0.0,3058.4038
0.0,-0.33479776978492737,0.0,3058.4038
0.0,-0.31446710228919983,0.0,3058.4038
0.0,-0.2933483421802521,0.0,3058.4038
0.0,-0.31672587990760803,0.0,3058.4038
0.0,-0.30858367681503296,0.0,3058.4038
0.0,-0.30658045411109924,0.0,3058.4038
0.0,-0.3044385612010956,0.0,3058.4038
0.0,-0.30943259596824646,0.0,3058.4038
0.0,-0.3094300925731659,0.0,3058.4038
0.0,-0.3048679530620575,0.0,3058.4038
0.0,-0.24164023995399475,0.0,3058.4038
0.0,-0.3105463981628418,0.0,3058.4038
0.0,-0.3089570701122284,0.0,3058.4038
0.0,-0.308277428150177,0.0,3058.4038
0.0,-0.30589982867240906,0.0,3058.4038
0.0,-0.3086542785167694,0.0,3058.4038
0.0,-0.302558958530426,0.0,3058.4038
0.0,-0.27722522616386414,0.0,3058.4038
0.0,-0.35680025815963745,0.0,3058.4038
0.0,-0.39274153113365173,0.0,3058.4038
0.0,-0.33540788292884827,0.0,3058.4038
0.0,-0.3070235550403595,0.0,3058.4038
0.0,-0.338484525680542,0.0,3058.4038
0.0,-0.32506290078163147,0.0,3058.4038
0.0,-0.3087173402309418,0.0,3058.4038
0.0,-0.31142187118530273,0.0,3058.4038
0.0,-0.3145340383052826,0.0,3058.4038
0.0,-0.33494681119918823,0.0,3058.4038
0.0,-0.30844950675964355,0.0,3058.4038
0.0,-0.31030702590942383,0.0,3058.4038
0.0,-0.2517860531806946,0.0,3058.4038
0.0,-0.30888426303863525,0.0,3058.4038
0.0,-0.3298325836658478,0.0,3058.4038
0.0,-0.30566006898880005,0.0,3058.4038
0.0,-0.3214040696620941,0.0,3058.4038
0.0,-0.3114209473133087,0.0,3058.4038
0.0,-0.36966922879219055,0.0,3058.4038
0.0,-0.3839021325111389,0.0,3058.4038
0.0,-0.3101308047771454,0.0,3058.4038
0.0,-0.3202838599681854,0.0,3058.4038
0.0,-0.22299419343471527,0.0,3058.4038
0.0,-0.3101250231266022,0.0,3058.4038
0.0,-0.31662416458129883,0.0,3058.4038
0.0,-0.2556886672973633,0.0,3058.4038
0.0,-0.22150956094264984,0.0,3058.4038
0.0,-0.3093918263912201,0.0,3058.4038
0.0,-0.3091377019882202,0.0,3058.4038
0.0,-0.32119813561439514,0.0,3058.4038
0.0,-0.37470176815986633,0.0,3058.4038
0.0,-0.315568745136261,0.0,3058.4038
0.0,-0.3243049085140228,0.0,3058.4038
0.0,-0.2119402438402176,0.0,3058.4038
0.0,-0.2971155643463135,0.0,3058.4038
0.0,-0.3089953362941742,0.0,3058.4038
0.0,-0.22083811461925507,0.0,3058.4038
0.0,-0.33426788449287415,0.0,3058.4038
0.0,-0.30888673663139343,0.0,3058.4038
0.0,-0.26336631178855896,0.0,3058.4038
0.0,-0.30893898010253906,0.0,3058.4038
0.0,-0.2751556932926178,0.0,3058.4038
0.0,-0.2784121334552765,0.0,3058.4038
0.0,-0.3051048517227173,0.0,3058.4038
0.0,-0.31899070739746094,0.0,3058.4038
0.0,-0.3205827474594116,0.0,3058.4038
0.0,-0.2577226459980011,0.0,3058.4038
0.0,-0.306458443403244,0.0,3058.4038
0.0,-0.31073257327079773,0.0,3058.4038
0.0,-0.3093279004096985,0.0,3058.4038
0.0,-0.3090441823005676,0.0,3058.4038
0.0,-0.3088356554508209,0.0,3058.4038
0.0,-0.3177931010723114,0.0,3058.4038
0.0,-0.22566954791545868,0.0,3058.4038
0.0,-0.2829658091068268,0.0,3058.4038
0.0,-0.2980685234069824,0.0,3058.4038
0.0,-0.30890393257141113,0.0,3058.4038
