healthy,ctrl,forward,cumulative
0.0,-0.18881814181804657,0.0,7090.0176
0.0,-0.2817065417766571,0.0,7090.0176
0.0,-0.34303221106529236,0.0,7090.0176
0.0,-0.30416586995124817,0.0,7090.0176
0.0,-0.35756978392601013,0.0,7090.0176
0.0,-0.357657790184021,0.0,7090.0176
0.0,-0.3410089910030365,0.0,7090.0176
0.0,-0.32859835028648376,0.0,7090.0176
0.0,-0.36215776205062866,0.0,7090.0176
0.0,-0.3504141569137573,0.0,7090.0176
0.0,-0.3656828999519348,0.0,7090.0176
0.0,-0.3475879728794098,0.0,7090.0176
0.0,-0.3635375499725342,0.0,7090.0176
0.0,-0.34563931822776794,0.0,7090.0176
0.0,-0.3439043462276459,0.0,7090.0176
0.0,-0.3661223351955414,0.0,7090.0176
0.0,-0.37022918462753296,0.0,7090.0176
0.0,-0.3840767443180084,0.0,7090.0176
0.0,-0.36820319294929504,0.0,7090.0176
0.0,-0.3693293333053589,0.0,7090.0176
0.0,-0.378693550825119,0.0,7090.0176
0.0,-0.36175310611724854,0.0,7090.0176
0.0,-0.36613985896110535,0.0,7090.0176
0.0,-0.3619394302368164,0.0,7090.0176
0.0,-0.34950000047683716,0.0,7090.0176
0.0,-0.3500925302505493,0.0,7090.0176
0.0,-0.37523847818374634,0.0,7090.0176
0.0,-0.3458605110645294,0.0,7090.0176
0.0,-0.36123913526535034,0.0,7090.0176
0.0,-0.35924193263053894,0.0,7090.0176
0.0,-0.3572634756565094,0.0,7090.0176
0.0,-0.35486361384391785,0.0,7090.0176
0.0,-0.360098272562027,0.0,7090.0176
0.0,-0.36447855830192566,0.0,7090.0176
0.0,-0.3645573556423187,0.0,7090.0176
0.0,-0.37193912267684937,0.0,7090.0176
0.0,-0.3687650263309479,0.0,7090.0176
0.0,-0.37536606192588806,0.0,7090.0176
0.0,-0.3642537593841553,0.0,7090.0176
0.0,-0.3646475076675415,0.0,7090.0176
0.0,-0.35649681091308594,0.0,7090.0176
0.0,-0.359208345413208,0.0,7090.0176
0.0,-0.3638078272342682,0.0,7090.0176
0.0,-0.38196244835853577,0.0,7090.0176
0.0,-0.3779706060886383,0.0,7090.0176
0.0,-0.37791907787323,0.0,7090.0176
0.0,-0.39516589045524597,0.0,7090.0176
0.0,-0.3711717128753662,0.0,7090.0176
0.0,-0.3754499852657318,0.0,7090.0176
0.0,-0.3605130612850189,0.0,7090.0176
0.0,-0.39294955134391785,0.0,7090.0176
0.0,-0.36523979902267456,0.0,7090.0176
0.0,-0.3719479739665985,0.0,7090.0176
0.0,-0.3597836494445801,0.0,7090.0176
0.0,-0.3793618381023407,0.0,7090.0176
0.0,-0.3499698340892792,0.0,7090.0176
0.0,-0.35308122634887695,0.0,7090.0176
0.0,-0.36306700110435486,0.0,7090.0176
0.0,-0.36287084221839905,0.0,7090.0176
0.0,-0.36571598052978516,0.0,7090.0176
0.0,-0.40835127234458923,0.0,7090.0176
0.0,-0.3834749460220337,0.0,7090.0176
0.0,-0.42627406120300293,0.0,7090.0176
0.0,-0.37783801555633545,0.0,7090.0176
0.0,-0.3816011846065521,0.0,7090.0176
0.0,-0.37776491045951843,0.0,7090.0176
0.0,-0.3679412305355072,0.0,7090.0176
0.0,-0.37106966972351074,0.0,7090.0176
0.0,-0.3574495017528534,0.0,7090.0176
0.0,-0.36077195405960083,0.0,7090.0176
0.0,-0.35893240571022034,0.0,7090.0176
0.0,-0.36109352111816406,0.0,7090.0176
0.0,-0.36313924193382263,0.0,7090.0176
0.0,-0.36093923449516296,0.0,7090.0176
0.0,-0.3663671016693115,0.0,7090.0176
0.0,-0.3642368018627167,0.0,7090.0176
0.0,-0.3593190610408783,0.0,7090.0176
0.0,-0.3595227897167206,0.0,7090.0176
0.0,-0.3587651252746582,0.0,7090.0176
0.0,-0.373173326253891,0.0,7090.0176
0.0,-0.36375370621681213,0.0,7090.0176
0.0,-0.36836880445480347,0.0,7090.0176
0.0,-0.36886271834373474,0.0,7090.0176
0.0,-0.3664279878139496,0.0,7090.0176
0.0,-0.35594305396080017,0.0,7090.0176
0.0,-0.40437355637550354,0.0,7090.0176
0.0,-0.3420499861240387,0.0,7090.0176
0.0,-0.3707672357559204,0.0,7090.0176
0.0,-0.37056785821914673,0.0,7090.0176
0.0,-0.38298001885414124,0.0,7090.0176
0.0,-0.37849342823028564,0.0,7090.0176
0.0,-0.37435343861579895,0.0,7090.0176
0.0,-0.37356966733932495,0.0,7090.0176
0.0,-0.36787742376327515,0.0,7090.0176
0.0,-0.35796400904655457,0.0,7090.0176
0.0,-0.3463543951511383,0.0,7090.0176
0.0,-0.3617785573005676,0.0,7090.0176
0.0,-0.35360655188560486,0.0,7090.0176
0.0,-0.3657534718513489,0.0,7090.0176
0.0,-0.3560377359390259,0.0,7090.0176
0.0,-0.35982194542884827,0.0,7090.0176
0.0,-0.3497615158557892,0.0,7090.0176
0.0,-0.36891576647758484,0.0,7090.0176
0.0,-0.3559190332889557,0.0,7090.0176
0.0,-0.3772946298122406,0.0,7090.0176
0.0,-0.36318179965019226,0.0,7090.0176
0.0,-0.3661840856075287,0.0,7090.0176
0.0,-0.3633969724178314,0.0,7090.0176
0.0,-0.3483860492706299,0.0,7090.0176
0.0,-0.37249431014060974,0.0,7090.0176
0.0,-0.36007779836654663,0.0,7090.0176
0.0,-0.3913370966911316,0.0,7090.0176
0.0,-0.38528910279273987,0.0,7090.0176
0.0,-0.3704519271850586,0.0,7090.0176
0.0,-0.37178125977516174,0.0,7090.0176
0.0,-0.3766787648200989,0.0,7090.0176
0.0,-0.35587114095687866,0.0,7090.0176
0.0,-0.3488155007362366,0.0,7090.0176
0.0,-0.37773391604423523,0.0,7090.0176
0.0,-0.3580358922481537,0.0,7090.0176
0.0,-0.3781275451183319,0.0,7090.0176
0.0,-0.36754629015922546,0.0,7090.0176
0.0,-0.39521533250808716,0.0,7090.0176
0.0,-0.37833261489868164,0.0,7090.0176
0.0,-0.37798604369163513,0.0,7090.0176
0.0,-0.390019029378891,0.0,7090.0176
0.0,-0.36360034346580505,0.0,7090.0176
0.0,-0.3555130660533905,0.0,7090.0176
0.0,-0.3520612120628357,0.0,7090.0176
0.0,-0.34902074933052063,0.0,7090.0176
0.0,-0.38113293051719666,0.0,7090.0176
0.0,-0.4352547824382782,0.0,7090.0176
0.0,-0.37188419699668884,0.0,7090.0176
0.0,-0.39590540528297424,0.0,7090.0176
0.0,-0.3687407076358795,0.0,7090.0176
0.0,-0.36677590012550354,0.0,7090.0176
0.0,-0.3838498592376709,0.0,7090.0176
0.0,-0.36055728793144226,0.0,7090.0176
0.0,-0.3591746985912323,0.0,7090.0176
0.0,-0.325630784034729,0.0,7090.0176
0.0,-0.3122929334640503,0.0,7090.0176
0.0,-0.3719342350959778,0.0,7090.0176
0.0,-0.3715244233608246,0.0,7090.0176
0.0,-0.38526779413223267,0.0,7090.0176
0.0,-0.34937232732772827,0.0,7090.0176
0.0,-0.3485175669193268,0.0,7090.0176
0.0,-0.3575077950954437,0.0,7090.0176
0.0,-0.36306723952293396,0.0,7090.0176
0.0,-0.34758099913597107,0.0,7090.0176
0.0,-0.3816782236099243,0.0,7090.0176
0.0,-0.3590027987957001,0.0,7090.0176
0.0,-0.36626920104026794,0.0,7090.0176
0.0,-0.35881176590919495,0.0,7090.0176
0.0,-0.36582064628601074,0.0,7090.0176
0.0,-0.35008299350738525,0.0,7090.0176
0.0,-0.37356582283973694,0.0,7090.0176
0.0,-0.36702412366867065,0.0,7090.0176
0.0,-0.3667726516723633,0.0,7090.0176
0.0,-0.33444854617118835,0.0,7090.0176
0.0,-0.36786291003227234,0.0,7090.0176
0.0,-0.342882364988327,0.0,7090.0176
0.0,-0.371378630399704,0.0,7090.0176
0.0,-0.34744182229042053,0.0,7090.0176
0.0,-0.366544634103775,0.0,7090.0176
0.0,-0.35022392868995667,0.0,7090.0176
0.0,-0.38063669204711914,0.0,7090.0176
0.0,-0.36431145668029785,0.0,7090.0176
0.0,-0.351192444562912,0.0,7090.0176
0.0,-0.34446316957473755,0.0,7090.0176
0.0,-0.3073385953903198,0.0,7090.0176
0.0,-0.3614470064640045,0.0,7090.0176
0.0,-0.36203956604003906,0.0,7090.0176
0.0,-0.3527359664440155,0.0,7090.0176
0.0,-0.35384446382522583,0.0,7090.0176
0.0,-0.34422406554222107,0.0,7090.0176
0.0,-0.3513992726802826,0.0,7090.0176
0.0,-0.3443843424320221,0.0,7090.0176
0.0,-0.34425660967826843,0.0,7090.0176
0.0,-0.35718172788619995,0.0,7090.0176
0.0,-0.3593764305114746,0.0,7090.0176
0.0,-0.3387225270271301,0.0,7090.0176
0.0,-0.36760884523391724,0.0,7090.0176
0.0,-0.3275819718837738,0.0,7090.0176
0.0,-0.362754225730896,0.0,7090.0176
0.0,-0.37163588404655457,0.0,7090.0176
0.0,-0.34769031405448914,0.0,7090.0176
0.0,-0.3838941752910614,0.0,7090.0176
0.0,-0.3587726354598999,0.0,7090.0176
0.0,-0.3742618262767792,0.0,7090.0176
0.0,-0.33928877115249634,0.0,7090.0176
0.0,-0.3584993779659271,0.0,7090.0176
0.0,-0.3475527763366699,0.0,7090.0176
0.0,-0.35848161578178406,0.0,7090.0176
0.0,-0.3727937638759613,0.0,7090.0176
0.0,-0.3639180362224579,0.0,7090.0176
0.0,-0.36806726455688477,0.0,7090.0176
0.0,-0.3591962158679962,0.0,7090.0176
0.0,-0.3625398874282837,0.0,7090.0176
0.0,-0.34546229243278503,0.0,7090.0176
0.0,-0.37926316261291504,0.0,7090.0176
0.0,-0.35901904106140137,0.0,7090.0176
0.0,-0.3647441565990448,0.0,7090.0176
0.0,-0.37790969014167786,0.0,7090.0176
0.0,-0.37429875135421753,0.0,7090.0176
0.0,-0.36446860432624817,0.0,7090.0176
0.0,-0.3636181354522705,0.0,7090.0176
0.0,-0.3539593815803528,0.0,7090.0176
0.0,-0.3679644465446472,0.0,7090.0176
0.0,-0.3368815779685974,0.0,7090.0176
0.0,-0.4226950705051422,0.0,7090.0176
0.0,-0.35198459029197693,0.0,7090.0176
0.0,-0.37375396490097046,0.0,7090.0176
0.0,-0.3450384736061096,0.0,7090.0176
0.0,-0.36116930842399597,0.0,7090.0176
0.0,-0.369521826505661,0.0,7090.0176
0.0,-0.38104644417762756,0.0,7090.0176
0.0,-0.351298063993454,0.0,7090.0176
0.0,-0.371311753988266,0.0,7090.0176
0.0,-0.35885581374168396,0.0,7090.0176
0.0,-0.3732094168663025,0.0,7090.0176
0.0,-0.3631416857242584,0.0,7090.0176
0.0,-0.3503186106681824,0.0,7090.0176
0.0,-0.3555312156677246,0.0,7090.0176
0.0,-0.3916957378387451,0.0,7090.0176
0.0,-0.403053343296051,0.0,7090.0176
0.0,-0.3789711892604828,0.0,7090.0176
0.0,-0.36962684988975525,0.0,7090.0176
0.0,-0.36571818590164185,0.0,7090.0176
0.0,-0.36005720496177673,0.0,7090.0176
0.0,-0.3685632348060608,0.0,7090.0176
0.0,-0.3768725097179413,0.0,7090.0176
0.0,-0.3684294521808624,0.0,7090.0176
0.0,-0.37788811326026917,0.0,7090.0176
0.0,-0.3483313024044037,0.0,7090.0176
0.0,-0.37555113434791565,0.0,7090.0176
0.0,-0.3397570252418518,0.0,7090.0176
0.0,-0.3719087541103363,0.0,7090.0176
0.0,-0.32627221941947937,0.0,7090.0176
0.0,-0.3661506175994873,0.0,7090.0176
0.0,-0.35778093338012695,0.0,7090.0176
0.0,-0.36750879883766174,0.0,7090.0176
0.0,-0.36911287903785706,0.0,7090.0176
0.0,-0.375133752822876,0.0,7090.0176
0.0,-0.37958961725234985,0.0,7090.0176
0.0,-0.3681430518627167,0.0,7090.0176
0.0,-0.3790285885334015,0.0,7090.0176
0.0,-0.35969123244285583,0.0,7090.0176
0.0,-0.364106684923172,0.0,7090.0176
0.0,-0.36248791217803955,0.0,7090.0176
0.0,-0.34669411182403564,0.0,7090.0176
0.0,-0.4225662350654602,0.0,7090.0176
0.0,-0.3746016323566437,0.0,7090.0176
0.0,-0.40328583121299744,0.0,7090.0176
0.0,-0.36887475848197937,0.0,7090.0176
0.0,-0.3746127188205719,0.0,7090.0176
0.0,-0.3730745315551758,0.0,7090.0176
0.0,-0.33084526658058167,0.0,7090.0176
0.0,-0.3864562213420868,0.0,7090.0176
0.0,-0.3541271686553955,0.0,7090.0176
0.0,-0.3835616707801819,0.0,7090.0176
0.0,-0.36122310161590576,0.0,7090.0176
0.0,-0.3734128773212433,0.0,7090.0176
0.0,-0.3592519462108612,0.0,7090.0176
0.0,-0.3559705913066864,0.0,7090.0176
0.0,-0.36406049132347107,0.0,7090.0176
0.0,-0.35174569487571716,0.0,7090.0176
0.0,-0.36315903067588806,0.0,7090.0176
0.0,-0.36848822236061096,0.0,7090.0176
0.0,-0.39233189821243286,0.0,7090.0176
0.0,-0.3689746856689453,0.0,7090.0176
0.0,-0.36196520924568176,0.0,7090.0176
0.0,-0.3620222210884094,0.0,7090.0176
0.0,-0.36215266585350037,0.0,7090.0176
0.0,-0.3731529116630554,0.0,7090.0176
0.0,-0.39560920000076294,0.0,7090.0176
0.0,-0.37016934156417847,0.0,7090.0176
0.0,-0.4022303521633148,0.0,7090.0176
0.0,-0.4018475115299225,0.0,7090.0176
0.0,-0.43039074540138245,0.0,7090.0176
0.0,-0.36428195238113403,0.0,7090.0176
0.0,-0.35334956645965576,0.0,7090.0176
0.0,-0.3649767339229584,0.0,7090.0176
0.0,-0.3479810655117035,0.0,7090.0176
0.0,-0.351452499628067,0.0,7090.0176
0.0,-0.3426405191421509,0.0,7090.0176
0.0,-0.36694034934043884,0.0,7090.0176
0.0,-0.3508886694908142,0.0,7090.0176
0.0,-0.35924357175827026,0.0,7090.0176
0.0,-0.3459101617336273,0.0,7090.0176
0.0,-0.35216936469078064,0.0,7090.0176
0.0,-0.36690840125083923,0.0,7090.0176
0.0,-0.3692435920238495,0.0,7090.0176
0.0,-0.3636176586151123,0.0,7090.0176
0.0,-0.3591918647289276,0.0,7090.0176
0.0,-0.37139439582824707,0.0,7090.0176
0.0,-0.3841453194618225,0.0,7090.0176
0.0,-0.35961678624153137,0.0,7090.0176
0.0,-0.3992284834384918,0.0,7090.0176
0.0,-0.3566635549068451,0.0,7090.0176
0.0,-0.36055275797843933,0.0,7090.0176
0.0,-0.3555217683315277,0.0,7090.0176
0.0,-0.3630397915840149,0.0,7090.0176
0.0,-0.37551775574684143,0.0,7090.0176
0.0,-0.3691985309123993,0.0,7090.0176
0.0,-0.36036416888237,0.0,7090.0176
0.0,-0.3602796494960785,0.0,7090.0176
0.0,-0.3583250045776367,0.0,7090.0176
0.0,-0.36610499024391174,0.0,7090.0176
0.0,-0.3553609549999237,0.0,7090.0176
0.0,-0.3775363564491272,0.0,7090.0176
0.0,-0.3759261965751648,0.0,7090.0176
0.0,-0.37197256088256836,0.0,7090.0176
0.0,-0.3716067969799042,0.0,7090.0176
0.0,-0.36807236075401306,0.0,7090.0176
0.0,-0.3647192716598511,0.0,7090.0176
0.0,-0.3484906554222107,0.0,7090.0176
0.0,-0.35887035727500916,0.0,7090.0176
0.0,-0.3674786686897278,0.0,7090.0176
0.0,-0.3586748242378235,0.0,7090.0176
0.0,-0.3790396749973297,0.0,7090.0176
0.0,-0.36571642756462097,0.0,7090.0176
0.0,-0.3594454228878021,0.0,7090.0176
0.0,-0.35461553931236267,0.0,7090.0176
0.0,-0.3731839060783386,0.0,7090.0176
0.0,-0.39095431566238403,0.0,7090.0176
0.0,-0.38193854689598083,0.0,7090.0176
0.0,-0.37772783637046814,0.0,7090.0176
0.0,-0.3731374740600586,0.0,7090.0176
0.0,-0.37713757157325745,0.0,7090.0176
0.0,-0.37090378999710083,0.0,7090.0176
0.0,-0.34552115201950073,0.0,7090.0176
0.0,-0.385457843542099,0.0,7090.0176
0.0,-0.3321814239025116,0.0,7090.0176
0.0,-0.3329542577266693,0.0,7090.0176
0.0,-0.38777366280555725,0.0,7090.0176
0.0,-0.37530288100242615,0.0,7090.0176
0.0,-0.37115687131881714,0.0,7090.0176
0.0,-0.36570319533348083,0.0,7090.0176
0.0,-0.3540682792663574,0.0,7090.0176
0.0,-0.37129729986190796,0.0,7090.0176
0.0,-0.37747469544410706,0.0,7090.0176
0.0,-0.3896324336528778,0.0,7090.0176
0.0,-0.39742740988731384,0.0,7090.0176
0.0,-0.36246293783187866,0.0,7090.0176
0.0,-0.3480265438556671,0.0,7090.0176
0.0,-0.33544957637786865,0.0,7090.0176
0.0,-0.3407992124557495,0.0,7090.0176
0.0,-0.34490928053855896,0.0,7090.0176
0.0,-0.3785015046596527,0.0,7090.0176
0.0,-0.3762718439102173,0.0,7090.0176
0.0,-0.3748713731765747,0.0,7090.0176
0.0,-0.35244616866111755,0.0,7090.0176
0.0,-0.38471218943595886,0.0,7090.0176
0.0,-0.33700549602508545,0.0,7090.0176
0.0,-0.38261982798576355,0.0,7090.0176
0.0,-0.3969215452671051,0.0,7090.0176
0.0,-0.42059990763664246,0.0,7090.0176
0.0,-0.397687166929245,0.0,7090.0176
0.0,-0.36103343963623047,0.0,7090.0176
0.0,-0.3729950785636902,0.0,7090.0176
0.0,-0.3707861602306366,0.0,7090.0176
0.0,-0.37020063400268555,0.0,7090.0176
0.0,-0.34843191504478455,0.0,7090.0176
0.0,-0.375255286693573,0.0,7090.0176
0.0,-0.31969520449638367,0.0,7090.0176
0.0,-0.3753325939178467,0.0,7090.0176
0.0,-0.364653080701828,0.0,7090.0176
0.0,-0.3919370174407959,0.0,7090.0176
0.0,-0.3690760135650635,0.0,7090.0176
0.0,-0.3747669458389282,0.0,7090.0176
0.0,-0.37049776315689087,0.0,7090.0176
0.0,-0.3618465065956116,0.0,7090.0176
0.0,-0.3609101474285126,0.0,7090.0176
0.0,-0.3532652258872986,0.0,7090.0176
0.0,-0.38996708393096924,0.0,7090.0176
0.0,-0.38664624094963074,0.0,7090.0176
0.0,-0.3789322078227997,0.0,7090.0176
0.0,-0.3982882499694824,0.0,7090.0176
0.0,-0.3779444396495819,0.0,7090.0176
0.0,-0.3797650933265686,0.0,7090.0176
0.0,-0.37909016013145447,0.0,7090.0176
0.0,-0.3699648082256317,0.0,7090.0176
0.0,-0.36377525329589844,0.0,7090.0176
0.0,-0.3603237271308899,0.0,7090.0176
0.0,-0.3375646471977234,0.0,7090.0176
0.0,-0.37307438254356384,0.0,7090.0176
0.0,-0.39127716422080994,0.0,7090.0176
0.0,-0.38283833861351013,0.0,7090.0176
0.0,-0.3902977406978607,0.0,7090.0176
0.0,-0.3681704103946686,0.0,7090.0176
0.0,-0.3992670476436615,0.0,7090.0176
0.0,-0.37494975328445435,0.0,7090.0176
0.0,-0.36788299679756165,0.0,7090.0176
0.0,-0.35796618461608887,0.0,7090.0176
0.0,-0.3488113284111023,0.0,7090.0176
0.0,-0.3604477643966675,0.0,7090.0176
0.0,-0.32324111461639404,0.0,7090.0176
0.0,-0.3575655221939087,0.0,7090.0176
0.0,-0.36791443824768066,0.0,7090.0176
0.0,-0.3870271146297455,0.0,7090.0176
0.0,-0.3795325458049774,0.0,7090.0176
0.0,-0.3786165416240692,0.0,7090.0176
0.0,-0.3862488865852356,0.0,7090.0176
0.0,-0.39262744784355164,0.0,7090.0176
0.0,-0.3718941807746887,0.0,7090.0176
0.0,-0.3534807562828064,0.0,7090.0176
0.0,-0.3555404841899872,0.0,7090.0176
0.0,-0.3581298589706421,0.0,7090.0176
0.0,-0.34737274050712585,0.0,7090.0176
0.0,-0.3627487123012543,0.0,7090.0176
0.0,-0.35867738723754883,0.0,7090.0176
0.0,-0.3632522225379944,0.0,7090.0176
0.0,-0.39373978972435,0.0,7090.0176
0.0,-0.3682323694229126,0.0,7090.0176
0.0,-0.3740313947200775,0.0,7090.0176
0.0,-0.3694249093532562,0.0,7090.0176
0.0,-0.3679404854774475,0.0,7090.0176
0.0,-0.36974141001701355,0.0,7090.0176
0.0,-0.35578233003616333,0.0,7090.0176
0.0,-0.35440078377723694,0.0,7090.0176
0.0,-0.350245863199234,0.0,7090.0176
0.0,-0.365225225687027,0.0,7090.0176
0.0,-0.35213950276374817,0.0,7090.0176
0.0,-0.37923628091812134,0.0,7090.0176
0.0,-0.3533796966075897,0.0,7090.0176
0.0,-0.3565753996372223,0.0,7090.0176
0.0,-0.36441558599472046,0.0,7090.0176
0.0,-0.353912353515625,0.0,7090.0176
0.0,-0.3643701672554016,0.0,7090.0176
0.0,-0.36743682622909546,0.0,7090.0176
0.0,-0.3562072217464447,0.0,7090.0176
0.0,-0.3752506673336029,0.0,7090.0176
0.0,-0.3432733118534088,0.0,7090.0176
0.0,-0.3757258355617523,0.0,7090.0176
0.0,-0.3526906669139862,0.0,7090.0176
0.0,-0.37206968665122986,0.0,7090.0176
0.0,-0.33980438113212585,0.0,7090.0176
0.0,-0.3664303719997406,0.0,7090.0176
0.0,-0.3496209979057312,0.0,7090.0176
0.0,-0.38195472955703735,0.0,7090.0176
0.0,-0.34624233841896057,0.0,7090.0176
0.0,-0.371919721364975,0.0,7090.0176
0.0,-0.3560236394405365,0.0,7090.0176
0.0,-0.3716158866882324,0.0,7090.0176
0.0,-0.3601415455341339,0.0,7090.0176
0.0,-0.3636797368526459,0.0,7090.0176
0.0,-0.3494415879249573,0.0,7090.0176
0.0,-0.3649477958679199,0.0,7090.0176
0.0,-0.3630072772502899,0.0,7090.0176
0.0,-0.36893531680107117,0.0,7090.0176
0.0,-0.3774951100349426,0.0,7090.0176
0.0,-0.36871862411499023,0.0,7090.0176
0.0,-0.3680005669593811,0.0,7090.0176
0.0,-0.35770583152770996,0.0,7090.0176
0.0,-0.38299351930618286,0.0,7090.0176
0.0,-0.3881506621837616,0.0,7090.0176
0.0,-0.3873817026615143,0.0,7090.0176
0.0,-0.3839308023452759,0.0,7090.0176
0.0,-0.36037638783454895,0.0,7090.0176
0.0,-0.3699469268321991,0.0,7090.0176
0.0,-0.35110050439834595,0.0,7090.0176
0.0,-0.37245163321495056,0.0,7090.0176
0.0,-0.36434468626976013,0.0,7090.0176
0.0,-0.3968573212623596,0.0,7090.0176
0.0,-0.40185561776161194,0.0,7090.0176
0.0,-0.38338133692741394,0.0,7090.0176
0.0,-0.39208918809890747,0.0,7090.0176
0.0,-0.38392457365989685,0.0,7090.0176
0.0,-0.37791427969932556,0.0,7090.0176
0.0,-0.3692540228366852,0.0,7090.0176
0.0,-0.36706528067588806,0.0,7090.0176
0.0,-0.3563174307346344,0.0,7090.0176
0.0,-0.35396549105644226,0.0,7090.0176
0.0,-0.37722107768058777,0.0,7090.0176
0.0,-0.3573884665966034,0.0,7090.0176
0.0,-0.3594828248023987,0.0,7090.0176
0.0,-0.3667132556438446,0.0,7090.0176
0.0,-0.36534419655799866,0.0,7090.0176
0.0,-0.3517007529735565,0.0,7090.0176
0.0,-0.35617494583129883,0.0,7090.0176
0.0,-0.3554878830909729,0.0,7090.0176
0.0,-0.37958598136901855,0.0,7090.0176
0.0,-0.3674911558628082,0.0,7090.0176
0.0,-0.3696190118789673,0.0,7090.0176
0.0,-0.337673544883728,0.0,7090.0176
0.0,-0.3795315623283386,0.0,7090.0176
0.0,-0.3469211161136627,0.0,7090.0176
0.0,-0.35171160101890564,0.0,7090.0176
0.0,-0.3484511077404022,0.0,7090.0176
0.0,-0.35726362466812134,0.0,7090.0176
0.0,-0.3358038663864136,0.0,7090.0176
0.0,-0.3688792288303375,0.0,7090.0176
0.0,-0.34198829531669617,0.0,7090.0176
0.0,-0.36522868275642395,0.0,7090.0176
0.0,-0.35307955741882324,0.0,7090.0176
0.0,-0.3617055416107178,0.0,7090.0176
0.0,-0.35332009196281433,0.0,7090.0176
0.0,-0.3702993094921112,0.0,7090.0176
0.0,-0.3576198220252991,0.0,7090.0176
0.0,-0.3656439483165741,0.0,7090.0176
0.0,-0.3598974645137787,0.0,7090.0176
0.0,-0.36818522214889526,0.0,7090.0176
0.0,-0.3960472047328949,0.0,7090.0176
0.0,-0.3812592625617981,0.0,7090.0176
0.0,-0.3882673382759094,0.0,7090.0176
0.0,-0.3885478675365448,0.0,7090.0176
0.0,-0.38224151730537415,0.0,7090.0176
0.0,-0.37629827857017517,0.0,7090.0176
0.0,-0.3943725824356079,0.0,7090.0176
0.0,-0.348445326089859,0.0,7090.0176
0.0,-0.36490628123283386,0.0,7090.0176
0.0,-0.3259330987930298,0.0,7090.0176
0.0,-0.3440127372741699,0.0,7090.0176
0.0,-0.3814411759376526,0.0,7090.0176
0.0,-0.3608989715576172,0.0,7090.0176
0.0,-0.37718844413757324,0.0,7090.0176
0.0,-0.34971341490745544,0.0,7090.0176
0.0,-0.3652175962924957,0.0,7090.0176
0.0,-0.351961612701416,0.0,7090.0176
0.0,-0.35830989480018616,0.0,7090.0176
0.0,-0.3837013840675354,0.0,7090.0176
0.0,-0.4511997401714325,0.0,7090.0176
0.0,-0.4003817141056061,0.0,7090.0176
0.0,-0.3737252354621887,0.0,7090.0176
0.0,-0.40465107560157776,0.0,7090.0176
0.0,-0.3765292465686798,0.0,7090.0176
0.0,-0.3711288571357727,0.0,7090.0176
0.0,-0.3620174825191498,0.0,7090.0176
0.0,-0.36370354890823364,0.0,7090.0176
0.0,-0.34599873423576355,0.0,7090.0176
0.0,-0.3869490325450897,0.0,7090.0176
0.0,-0.39445433020591736,0.0,7090.0176
0.0,-0.36924198269844055,0.0,7090.0176
0.0,-0.3356802761554718,0.0,7090.0176
0.0,-0.3573988974094391,0.0,7090.0176
0.0,-0.36916422843933105,0.0,7090.0176
0.0,-0.36823490262031555,0.0,7090.0176
0.0,-0.3681200444698334,0.0,7090.0176
0.0,-0.32263219356536865,0.0,7090.0176
0.0,-0.3274342715740204,0.0,7090.0176
0.0,-0.3633348345756531,0.0,7090.0176
0.0,-0.37653300166130066,0.0,7090.0176
0.0,-0.37591588497161865,0.0,7090.0176
0.0,-0.3620007038116455,0.0,7090.0176
0.0,-0.36090633273124695,0.0,7090.0176
0.0,-0.3443318009376526,0.0,7090.0176
0.0,-0.37625136971473694,0.0,7090.0176
0.0,-0.34174197912216187,0.0,7090.0176
0.0,-0.3674781024456024,0.0,7090.0176
0.0,-0.368873655796051,0.0,7090.0176
0.0,-0.3918355703353882,0.0,7090.0176
0.0,-0.37385106086730957,0.0,7090.0176
0.0,-0.3681381642818451,0.0,7090.0176
0.0,-0.3630342483520508,0.0,7090.0176
0.0,-0.3547726571559906,0.0,7090.0176
0.0,-0.35193538665771484,0.0,7090.0176
0.0,-0.35534295439720154,0.0,7090.0176
0.0,-0.3610464334487915,0.0,7090.0176
0.0,-0.37130460143089294,0.0,7090.0176
0.0,-0.36640194058418274,0.0,7090.0176
0.0,-0.3645237982273102,0.0,7090.0176
0.0,-0.3703140914440155,0.0,7090.0176
0.0,-0.36247873306274414,0.0,7090.0176
0.0,-0.37970009446144104,0.0,7090.0176
0.0,-0.3577992618083954,0.0,7090.0176
0.0,-0.35550737380981445,0.0,7090.0176
0.0,-0.3844100534915924,0.0,7090.0176
0.0,-0.3877428472042084,0.0,7090.0176
0.0,-0.3715815246105194,0.0,7090.0176
0.0,-0.36597177386283875,0.0,7090.0176
0.0,-0.363859623670578,0.0,7090.0176
0.0,-0.3851044774055481,0.0,7090.0176
0.0,-0.38271859288215637,0.0,7090.0176
0.0,-0.34806233644485474,0.0,7090.0176
0.0,-0.377000093460083,0.0,7090.0176
0.0,-0.3570554554462433,0.0,7090.0176
0.0,-0.37339505553245544,0.0,7090.0176
0.0,-0.3263704478740692,0.0,7090.0176
0.0,-0.3703744113445282,0.0,7090.0176
0.0,-0.37026429176330566,0.0,7090.0176
0.0,-0.36544355750083923,0.0,7090.0176
0.0,-0.3588111400604248,0.0,7090.0176
0.0,-0.3591446280479431,0.0,7090.0176
0.0,-0.3502260446548462,0.0,7090.0176
0.0,-0.38460618257522583,0.0,7090.0176
0.0,-0.3525175452232361,0.0,7090.0176
0.0,-0.36956414580345154,0.0,7090.0176
0.0,-0.3651082217693329,0.0,7090.0176
0.0,-0.37098753452301025,0.0,7090.0176
0.0,-0.36684274673461914,0.0,7090.0176
0.0,-0.35306066274642944,0.0,7090.0176
0.0,-0.3672725260257721,0.0,7090.0176
0.0,-0.3651491701602936,0.0,7090.0176
0.0,-0.37785595655441284,0.0,7090.0176
0.0,-0.3588956892490387,0.0,7090.0176
0.0,-0.3659369647502899,0.0,7090.0176
0.0,-0.3533755838871002,0.0,7090.0176
0.0,-0.3982303738594055,0.0,7090.0176
0.0,-0.3342263698577881,0.0,7090.0176
0.0,-0.36406847834587097,0.0,7090.0176
0.0,-0.3539474308490753,0.0,7090.0176
0.0,-0.35663920640945435,0.0,7090.0176
0.0,-0.3520078957080841,0.0,7090.0176
0.0,-0.3688218593597412,0.0,7090.0176
0.0,-0.350084513425827,0.0,7090.0176
0.0,-0.3632326126098633,0.0,7090.0176
0.0,-0.355212926864624,0.0,7090.0176
0.0,-0.34508535265922546,0.0,7090.0176
0.0,-0.36581751704216003,0.0,7090.0176
0.0,-0.3475194573402405,0.0,7090.0176
0.0,-0.3718993663787842,0.0,7090.0176
0.0,-0.36635732650756836,0.0,7090.0176
0.0,-0.36472636461257935,0.0,7090.0176
0.0,-0.3578953742980957,0.0,7090.0176
0.0,-0.3857661187648773,0.0,7090.0176
0.0,-0.3612479865550995,0.0,7090.0176
0.0,-0.37983593344688416,0.0,7090.0176
0.0,-0.44554686546325684,0.0,7090.0176
0.0,-0.38170257210731506,0.0,7090.0176
0.0,-0.37880635261535645,0.0,7090.0176
0.0,-0.38530033826828003,0.0,7090.0176
0.0,-0.36731186509132385,0.0,7090.0176
0.0,-0.37111860513687134,0.0,7090.0176
0.0,-0.3732133209705353,0.0,7090.0176
0.0,-0.36736559867858887,0.0,7090.0176
0.0,-0.2998209297657013,0.0,7090.0176
0.0,-0.2935061752796173,0.0,7090.0176
0.0,-0.34826338291168213,0.0,7090.0176
0.0,-0.39872297644615173,0.0,7090.0176
0.0,-0.38096311688423157,0.0,7090.0176
0.0,-0.36751532554626465,0.0,7090.0176
0.0,-0.36134064197540283,0.0,7090.0176
0.0,-0.3580680787563324,0.0,7090.0176
0.0,-0.3608105182647705,0.0,7090.0176
0.0,-0.3448258340358734,0.0,7090.0176
0.0,-0.3734022080898285,0.0,7090.0176
0.0,-0.3413619101047516,0.0,7090.0176
0.0,-0.367668092250824,0.0,7090.0176
0.0,-0.3578459322452545,0.0,7090.0176
0.0,-0.36700549721717834,0.0,7090.0176
0.0,-0.3335532248020172,0.0,7090.0176
0.0,-0.3463325500488281,0.0,7090.0176
0.0,-0.36992961168289185,0.0,7090.0176
0.0,-0.3626452684402466,0.0,7090.0176
0.0,-0.36437278985977173,0.0,7090.0176
0.0,-0.35928481817245483,0.0,7090.0176
0.0,-0.36825844645500183,0.0,7090.0176
0.0,-0.3564819097518921,0.0,7090.0176
0.0,-0.37154290080070496,0.0,7090.0176
0.0,-0.36516615748405457,0.0,7090.0176
0.0,-0.3732265532016754,0.0,7090.0176
0.0,-0.3738526999950409,0.0,7090.0176
0.0,-0.36890751123428345,0.0,7090.0176
0.0,-0.3630223870277405,0.0,7090.0176
0.0,-0.35502883791923523,0.0,7090.0176
0.0,-0.34255272150039673,0.0,7090.0176
0.0,-0.34618934988975525,0.0,7090.0176
0.0,-0.36552688479423523,0.0,7090.0176
0.0,-0.37840479612350464,0.0,7090.0176
0.0,-0.3761942684650421,0.0,7090.0176
0.0,-0.3804229199886322,0.0,7090.0176
0.0,-0.37814465165138245,0.0,7090.0176
0.0,-0.3791619837284088,0.0,7090.0176
0.0,-0.3712168037891388,0.0,7090.0176
0.0,-0.36393600702285767,0.0,7090.0176
0.0,-0.3832288086414337,0.0,7090.0176
0.0,-0.3352755904197693,0.0,7090.0176
0.0,-0.355322927236557,0.0,7090.0176
0.0,-0.3669287860393524,0.0,7090.0176
0.0,-0.3672487735748291,0.0,7090.0176
0.0,-0.36834630370140076,0.0,7090.0176
0.0,-0.3749825656414032,0.0,7090.0176
0.0,-0.36438390612602234,0.0,7090.0176
0.0,-0.3614809215068817,0.0,7090.0176
0.0,-0.3505568206310272,0.0,7090.0176
0.0,-0.408334881067276,0.0,7090.0176
0.0,-0.32681360840797424,0.0,7090.0176
0.0,-0.3983643054962158,0.0,7090.0176
0.0,-0.37068626284599304,0.0,7090.0176
0.0,-0.3716750144958496,0.0,7090.0176
0.0,-0.37662026286125183,0.0,7090.0176
0.0,-0.3458709120750427,0.0,7090.0176
0.0,-0.3610551059246063,0.0,7090.0176
0.0,-0.34986597299575806,0.0,7090.0176
0.0,-0.399890661239624,0.0,7090.0176
0.0,-0.3486630618572235,0.0,7090.0176
0.0,-0.3758014738559723,0.0,7090.0176
0.0,-0.3582002818584442,0.0,7090.0176
0.0,-0.3731718957424164,0.0,7090.0176
0.0,-0.35432517528533936,0.0,7090.0176
0.0,-0.35622164607048035,0.0,7090.0176
0.0,-0.3689815104007721,0.0,7090.0176
0.0,-0.33244457840919495,0.0,7090.0176
0.0,-0.36826959252357483,0.0,7090.0176
0.0,-0.35570642352104187,0.0,7090.0176
0.0,-0.37310048937797546,0.0,7090.0176
0.0,-0.35365408658981323,0.0,7090.0176
0.0,-0.36127039790153503,0.0,7090.0176
0.0,-0.37216687202453613,0.0,7090.0176
0.0,-0.3473287522792816,0.0,7090.0176
0.0,-0.3782455325126648,0.0,7090.0176
0.0,-0.35281920433044434,0.0,7090.0176
0.0,-0.37953871488571167,0.0,7090.0176
0.0,-0.35542845726013184,0.0,7090.0176
0.0,-0.35925230383872986,0.0,7090.0176
0.0,-0.3558591306209564,0.0,7090.0176
0.0,-0.3489796221256256,0.0,7090.0176
0.0,-0.3725292682647705,0.0,7090.0176
0.0,-0.35443323850631714,0.0,7090.0176
0.0,-0.3695087134838104,0.0,7090.0176
0.0,-0.35206717252731323,0.0,7090.0176
0.0,-0.34241732954978943,0.0,7090.0176
0.0,-0.3747962415218353,0.0,7090.0176
0.0,-0.3764567971229553,0.0,7090.0176
0.0,-0.3893741965293884,0.0,7090.0176
0.0,-0.36387911438941956,0.0,7090.0176
0.0,-0.365091472864151,0.0,7090.0176
0.0,-0.33804798126220703,0.0,7090.0176
0.0,-0.37872716784477234,0.0,7090.0176
0.0,-0.35561656951904297,0.0,7090.0176
0.0,-0.3626192510128021,0.0,7090.0176
0.0,-0.3653639256954193,0.0,7090.0176
0.0,-0.3254762887954712,0.0,7090.0176
0.0,-0.3695378005504608,0.0,7090.0176
0.0,-0.3650341033935547,0.0,7090.0176
0.0,-0.3854168653488159,0.0,7090.0176
0.0,-0.3674914538860321,0.0,7090.0176
0.0,-0.37666720151901245,0.0,7090.0176
0.0,-0.37230774760246277,0.0,7090.0176
0.0,-0.36072587966918945,0.0,7090.0176
0.0,-0.3621659278869629,0.0,7090.0176
0.0,-0.3694984018802643,0.0,7090.0176
0.0,-0.3885927200317383,0.0,7090.0176
0.0,-0.34715887904167175,0.0,7090.0176
0.0,-0.38718077540397644,0.0,7090.0176
0.0,-0.37025442719459534,0.0,7090.0176
0.0,-0.38196608424186707,0.0,7090.0176
0.0,-0.39746466279029846,0.0,7090.0176
0.0,-0.39077022671699524,0.0,7090.0176
0.0,-0.3503052294254303,0.0,7090.0176
0.0,-0.37386131286621094,0.0,7090.0176
0.0,-0.33659693598747253,0.0,7090.0176
0.0,-0.38300999999046326,0.0,7090.0176
0.0,-0.3822898268699646,0.0,7090.0176
0.0,-0.3726322054862976,0.0,7090.0176
0.0,-0.3485233783721924,0.0,7090.0176
0.0,-0.32654526829719543,0.0,7090.0176
0.0,-0.33286258578300476,0.0,7090.0176
0.0,-0.3355933725833893,0.0,7090.0176
0.0,-0.35122501850128174,0.0,7090.0176
0.0,-0.3683485686779022,0.0,7090.0176
0.0,-0.3824167251586914,0.0,7090.0176
0.0,-0.3597174286842346,0.0,7090.0176
0.0,-0.3859810531139374,0.0,7090.0176
0.0,-0.4011562466621399,0.0,7090.0176
0.0,-0.34283551573753357,0.0,7090.0176
0.0,-0.37132343649864197,0.0,7090.0176
0.0,-0.41210341453552246,0.0,7090.0176
0.0,-0.38776883482933044,0.0,7090.0176
0.0,-0.37537774443626404,0.0,7090.0176
0.0,-0.37740588188171387,0.0,7090.0176
0.0,-0.4145680367946625,0.0,7090.0176
0.0,-0.37471330165863037,0.0,7090.0176
0.0,-0.3771214187145233,0.0,7090.0176
0.0,-0.37990403175354004,0.0,7090.0176
0.0,-0.3592274785041809,0.0,7090.0176
0.0,-0.36687108874320984,0.0,7090.0176
0.0,-0.39486923813819885,0.0,7090.0176
0.0,-0.35741570591926575,0.0,7090.0176
0.0,-0.35531607270240784,0.0,7090.0176
0.0,-0.3793431222438812,0.0,7090.0176
0.0,-0.3554631173610687,0.0,7090.0176
0.0,-0.3678450584411621,0.0,7090.0176
0.0,-0.3608517050743103,0.0,7090.0176
0.0,-0.35397663712501526,0.0,7090.0176
0.0,-0.3589847981929779,0.0,7090.0176
0.0,-0.3581501543521881,0.0,7090.0176
0.0,-0.3631483018398285,0.0,7090.0176
0.0,-0.3709070086479187,0.0,7090.0176
0.0,-0.3786412179470062,0.0,7090.0176
0.0,-0.3542764186859131,0.0,7090.0176
0.0,-0.36552828550338745,0.0,7090.0176
0.0,-0.34006020426750183,0.0,7090.0176
0.0,-0.3597410023212433,0.0,7090.0176
0.0,-0.36216482520103455,0.0,7090.0176
0.0,-0.38074052333831787,0.0,7090.0176
0.0,-0.3628336489200592,0.0,7090.0176
0.0,-0.35677704215049744,0.0,7090.0176
0.0,-0.36636191606521606,0.0,7090.0176
0.0,-0.35056477785110474,0.0,7090.0176
0.0,-0.3666101098060608,0.0,7090.0176
0.0,-0.35430046916007996,0.0,7090.0176
0.0,-0.3685729205608368,0.0,7090.0176
0.0,-0.3486066460609436,0.0,7090.0176
0.0,-0.3689180016517639,0.0,7090.0176
0.0,-0.3245498239994049,0.0,7090.0176
0.0,-0.37106648087501526,0.0,7090.0176
0.0,-0.350851833820343,0.0,7090.0176
0.0,-0.35666653513908386,0.0,7090.0176
0.0,-0.35109052062034607,0.0,7090.0176
0.0,-0.3667576313018799,0.0,7090.0176
0.0,-0.3315506875514984,0.0,7090.0176
0.0,-0.3611273765563965,0.0,7090.0176
0.0,-0.3598630130290985,0.0,7090.0176
0.0,-0.3686220347881317,0.0,7090.0176
0.0,-0.3604682981967926,0.0,7090.0176
0.0,-0.3570840358734131,0.0,7090.0176
0.0,-0.3638933598995209,0.0,7090.0176
0.0,-0.3465500771999359,0.0,7090.0176
0.0,-0.3506847023963928,0.0,7090.0176
0.0,-0.36223337054252625,0.0,7090.0176
0.0,-0.3699827790260315,0.0,7090.0176
0.0,-0.3664665222167969,0.0,7090.0176
0.0,-0.3730723261833191,0.0,7090.0176
0.0,-0.3528413474559784,0.0,7090.0176
0.0,-0.37002381682395935,0.0,7090.0176
0.0,-0.3642532527446747,0.0,7090.0176
0.0,-0.3687233328819275,0.0,7090.0176
0.0,-0.3519439995288849,0.0,7090.0176
0.0,-0.37647685408592224,0.0,7090.0176
0.0,-0.3562625050544739,0.0,7090.0176
0.0,-0.3668689429759979,0.0,7090.0176
0.0,-0.3572216331958771,0.0,7090.0176
0.0,-0.3698098659515381,0.0,7090.0176
0.0,-0.367404043674469,0.0,7090.0176
0.0,-0.37078171968460083,0.0,7090.0176
0.0,-0.36144644021987915,0.0,7090.0176
0.0,-0.3610435426235199,0.0,7090.0176
0.0,-0.3578718602657318,0.0,7090.0176
0.0,-0.3565680980682373,0.0,7090.0176
0.0,-0.3315744400024414,0.0,7090.0176
0.0,-0.3752882182598114,0.0,7090.0176
0.0,-0.35792115330696106,0.0,7090.0176
0.0,-0.3704756200313568,0.0,7090.0176
0.0,-0.3651975095272064,0.0,7090.0176
0.0,-0.36488479375839233,0.0,7090.0176
0.0,-0.35550811886787415,0.0,7090.0176
0.0,-0.36424246430397034,0.0,7090.0176
0.0,-0.34960007667541504,0.0,7090.0176
0.0,-0.37084099650382996,0.0,7090.0176
0.0,-0.3698967397212982,0.0,7090.0176
0.0,-0.3618369698524475,0.0,7090.0176
0.0,-0.3687390089035034,0.0,7090.0176
0.0,-0.36230987310409546,0.0,7090.0176
0.0,-0.3910539746284485,0.0,7090.0176
0.0,-0.36726292967796326,0.0,7090.0176
0.0,-0.3701914846897125,0.0,7090.0176
0.0,-0.4038894772529602,0.0,7090.0176
0.0,-0.37512335181236267,0.0,7090.0176
0.0,-0.40235573053359985,0.0,7090.0176
0.0,-0.38009458780288696,0.0,7090.0176
0.0,-0.3741165101528168,0.0,7090.0176
0.0,-0.3683454990386963,0.0,7090.0176
0.0,-0.3691594898700714,0.0,7090.0176
0.0,-0.34107500314712524,0.0,7090.0176
0.0,-0.3610851466655731,0.0,7090.0176
0.0,-0.3721952736377716,0.0,7090.0176
0.0,-0.36748555302619934,0.0,7090.0176
0.0,-0.37264081835746765,0.0,7090.0176
0.0,-0.36941882967948914,0.0,7090.0176
0.0,-0.3793255090713501,0.0,7090.0176
0.0,-0.3717958629131317,0.0,7090.0176
0.0,-0.3585929870605469,0.0,7090.0176
0.0,-0.387240469455719,0.0,7090.0176
0.0,-0.37048980593681335,0.0,7090.0176
0.0,-0.35342714190483093,0.0,7090.0176
0.0,-0.36268043518066406,0.0,7090.0176
0.0,-0.3719591796398163,0.0,7090.0176
0.0,-0.36778053641319275,0.0,7090.0176
0.0,-0.36431267857551575,0.0,7090.0176
0.0,-0.3534451425075531,0.0,7090.0176
0.0,-0.366153746843338,0.0,7090.0176
0.0,-0.350076287984848,0.0,7090.0176
0.0,-0.37921854853630066,0.0,7090.0176
0.0,-0.3628605008125305,0.0,7090.0176
0.0,-0.3623569905757904,0.0,7090.0176
0.0,-0.36832231283187866,0.0,7090.0176
0.0,-0.3634131848812103,0.0,7090.0176
0.0,-0.4282909333705902,0.0,7090.0176
0.0,-0.33929333090782166,0.0,7090.0176
0.0,-0.36666953563690186,0.0,7090.0176
0.0,-0.3710542619228363,0.0,7090.0176
0.0,-0.3632986843585968,0.0,7090.0176
0.0,-0.36778882145881653,0.0,7090.0176
0.0,-0.3646083474159241,0.0,7090.0176
0.0,-0.3981010615825653,0.0,7090.0176
0.0,-0.3769591748714447,0.0,7090.0176
0.0,-0.382985919713974,0.0,7090.0176
0.0,-0.36371204257011414,0.0,7090.0176
0.0,-0.34454354643821716,0.0,7090.0176
0.0,-0.3719434440135956,0.0,7090.0176
0.0,-0.36451953649520874,0.0,7090.0176
0.0,-0.3858209252357483,0.0,7090.0176
0.0,-0.3644489347934723,0.0,7090.0176
0.0,-0.3698807656764984,0.0,7090.0176
0.0,-0.3494400084018707,0.0,7090.0176
0.0,-0.41900864243507385,0.0,7090.0176
0.0,-0.41332554817199707,0.0,7090.0176
0.0,-0.3623909652233124,0.0,7090.0176
0.0,-0.3816244304180145,0.0,7090.0176
0.0,-0.3557322025299072,0.0,7090.0176
0.0,-0.3929426968097687,0.0,7090.0176
0.0,-0.35424479842185974,0.0,7090.0176
0.0,-0.38023295998573303,0.0,7090.0176
0.0,-0.40327444672584534,0.0,7090.0176
0.0,-0.3678693473339081,0.0,7090.0176
0.0,-0.3805787265300751,0.0,7090.0176
0.0,-0.3725704252719879,0.0,7090.0176
0.0,-0.3631669580936432,0.0,7090.0176
0.0,-0.35213398933410645,0.0,7090.0176
0.0,-0.355706125497818,0.0,7090.0176
0.0,-0.3273317217826843,0.0,7090.0176
0.0,-0.36077314615249634,0.0,7090.0176
0.0,-0.36869075894355774,0.0,7090.0176
0.0,-0.3712317943572998,0.0,7090.0176
0.0,-0.3923484981060028,0.0,7090.0176
0.0,-0.3803516924381256,0.0,7090.0176
0.0,-0.3742111623287201,0.0,7090.0176
0.0,-0.3761102259159088,0.0,7090.0176
0.0,-0.3777143955230713,0.0,7090.0176
0.0,-0.36507079005241394,0.0,7090.0176
0.0,-0.35568153858184814,0.0,7090.0176
0.0,-0.35794714093208313,0.0,7090.0176
0.0,-0.325207382440567,0.0,7090.0176
0.0,-0.3519909679889679,0.0,7090.0176
0.0,-0.36443421244621277,0.0,7090.0176
0.0,-0.3655202388763428,0.0,7090.0176
0.0,-0.3728838562965393,0.0,7090.0176
0.0,-0.33410441875457764,0.0,7090.0176
0.0,-0.36471787095069885,0.0,7090.0176
0.0,-0.3516629934310913,0.0,7090.0176
0.0,-0.35354170203208923,0.0,7090.0176
0.0,-0.37091946601867676,0.0,7090.0176
0.0,-0.3462943136692047,0.0,7090.0176
0.0,-0.37843549251556396,0.0,7090.0176
0.0,-0.3644331395626068,0.0,7090.0176
0.0,-0.3666907846927643,0.0,7090.0176
0.0,-0.364753395318985,0.0,7090.0176
0.0,-0.3617037236690521,0.0,7090.0176
0.0,-0.35982879996299744,0.0,7090.0176
0.0,-0.3631708025932312,0.0,7090.0176
0.0,-0.36590126156806946,0.0,7090.0176
0.0,-0.37711355090141296,0.0,7090.0176
0.0,-0.3611721694469452,0.0,7090.0176
0.0,-0.35814207792282104,0.0,7090.0176
0.0,-0.3678322732448578,0.0,7090.0176
0.0,-0.35504767298698425,0.0,7090.0176
0.0,-0.37730029225349426,0.0,7090.0176
0.0,-0.3588578701019287,0.0,7090.0176
0.0,-0.3657712936401367,0.0,7090.0176
0.0,-0.34767788648605347,0.0,7090.0176
0.0,-0.3681454360485077,0.0,7090.0176
0.0,-0.3565452992916107,0.0,7090.0176
0.0,-0.3661956191062927,0.0,7090.0176
0.0,-0.3550097644329071,0.0,7090.0176
0.0,-0.3852464258670807,0.0,7090.0176
0.0,-0.37148967385292053,0.0,7090.0176
0.0,-0.377626895904541,0.0,7090.0176
0.0,-0.37195172905921936,0.0,7090.0176
0.0,-0.37552374601364136,0.0,7090.0176
0.0,-0.36371996998786926,0.0,7090.0176
0.0,-0.35583773255348206,0.0,7090.0176
0.0,-0.3427601456642151,0.0,7090.0176
0.0,-0.3643881678581238,0.0,7090.0176
0.0,-0.365763396024704,0.0,7090.0176
0.0,-0.36815330386161804,0.0,7090.0176
0.0,-0.36219489574432373,0.0,7090.0176
0.0,-0.36019906401634216,0.0,7090.0176
0.0,-0.3605003356933594,0.0,7090.0176
0.0,-0.36357805132865906,0.0,7090.0176
0.0,-0.3569284677505493,0.0,7090.0176
0.0,-0.3743077218532562,0.0,7090.0176
0.0,-0.3706772029399872,0.0,7090.0176
0.0,-0.3684121072292328,0.0,7090.0176
0.0,-0.3599971830844879,0.0,7090.0176
0.0,-0.3533572554588318,0.0,7090.0176
0.0,-0.371041864156723,0.0,7090.0176
0.0,-0.3216134011745453,0.0,7090.0176
0.0,-0.36976486444473267,0.0,7090.0176
0.0,-0.3753163516521454,0.0,7090.0176
0.0,-0.36886096000671387,0.0,7090.0176
0.0,-0.3509974479675293,0.0,7090.0176
0.0,-0.3721988797187805,0.0,7090.0176
0.0,-0.3475998342037201,0.0,7090.0176
0.0,-0.34496670961380005,0.0,7090.0176
0.0,-0.3696114718914032,0.0,7090.0176
0.0,-0.4074161648750305,0.0,7090.0176
0.0,-0.4025009274482727,0.0,7090.0176
0.0,-0.35657259821891785,0.0,7090.0176
0.0,-0.3867911994457245,0.0,7090.0176
0.0,-0.37154173851013184,0.0,7090.0176
0.0,-0.37495771050453186,0.0,7090.0176
0.0,-0.356861412525177,0.0,7090.0176
0.0,-0.380879670381546,0.0,7090.0176
0.0,-0.34281954169273376,0.0,7090.0176
0.0,-0.4325748085975647,0.0,7090.0176
0.0,-0.39921435713768005,0.0,7090.0176
0.0,-0.3680829107761383,0.0,7090.0176
0.0,-0.37898674607276917,0.0,7090.0176
0.0,-0.35395991802215576,0.0,7090.0176
