healthy,ctrl,forward,cumulative
0.0,-0.31806573271751404,0.0,5636.42
0.0,-0.37879616022109985,0.0,5636.42
0.0,-0.3818836510181427,0.0,5636.42
0.0,-0.37980934977531433,0.0,5636.42
0.0,-0.38362476229667664,0.0,5636.42
0.0,-0.389578640460968,0.0,5636.42
0.0,-0.38707205653190613,0.0,5636.42
0.0,-0.3842278718948364,0.0,5636.42
0.0,-0.3866492211818695,0.0,5636.42
0.0,-0.3658939301967621,0.0,5636.42
0.0,-0.37850359082221985,0.0,5636.42
0.0,-0.36246412992477417,0.0,5636.42
0.0,-0.37786194682121277,0.0,5636.42
0.0,-0.38102489709854126,0.0,5636.42
0.0,-0.36467406153678894,0.0,5636.42
0.0,-0.38037148118019104,0.0,5636.42
0.0,-0.36748218536376953,0.0,5636.42
0.0,-0.384168416261673,0.0,5636.42
0.0,-0.3766140043735504,0.0,5636.42
0.0,-0.3875710070133209,0.0,5636.42
0.0,-0.3861410617828369,0.0,5636.42
0.0,-0.3741177022457123,0.0,5636.42
0.0,-0.386488676071167,0.0,5636.42
0.0,-0.3841055929660797,0.0,5636.42
0.0,-0.38322120904922485,0.0,5636.42
0.0,-0.36830925941467285,0.0,5636.42
0.0,-0.38214540481567383,0.0,5636.42
0.0,-0.38213008642196655,0.0,5636.42
0.0,-0.3703087866306305,0.0,5636.42
0.0,-0.38294705748558044,0.0,5636.42
0.0,-0.3827041685581207,0.0,5636.42
0.0,-0.3824358284473419,0.0,5636.42
0.0,-0.36672133207321167,0.0,5636.42
0.0,-0.3676411509513855,0.0,5636.42
0.0,-0.38300958275794983,0.0,5636.42
0.0,-0.3853083550930023,0.0,5636.42
0.0,-0.3847852051258087,0.0,5636.42
0.0,-0.3817458152770996,0.0,5636.42
0.0,-0.38129472732543945,0.0,5636.42
0.0,-0.36787673830986023,0.0,5636.42
0.0,-0.38188451528549194,0.0,5636.42
0.0,-0.3827631175518036,0.0,5636.42
0.0,-0.379972904920578,0.0,5636.42
0.0,-0.3691675364971161,0.0,5636.42
0.0,-0.3844854235649109,0.0,5636.42
0.0,-0.38447055220603943,0.0,5636.42
0.0,-0.38362452387809753,0.0,5636.42
0.0,-0.36959898471832275,0.0,5636.42
0.0,-0.368184894323349,0.0,5636.42
0.0,-0.3815910518169403,0.0,5636.42
0.0,-0.38421544432640076,0.0,5636.42
0.0,-0.3820245862007141,0.0,5636.42
0.0,-0.37002599239349365,0.0,5636.42
0.0,-0.38097724318504333,0.0,5636.42
0.0,-0.3667775094509125,0.0,5636.42
0.0,-0.3807391822338104,0.0,5636.42
0.0,-0.36995646357536316,0.0,5636.42
0.0,-0.3760417699813843,0.0,5636.42
0.0,-0.38567885756492615,0.0,5636.42
0.0,-0.3722847104072571,0.0,5636.42
0.0,-0.38393011689186096,0.0,5636.42
0.0,-0.38046473264694214,0.0,5636.42
0.0,-0.3814584016799927,0.0,5636.42
0.0,-0.37092652916908264,0.0,5636.42
0.0,-0.38530203700065613,0.0,5636.42
0.0,-0.38454174995422363,0.0,5636.42
0.0,-0.38453948497772217,0.0,5636.42
0.0,-0.3847625255584717,0.0,5636.42
0.0,-0.3796561658382416,0.0,5636.42
0.0,-0.38152262568473816,0.0,5636.42
0.0,-0.3823138177394867,0.0,5636.42
0.0,-0.3816337287425995,0.0,5636.42
0.0,-0.38320615887641907,0.0,5636.42
0.0,-0.38453492522239685,0.0,5636.42
0.0,-0.37190714478492737,0.0,5636.42
0.0,-0.3829425275325775,0.0,5636.42
0.0,-0.36876168847084045,0.0,5636.42
0.0,-0.3688940107822418,0.0,5636.42
0.0,-0.3813258707523346,0.0,5636.42
0.0,-0.3843913674354553,0.0,5636.42
0.0,-0.37545427680015564,0.0,5636.42
0.0,-0.37032386660575867,0.0,5636.42
0.0,-0.38233375549316406,0.0,5636.42
0.0,-0.38465359807014465,0.0,5636.42
0.0,-0.37894681096076965,0.0,5636.42
0.0,-0.37016716599464417,0.0,5636.42
0.0,-0.38317933678627014,0.0,5636.42
0.0,-0.3695472180843353,0.0,5636.42
0.0,-0.38225194811820984,0.0,5636.42
0.0,-0.38316211104393005,0.0,5636.42
0.0,-0.3806918263435364,0.0,5636.42
0.0,-0.3820057511329651,0.0,5636.42
0.0,-0.3848951458930969,0.0,5636.42
0.0,-0.385699599981308,0.0,5636.42
0.0,-0.38634631037712097,0.0,5636.42
0.0,-0.3854335844516754,0.0,5636.42
0.0,-0.38535359501838684,0.0,5636.42
0.0,-0.381792277097702,0.0,5636.42
0.0,-0.38001498579978943,0.0,5636.42
0.0,-0.3824820816516876,0.0,5636.42
0.0,-0.3703184723854065,0.0,5636.42
0.0,-0.38683217763900757,0.0,5636.42
0.0,-0.3846451938152313,0.0,5636.42
0.0,-0.36833465099334717,0.0,5636.42
0.0,-0.3605021834373474,0.0,5636.42
0.0,-0.37325024604797363,0.0,5636.42
0.0,-0.3744853436946869,0.0,5636.42
0.0,-0.38700053095817566,0.0,5636.42
0.0,-0.3732765316963196,0.0,5636.42
0.0,-0.37489286065101624,0.0,5636.42
0.0,-0.384237140417099,0.0,5636.42
0.0,-0.3803432285785675,0.0,5636.42
0.0,-0.36874648928642273,0.0,5636.42
0.0,-0.3819155991077423,0.0,5636.42
0.0,-0.36699244379997253,0.0,5636.42
0.0,-0.36844661831855774,0.0,5636.42
0.0,-0.36873772740364075,0.0,5636.42
0.0,-0.3821509778499603,0.0,5636.42
0.0,-0.3683079183101654,0.0,5636.42
0.0,-0.38268792629241943,0.0,5636.42
0.0,-0.381026953458786,0.0,5636.42
0.0,-0.3678286075592041,0.0,5636.42
0.0,-0.3822241723537445,0.0,5636.42
0.0,-0.36777830123901367,0.0,5636.42
0.0,-0.36631155014038086,0.0,5636.42
0.0,-0.3580782115459442,0.0,5636.42
0.0,-0.36572298407554626,0.0,5636.42
0.0,-0.3477092385292053,0.0,5636.42
0.0,-0.38582685589790344,0.0,5636.42
0.0,-0.38727623224258423,0.0,5636.42
0.0,-0.3839009404182434,0.0,5636.42
0.0,-0.3774087131023407,0.0,5636.42
0.0,-0.38631144165992737,0.0,5636.42
0.0,-0.38267695903778076,0.0,5636.42
0.0,-0.38268738985061646,0.0,5636.42
0.0,-0.36954715847969055,0.0,5636.42
0.0,-0.38224145770072937,0.0,5636.42
0.0,-0.37945353984832764,0.0,5636.42
0.0,-0.36542150378227234,0.0,5636.42
0.0,-0.38576579093933105,0.0,5636.42
0.0,-0.3862897455692291,0.0,5636.42
0.0,-0.38776394724845886,0.0,5636.42
0.0,-0.38088953495025635,0.0,5636.42
0.0,-0.3882835805416107,0.0,5636.42
0.0,-0.375067800283432,0.0,5636.42
0.0,-0.38511842489242554,0.0,5636.42
0.0,-0.36842209100723267,0.0,5636.42
0.0,-0.3797740936279297,0.0,5636.42
0.0,-0.3812795579433441,0.0,5636.42
0.0,-0.38053765892982483,0.0,5636.42
0.0,-0.38271862268447876,0.0,5636.42
0.0,-0.38113197684288025,0.0,5636.42
0.0,-0.3693341612815857,0.0,5636.42
0.0,-0.37313759326934814,0.0,5636.42
0.0,-0.384533166885376,0.0,5636.42
0.0,-0.37032458186149597,0.0,5636.42
0.0,-0.370094895362854,0.0,5636.42
0.0,-0.38194045424461365,0.0,5636.42
0.0,-0.36732763051986694,0.0,5636.42
0.0,-0.38157954812049866,0.0,5636.42
0.0,-0.38056570291519165,0.0,5636.42
0.0,-0.36987021565437317,0.0,5636.42
0.0,-0.3871748149394989,0.0,5636.42
0.0,-0.38662129640579224,0.0,5636.42
0.0,-0.38069233298301697,0.0,5636.42
0.0,-0.3936675488948822,0.0,5636.42
0.0,-0.3907155692577362,0.0,5636.42
0.0,-0.37716346979141235,0.0,5636.42
0.0,-0.3854070007801056,0.0,5636.42
0.0,-0.3810321092605591,0.0,5636.42
0.0,-0.37088966369628906,0.0,5636.42
0.0,-0.3745904862880707,0.0,5636.42
0.0,-0.38784319162368774,0.0,5636.42
0.0,-0.389081209897995,0.0,5636.42
0.0,-0.3914547860622406,0.0,5636.42
0.0,-0.38879936933517456,0.0,5636.42
0.0,-0.3769210875034332,0.0,5636.42
0.0,-0.3850303888320923,0.0,5636.42
0.0,-0.38090500235557556,0.0,5636.42
0.0,-0.3800109624862671,0.0,5636.42
0.0,-0.37675103545188904,0.0,5636.42
0.0,-0.3773234486579895,0.0,5636.42
0.0,-0.3630799353122711,0.0,5636.42
0.0,-0.3695206046104431,0.0,5636.42
0.0,-0.39063677191734314,0.0,5636.42
0.0,-0.39055898785591125,0.0,5636.42
0.0,-0.4021136462688446,0.0,5636.42
0.0,-0.39482808113098145,0.0,5636.42
0.0,-0.40280047059059143,0.0,5636.42
0.0,-0.40455037355422974,0.0,5636.42
0.0,-0.4004463851451874,0.0,5636.42
0.0,-0.396816611289978,0.0,5636.42
0.0,-0.3992018401622772,0.0,5636.42
0.0,-0.39694735407829285,0.0,5636.42
0.0,-0.3896373212337494,0.0,5636.42
0.0,-0.37500742077827454,0.0,5636.42
0.0,-0.36335289478302,0.0,5636.42
0.0,-0.3361396789550781,0.0,5636.42
0.0,-0.3701636493206024,0.0,5636.42
0.0,-0.37674757838249207,0.0,5636.42
0.0,-0.3723267614841461,0.0,5636.42
0.0,-0.37641051411628723,0.0,5636.42
0.0,-0.36007675528526306,0.0,5636.42
0.0,-0.37769684195518494,0.0,5636.42
0.0,-0.38216137886047363,0.0,5636.42
0.0,-0.3821520507335663,0.0,5636.42
0.0,-0.38112860918045044,0.0,5636.42
0.0,-0.38686609268188477,0.0,5636.42
0.0,-0.39490020275115967,0.0,5636.42
0.0,-0.38585636019706726,0.0,5636.42
0.0,-0.39707544445991516,0.0,5636.42
0.0,-0.3966183066368103,0.0,5636.42
0.0,-0.39107853174209595,0.0,5636.42
0.0,-0.37873148918151855,0.0,5636.42
0.0,-0.38445523381233215,0.0,5636.42
0.0,-0.35812732577323914,0.0,5636.42
0.0,-0.3744717538356781,0.0,5636.42
0.0,-0.3722643256187439,0.0,5636.42
0.0,-0.3774990737438202,0.0,5636.42
0.0,-0.36113160848617554,0.0,5636.42
0.0,-0.3777913749217987,0.0,5636.42
0.0,-0.38017356395721436,0.0,5636.42
0.0,-0.38354596495628357,0.0,5636.42
0.0,-0.37657174468040466,0.0,5636.42
0.0,-0.3810013234615326,0.0,5636.42
0.0,-0.3920472264289856,0.0,5636.42
0.0,-0.3923308551311493,0.0,5636.42
0.0,-0.39376959204673767,0.0,5636.42
0.0,-0.3919317424297333,0.0,5636.42
0.0,-0.3786895275115967,0.0,5636.42
0.0,-0.38669654726982117,0.0,5636.42
0.0,-0.38278642296791077,0.0,5636.42
0.0,-0.38123032450675964,0.0,5636.42
0.0,-0.38238057494163513,0.0,5636.42
0.0,-0.38226181268692017,0.0,5636.42
0.0,-0.3832360506057739,0.0,5636.42
0.0,-0.38226595520973206,0.0,5636.42
0.0,-0.3819093406200409,0.0,5636.42
0.0,-0.38178732991218567,0.0,5636.42
0.0,-0.3824590742588043,0.0,5636.42
0.0,-0.38254618644714355,0.0,5636.42
0.0,-0.3824719488620758,0.0,5636.42
0.0,-0.3810151517391205,0.0,5636.42
0.0,-0.38474640250205994,0.0,5636.42
0.0,-0.38678738474845886,0.0,5636.42
0.0,-0.38758882880210876,0.0,5636.42
0.0,-0.37933477759361267,0.0,5636.42
0.0,-0.3889635503292084,0.0,5636.42
0.0,-0.3869020640850067,0.0,5636.42
0.0,-0.3850709795951843,0.0,5636.42
0.0,-0.3824394643306732,0.0,5636.42
0.0,-0.381373792886734,0.0,5636.42
0.0,-0.38249099254608154,0.0,5636.42
0.0,-0.3874799907207489,0.0,5636.42
0.0,-0.39131784439086914,0.0,5636.42
0.0,-0.39095768332481384,0.0,5636.42
0.0,-0.38315141201019287,0.0,5636.42
0.0,-0.3833807408809662,0.0,5636.42
0.0,-0.3913235366344452,0.0,5636.42
0.0,-0.38759133219718933,0.0,5636.42
0.0,-0.3853297233581543,0.0,5636.42
0.0,-0.3808384835720062,0.0,5636.42
0.0,-0.37942981719970703,0.0,5636.42
0.0,-0.37711772322654724,0.0,5636.42
0.0,-0.3813866674900055,0.0,5636.42
0.0,-0.38190481066703796,0.0,5636.42
0.0,-0.38253796100616455,0.0,5636.42
0.0,-0.3857582211494446,0.0,5636.42
0.0,-0.3765082359313965,0.0,5636.42
0.0,-0.38639166951179504,0.0,5636.42
0.0,-0.37078025937080383,0.0,5636.42
0.0,-0.38192060589790344,0.0,5636.42
0.0,-0.365458220243454,0.0,5636.42
0.0,-0.38008102774620056,0.0,5636.42
0.0,-0.36844301223754883,0.0,5636.42
0.0,-0.3843165636062622,0.0,5636.42
0.0,-0.3837321698665619,0.0,5636.42
0.0,-0.3841538429260254,0.0,5636.42
0.0,-0.38298431038856506,0.0,5636.42
0.0,-0.38186073303222656,0.0,5636.42
0.0,-0.3658219873905182,0.0,5636.42
0.0,-0.38119569420814514,0.0,5636.42
0.0,-0.3825353980064392,0.0,5636.42
0.0,-0.38055625557899475,0.0,5636.42
0.0,-0.37177571654319763,0.0,5636.42
0.0,-0.37629589438438416,0.0,5636.42
0.0,-0.3856576383113861,0.0,5636.42
0.0,-0.37320786714553833,0.0,5636.42
0.0,-0.3856043815612793,0.0,5636.42
0.0,-0.38451412320137024,0.0,5636.42
0.0,-0.3789011836051941,0.0,5636.42
0.0,-0.38163790106773376,0.0,5636.42
0.0,-0.37951621413230896,0.0,5636.42
0.0,-0.38211360573768616,0.0,5636.42
0.0,-0.38620707392692566,0.0,5636.42
0.0,-0.37647080421447754,0.0,5636.42
0.0,-0.38603177666664124,0.0,5636.42
0.0,-0.3905412554740906,0.0,5636.42
0.0,-0.3851194381713867,0.0,5636.42
0.0,-0.37211868166923523,0.0,5636.42
0.0,-0.3821563124656677,0.0,5636.42
0.0,-0.360786497592926,0.0,5636.42
0.0,-0.36137473583221436,0.0,5636.42
0.0,-0.3830728530883789,0.0,5636.42
0.0,-0.3854634761810303,0.0,5636.42
0.0,-0.3793330788612366,0.0,5636.42
0.0,-0.38343819975852966,0.0,5636.42
0.0,-0.37607380747795105,0.0,5636.42
0.0,-0.38684937357902527,0.0,5636.42
0.0,-0.38643497228622437,0.0,5636.42
0.0,-0.3697570860385895,0.0,5636.42
0.0,-0.3901711404323578,0.0,5636.42
0.0,-0.3887879550457001,0.0,5636.42
0.0,-0.38941240310668945,0.0,5636.42
0.0,-0.38315391540527344,0.0,5636.42
0.0,-0.3953854739665985,0.0,5636.42
0.0,-0.39751479029655457,0.0,5636.42
0.0,-0.39402660727500916,0.0,5636.42
0.0,-0.3855270743370056,0.0,5636.42
0.0,-0.39146479964256287,0.0,5636.42
0.0,-0.38462066650390625,0.0,5636.42
0.0,-0.382212370634079,0.0,5636.42
0.0,-0.38140806555747986,0.0,5636.42
0.0,-0.3782997131347656,0.0,5636.42
0.0,-0.3793908357620239,0.0,5636.42
0.0,-0.38004788756370544,0.0,5636.42
0.0,-0.37014877796173096,0.0,5636.42
0.0,-0.38577553629875183,0.0,5636.42
0.0,-0.38622936606407166,0.0,5636.42
0.0,-0.3878360688686371,0.0,5636.42
0.0,-0.3763299584388733,0.0,5636.42
0.0,-0.38618308305740356,0.0,5636.42
0.0,-0.3854927718639374,0.0,5636.42
0.0,-0.3828068673610687,0.0,5636.42
0.0,-0.38171714544296265,0.0,5636.42
0.0,-0.3647097945213318,0.0,5636.42
0.0,-0.3818514347076416,0.0,5636.42
0.0,-0.38193824887275696,0.0,5636.42
0.0,-0.3737679421901703,0.0,5636.42
0.0,-0.3847511112689972,0.0,5636.42
0.0,-0.3855224847793579,0.0,5636.42
0.0,-0.38162991404533386,0.0,5636.42
0.0,-0.3687404990196228,0.0,5636.42
0.0,-0.3662450313568115,0.0,5636.42
0.0,-0.38004252314567566,0.0,5636.42
0.0,-0.3673279285430908,0.0,5636.42
0.0,-0.38235223293304443,0.0,5636.42
0.0,-0.3721603751182556,0.0,5636.42
0.0,-0.3861102759838104,0.0,5636.42
0.0,-0.3846081495285034,0.0,5636.42
0.0,-0.3826996684074402,0.0,5636.42
0.0,-0.381367027759552,0.0,5636.42
0.0,-0.3828522861003876,0.0,5636.42
0.0,-0.38134896755218506,0.0,5636.42
0.0,-0.3824022710323334,0.0,5636.42
0.0,-0.382167249917984,0.0,5636.42
0.0,-0.36791566014289856,0.0,5636.42
0.0,-0.3823659121990204,0.0,5636.42
0.0,-0.367267906665802,0.0,5636.42
0.0,-0.3821612000465393,0.0,5636.42
0.0,-0.36866486072540283,0.0,5636.42
0.0,-0.38431206345558167,0.0,5636.42
0.0,-0.3822510540485382,0.0,5636.42
0.0,-0.36748430132865906,0.0,5636.42
0.0,-0.37975800037384033,0.0,5636.42
0.0,-0.38434550166130066,0.0,5636.42
0.0,-0.38940414786338806,0.0,5636.42
0.0,-0.3925130367279053,0.0,5636.42
0.0,-0.39491549134254456,0.0,5636.42
0.0,-0.4036731421947479,0.0,5636.42
0.0,-0.40034952759742737,0.0,5636.42
0.0,-0.40883904695510864,0.0,5636.42
0.0,-0.4052588641643524,0.0,5636.42
0.0,-0.4006423056125641,0.0,5636.42
0.0,-0.39658841490745544,0.0,5636.42
0.0,-0.38817283511161804,0.0,5636.42
0.0,-0.3813779056072235,0.0,5636.42
0.0,-0.3664235472679138,0.0,5636.42
0.0,-0.38146671652793884,0.0,5636.42
0.0,-0.38364866375923157,0.0,5636.42
0.0,-0.38693004846572876,0.0,5636.42
0.0,-0.38539430499076843,0.0,5636.42
0.0,-0.37462344765663147,0.0,5636.42
0.0,-0.38690194487571716,0.0,5636.42
0.0,-0.3827870786190033,0.0,5636.42
0.0,-0.3814068138599396,0.0,5636.42
0.0,-0.38217779994010925,0.0,5636.42
0.0,-0.38146770000457764,0.0,5636.42
0.0,-0.3665701448917389,0.0,5636.42
0.0,-0.365191787481308,0.0,5636.42
0.0,-0.3810512125492096,0.0,5636.42
0.0,-0.3807312250137329,0.0,5636.42
0.0,-0.38294801115989685,0.0,5636.42
0.0,-0.3810751438140869,0.0,5636.42
0.0,-0.3817741572856903,0.0,5636.42
0.0,-0.36776453256607056,0.0,5636.42
0.0,-0.3810793459415436,0.0,5636.42
0.0,-0.3693978488445282,0.0,5636.42
0.0,-0.3844251334667206,0.0,5636.42
0.0,-0.38355931639671326,0.0,5636.42
0.0,-0.38350000977516174,0.0,5636.42
0.0,-0.36879411339759827,0.0,5636.42
0.0,-0.381902813911438,0.0,5636.42
0.0,-0.381466805934906,0.0,5636.42
0.0,-0.38352230191230774,0.0,5636.42
0.0,-0.3854789435863495,0.0,5636.42
0.0,-0.3851999342441559,0.0,5636.42
0.0,-0.3845377564430237,0.0,5636.42
0.0,-0.3849219083786011,0.0,5636.42
0.0,-0.3801839053630829,0.0,5636.42
0.0,-0.3820231854915619,0.0,5636.42
0.0,-0.37075504660606384,0.0,5636.42
0.0,-0.384828120470047,0.0,5636.42
0.0,-0.3846498429775238,0.0,5636.42
0.0,-0.3828267753124237,0.0,5636.42
0.0,-0.38087067008018494,0.0,5636.42
0.0,-0.36592912673950195,0.0,5636.42
0.0,-0.38135311007499695,0.0,5636.42
0.0,-0.37052297592163086,0.0,5636.42
0.0,-0.37400490045547485,0.0,5636.42
0.0,-0.38709959387779236,0.0,5636.42
0.0,-0.37525302171707153,0.0,5636.42
0.0,-0.3871403634548187,0.0,5636.42
0.0,-0.3850012719631195,0.0,5636.42
0.0,-0.36755090951919556,0.0,5636.42
0.0,-0.3822551369667053,0.0,5636.42
0.0,-0.3691721260547638,0.0,5636.42
0.0,-0.38181084394454956,0.0,5636.42
0.0,-0.3826020359992981,0.0,5636.42
0.0,-0.38200414180755615,0.0,5636.42
0.0,-0.36571696400642395,0.0,5636.42
0.0,-0.38153669238090515,0.0,5636.42
0.0,-0.36954766511917114,0.0,5636.42
0.0,-0.3852268159389496,0.0,5636.42
0.0,-0.3836195170879364,0.0,5636.42
0.0,-0.3833780884742737,0.0,5636.42
0.0,-0.3692220449447632,0.0,5636.42
0.0,-0.3820395767688751,0.0,5636.42
0.0,-0.36590811610221863,0.0,5636.42
0.0,-0.38230881094932556,0.0,5636.42
0.0,-0.38141608238220215,0.0,5636.42
0.0,-0.36838269233703613,0.0,5636.42
0.0,-0.38277867436408997,0.0,5636.42
0.0,-0.370561420917511,0.0,5636.42
0.0,-0.38232144713401794,0.0,5636.42
0.0,-0.36737045645713806,0.0,5636.42
0.0,-0.38087034225463867,0.0,5636.42
0.0,-0.38112446665763855,0.0,5636.42
0.0,-0.3804343044757843,0.0,5636.42
0.0,-0.3762660622596741,0.0,5636.42
0.0,-0.37743473052978516,0.0,5636.42
0.0,-0.3879273235797882,0.0,5636.42
0.0,-0.3785693347454071,0.0,5636.42
0.0,-0.3881320357322693,0.0,5636.42
0.0,-0.3836057186126709,0.0,5636.42
0.0,-0.380825012922287,0.0,5636.42
0.0,-0.36756086349487305,0.0,5636.42
0.0,-0.38418498635292053,0.0,5636.42
0.0,-0.3842447102069855,0.0,5636.42
0.0,-0.37217530608177185,0.0,5636.42
0.0,-0.3842479884624481,0.0,5636.42
0.0,-0.38331136107444763,0.0,5636.42
0.0,-0.38132867217063904,0.0,5636.42
0.0,-0.3804532587528229,0.0,5636.42
0.0,-0.3831457495689392,0.0,5636.42
0.0,-0.38506102561950684,0.0,5636.42
0.0,-0.37529733777046204,0.0,5636.42
0.0,-0.38919517397880554,0.0,5636.42
0.0,-0.38768982887268066,0.0,5636.42
0.0,-0.3848479688167572,0.0,5636.42
0.0,-0.3701981008052826,0.0,5636.42
0.0,-0.36650457978248596,0.0,5636.42
0.0,-0.36644139885902405,0.0,5636.42
0.0,-0.3813210129737854,0.0,5636.42
0.0,-0.3816470205783844,0.0,5636.42
0.0,-0.37127685546875,0.0,5636.42
0.0,-0.3738027513027191,0.0,5636.42
0.0,-0.38476020097732544,0.0,5636.42
0.0,-0.3730038106441498,0.0,5636.42
0.0,-0.3848593235015869,0.0,5636.42
0.0,-0.3826468884944916,0.0,5636.42
0.0,-0.36555978655815125,0.0,5636.42
0.0,-0.3612658679485321,0.0,5636.42
0.0,-0.379738986492157,0.0,5636.42
0.0,-0.3585878312587738,0.0,5636.42
0.0,-0.37536704540252686,0.0,5636.42
0.0,-0.352698415517807,0.0,5636.42
0.0,-0.37088093161582947,0.0,5636.42
0.0,-0.35749581456184387,0.0,5636.42
0.0,-0.3753892183303833,0.0,5636.42
0.0,-0.3778567314147949,0.0,5636.42
0.0,-0.3854037821292877,0.0,5636.42
0.0,-0.38473889231681824,0.0,5636.42
0.0,-0.37343528866767883,0.0,5636.42
0.0,-0.38722559809684753,0.0,5636.42
0.0,-0.3853328824043274,0.0,5636.42
0.0,-0.37348827719688416,0.0,5636.42
0.0,-0.3862656354904175,0.0,5636.42
0.0,-0.3824368119239807,0.0,5636.42
0.0,-0.38138020038604736,0.0,5636.42
0.0,-0.38240864872932434,0.0,5636.42
0.0,-0.38131341338157654,0.0,5636.42
0.0,-0.38358616828918457,0.0,5636.42
0.0,-0.3867756724357605,0.0,5636.42
0.0,-0.37358078360557556,0.0,5636.42
0.0,-0.38451170921325684,0.0,5636.42
0.0,-0.3825891613960266,0.0,5636.42
0.0,-0.3802586495876312,0.0,5636.42
0.0,-0.38243046402931213,0.0,5636.42
0.0,-0.3824499547481537,0.0,5636.42
0.0,-0.3741636276245117,0.0,5636.42
0.0,-0.37830430269241333,0.0,5636.42
0.0,-0.3886483907699585,0.0,5636.42
0.0,-0.3734823167324066,0.0,5636.42
0.0,-0.37095943093299866,0.0,5636.42
0.0,-0.38076722621917725,0.0,5636.42
0.0,-0.38277584314346313,0.0,5636.42
0.0,-0.3701044023036957,0.0,5636.42
0.0,-0.3856024742126465,0.0,5636.42
0.0,-0.3815837502479553,0.0,5636.42
0.0,-0.3820931017398834,0.0,5636.42
0.0,-0.3811458647251129,0.0,5636.42
0.0,-0.3663669526576996,0.0,5636.42
0.0,-0.3817613124847412,0.0,5636.42
0.0,-0.3671550750732422,0.0,5636.42
0.0,-0.3816828429698944,0.0,5636.42
0.0,-0.3691403567790985,0.0,5636.42
0.0,-0.38392430543899536,0.0,5636.42
0.0,-0.3853670656681061,0.0,5636.42
0.0,-0.3850662112236023,0.0,5636.42
0.0,-0.3851250410079956,0.0,5636.42
0.0,-0.3837603032588959,0.0,5636.42
0.0,-0.3817538917064667,0.0,5636.42
0.0,-0.3812065124511719,0.0,5636.42
0.0,-0.3822820484638214,0.0,5636.42
0.0,-0.3834918737411499,0.0,5636.42
0.0,-0.37123963236808777,0.0,5636.42
0.0,-0.38378292322158813,0.0,5636.42
0.0,-0.3833307921886444,0.0,5636.42
0.0,-0.38177356123924255,0.0,5636.42
0.0,-0.3664773404598236,0.0,5636.42
0.0,-0.3800413906574249,0.0,5636.42
0.0,-0.383227676153183,0.0,5636.42
0.0,-0.3818242847919464,0.0,5636.42
0.0,-0.37007710337638855,0.0,5636.42
0.0,-0.3700639009475708,0.0,5636.42
0.0,-0.3802851736545563,0.0,5636.42
0.0,-0.3668457865715027,0.0,5636.42
0.0,-0.3665209710597992,0.0,5636.42
0.0,-0.3825601041316986,0.0,5636.42
0.0,-0.3863942325115204,0.0,5636.42
0.0,-0.38798078894615173,0.0,5636.42
0.0,-0.3922143280506134,0.0,5636.42
0.0,-0.37130117416381836,0.0,5636.42
0.0,-0.39846131205558777,0.0,5636.42
0.0,-0.4024299681186676,0.0,5636.42
0.0,-0.39912956953048706,0.0,5636.42
0.0,-0.3871706426143646,0.0,5636.42
0.0,-0.39276817440986633,0.0,5636.42
0.0,-0.38770246505737305,0.0,5636.42
0.0,-0.3825329840183258,0.0,5636.42
0.0,-0.380683034658432,0.0,5636.42
0.0,-0.3802531063556671,0.0,5636.42
0.0,-0.36675187945365906,0.0,5636.42
0.0,-0.3836933970451355,0.0,5636.42
0.0,-0.3857298791408539,0.0,5636.42
0.0,-0.38953670859336853,0.0,5636.42
0.0,-0.39577141404151917,0.0,5636.42
0.0,-0.39739227294921875,0.0,5636.42
0.0,-0.39957401156425476,0.0,5636.42
0.0,-0.3987594246864319,0.0,5636.42
0.0,-0.38550516963005066,0.0,5636.42
0.0,-0.38295966386795044,0.0,5636.42
0.0,-0.3897503912448883,0.0,5636.42
0.0,-0.37553736567497253,0.0,5636.42
0.0,-0.38437801599502563,0.0,5636.42
0.0,-0.3829873204231262,0.0,5636.42
0.0,-0.3673156201839447,0.0,5636.42
0.0,-0.381215900182724,0.0,5636.42
0.0,-0.38253089785575867,0.0,5636.42
0.0,-0.38321033120155334,0.0,5636.42
0.0,-0.38552847504615784,0.0,5636.42
0.0,-0.36870095133781433,0.0,5636.42
0.0,-0.38177090883255005,0.0,5636.42
0.0,-0.38137272000312805,0.0,5636.42
0.0,-0.38121935725212097,0.0,5636.42
0.0,-0.3810301721096039,0.0,5636.42
0.0,-0.38360434770584106,0.0,5636.42
0.0,-0.3680645227432251,0.0,5636.42
0.0,-0.38222014904022217,0.0,5636.42
0.0,-0.3832213282585144,0.0,5636.42
0.0,-0.3832556903362274,0.0,5636.42
0.0,-0.38348546624183655,0.0,5636.42
0.0,-0.3824768364429474,0.0,5636.42
0.0,-0.38138192892074585,0.0,5636.42
0.0,-0.381838858127594,0.0,5636.42
0.0,-0.36831000447273254,0.0,5636.42
0.0,-0.38217660784721375,0.0,5636.42
0.0,-0.3675944209098816,0.0,5636.42
0.0,-0.38235148787498474,0.0,5636.42
0.0,-0.38250964879989624,0.0,5636.42
0.0,-0.3717454969882965,0.0,5636.42
0.0,-0.3878189027309418,0.0,5636.42
0.0,-0.38957881927490234,0.0,5636.42
0.0,-0.3882683217525482,0.0,5636.42
0.0,-0.3891899883747101,0.0,5636.42
0.0,-0.3872774541378021,0.0,5636.42
0.0,-0.3847813010215759,0.0,5636.42
0.0,-0.3821084201335907,0.0,5636.42
0.0,-0.36293333768844604,0.0,5636.42
0.0,-0.3579387664794922,0.0,5636.42
0.0,-0.3747614026069641,0.0,5636.42
0.0,-0.3538253903388977,0.0,5636.42
0.0,-0.3754476308822632,0.0,5636.42
0.0,-0.35434630513191223,0.0,5636.42
0.0,-0.3745735287666321,0.0,5636.42
0.0,-0.37528637051582336,0.0,5636.42
0.0,-0.3743416965007782,0.0,5636.42
0.0,-0.3604336082935333,0.0,5636.42
0.0,-0.3766149580478668,0.0,5636.42
0.0,-0.37883424758911133,0.0,5636.42
0.0,-0.38154324889183044,0.0,5636.42
0.0,-0.3850284516811371,0.0,5636.42
0.0,-0.38778531551361084,0.0,5636.42
0.0,-0.38974395394325256,0.0,5636.42
0.0,-0.38907694816589355,0.0,5636.42
0.0,-0.3891318142414093,0.0,5636.42
0.0,-0.38777923583984375,0.0,5636.42
0.0,-0.38453301787376404,0.0,5636.42
0.0,-0.38186630606651306,0.0,5636.42
0.0,-0.3821004033088684,0.0,5636.42
0.0,-0.38035261631011963,0.0,5636.42
0.0,-0.37190529704093933,0.0,5636.42
0.0,-0.3866044580936432,0.0,5636.42
0.0,-0.37457215785980225,0.0,5636.42
0.0,-0.385453999042511,0.0,5636.42
0.0,-0.3722754120826721,0.0,5636.42
0.0,-0.3828418552875519,0.0,5636.42
0.0,-0.3803420960903168,0.0,5636.42
0.0,-0.3651759624481201,0.0,5636.42
0.0,-0.3682556450366974,0.0,5636.42
0.0,-0.3797546327114105,0.0,5636.42
0.0,-0.36930370330810547,0.0,5636.42
0.0,-0.3689490258693695,0.0,5636.42
0.0,-0.3839341402053833,0.0,5636.42
0.0,-0.37096041440963745,0.0,5636.42
0.0,-0.3857792019844055,0.0,5636.42
0.0,-0.38074102997779846,0.0,5636.42
0.0,-0.38220563530921936,0.0,5636.42
0.0,-0.38094091415405273,0.0,5636.42
0.0,-0.3681502640247345,0.0,5636.42
0.0,-0.3835996687412262,0.0,5636.42
0.0,-0.3701615333557129,0.0,5636.42
0.0,-0.36937057971954346,0.0,5636.42
0.0,-0.3811149299144745,0.0,5636.42
0.0,-0.38288024067878723,0.0,5636.42
0.0,-0.38017234206199646,0.0,5636.42
0.0,-0.39677292108535767,0.0,5636.42
0.0,-0.3964329659938812,0.0,5636.42
0.0,-0.38342151045799255,0.0,5636.42
0.0,-0.3887677490711212,0.0,5636.42
0.0,-0.38882705569267273,0.0,5636.42
0.0,-0.39475950598716736,0.0,5636.42
0.0,-0.38170114159584045,0.0,5636.42
0.0,-0.3899093568325043,0.0,5636.42
0.0,-0.3816704750061035,0.0,5636.42
0.0,-0.3633253872394562,0.0,5636.42
0.0,-0.361307293176651,0.0,5636.42
0.0,-0.376712441444397,0.0,5636.42
0.0,-0.3765186667442322,0.0,5636.42
0.0,-0.37707167863845825,0.0,5636.42
0.0,-0.3827100396156311,0.0,5636.42
0.0,-0.380155086517334,0.0,5636.42
0.0,-0.3711703419685364,0.0,5636.42
0.0,-0.3837426006793976,0.0,5636.42
0.0,-0.3859182298183441,0.0,5636.42
0.0,-0.38058918714523315,0.0,5636.42
0.0,-0.36950013041496277,0.0,5636.42
0.0,-0.38065239787101746,0.0,5636.42
0.0,-0.3605651557445526,0.0,5636.42
0.0,-0.3673228919506073,0.0,5636.42
0.0,-0.37992727756500244,0.0,5636.42
0.0,-0.3863052725791931,0.0,5636.42
0.0,-0.3865877091884613,0.0,5636.42
0.0,-0.37435027956962585,0.0,5636.42
0.0,-0.37560439109802246,0.0,5636.42
0.0,-0.385012686252594,0.0,5636.42
0.0,-0.3811359107494354,0.0,5636.42
0.0,-0.3811948895454407,0.0,5636.42
0.0,-0.365131676197052,0.0,5636.42
0.0,-0.3774363100528717,0.0,5636.42
0.0,-0.3803598880767822,0.0,5636.42
0.0,-0.3666413724422455,0.0,5636.42
0.0,-0.3776942491531372,0.0,5636.42
0.0,-0.38552233576774597,0.0,5636.42
0.0,-0.39383551478385925,0.0,5636.42
0.0,-0.3912660777568817,0.0,5636.42
0.0,-0.3817553222179413,0.0,5636.42
0.0,-0.39525851607322693,0.0,5636.42
0.0,-0.39350947737693787,0.0,5636.42
0.0,-0.3791033923625946,0.0,5636.42
0.0,-0.38154250383377075,0.0,5636.42
0.0,-0.3877404034137726,0.0,5636.42
0.0,-0.3851233720779419,0.0,5636.42
0.0,-0.37111398577690125,0.0,5636.42
0.0,-0.3859553337097168,0.0,5636.42
0.0,-0.3841494023799896,0.0,5636.42
0.0,-0.3704287111759186,0.0,5636.42
0.0,-0.384167343378067,0.0,5636.42
0.0,-0.38155195116996765,0.0,5636.42
0.0,-0.382035493850708,0.0,5636.42
0.0,-0.38388627767562866,0.0,5636.42
0.0,-0.38477227091789246,0.0,5636.42
0.0,-0.38511475920677185,0.0,5636.42
0.0,-0.3730841875076294,0.0,5636.42
0.0,-0.3716357350349426,0.0,5636.42
0.0,-0.3819999396800995,0.0,5636.42
0.0,-0.36574944853782654,0.0,5636.42
0.0,-0.3816983997821808,0.0,5636.42
0.0,-0.382267564535141,0.0,5636.42
0.0,-0.3854657709598541,0.0,5636.42
0.0,-0.3873370587825775,0.0,5636.42
0.0,-0.386791467666626,0.0,5636.42
0.0,-0.38647231459617615,0.0,5636.42
0.0,-0.3869880735874176,0.0,5636.42
0.0,-0.3822556436061859,0.0,5636.42
0.0,-0.36626413464546204,0.0,5636.42
0.0,-0.3622366189956665,0.0,5636.42
0.0,-0.376847505569458,0.0,5636.42
0.0,-0.3573261499404907,0.0,5636.42
0.0,-0.3796273171901703,0.0,5636.42
0.0,-0.3794368505477905,0.0,5636.42
0.0,-0.38321763277053833,0.0,5636.42
0.0,-0.3736568093299866,0.0,5636.42
0.0,-0.3902602791786194,0.0,5636.42
0.0,-0.3884941041469574,0.0,5636.42
0.0,-0.3873417377471924,0.0,5636.42
0.0,-0.3856212794780731,0.0,5636.42
0.0,-0.3690800368785858,0.0,5636.42
0.0,-0.36939412355422974,0.0,5636.42
0.0,-0.38123613595962524,0.0,5636.42
0.0,-0.3673402667045593,0.0,5636.42
0.0,-0.36897656321525574,0.0,5636.42
0.0,-0.370054692029953,0.0,5636.42
0.0,-0.3823697865009308,0.0,5636.42
0.0,-0.3805570900440216,0.0,5636.42
0.0,-0.3828187882900238,0.0,5636.42
0.0,-0.3711722195148468,0.0,5636.42
0.0,-0.3725734055042267,0.0,5636.42
0.0,-0.3839465081691742,0.0,5636.42
0.0,-0.3697304129600525,0.0,5636.42
0.0,-0.3820205628871918,0.0,5636.42
0.0,-0.3779328465461731,0.0,5636.42
0.0,-0.3817142844200134,0.0,5636.42
0.0,-0.37914925813674927,0.0,5636.42
0.0,-0.3996213376522064,0.0,5636.42
0.0,-0.3995562195777893,0.0,5636.42
0.0,-0.3998306691646576,0.0,5636.42
0.0,-0.4066521227359772,0.0,5636.42
0.0,-0.40380173921585083,0.0,5636.42
0.0,-0.3957335352897644,0.0,5636.42
0.0,-0.3887452781200409,0.0,5636.42
0.0,-0.3950738310813904,0.0,5636.42
0.0,-0.3895626366138458,0.0,5636.42
0.0,-0.3706255853176117,0.0,5636.42
0.0,-0.36198386549949646,0.0,5636.42
0.0,-0.3578219413757324,0.0,5636.42
0.0,-0.37242749333381653,0.0,5636.42
0.0,-0.3516695201396942,0.0,5636.42
0.0,-0.37495216727256775,0.0,5636.42
0.0,-0.37593162059783936,0.0,5636.42
0.0,-0.3798665702342987,0.0,5636.42
0.0,-0.38656583428382874,0.0,5636.42
0.0,-0.3859080374240875,0.0,5636.42
0.0,-0.37881723046302795,0.0,5636.42
0.0,-0.3927265405654907,0.0,5636.42
0.0,-0.39173823595046997,0.0,5636.42
0.0,-0.39071592688560486,0.0,5636.42
0.0,-0.37984758615493774,0.0,5636.42
0.0,-0.3879038095474243,0.0,5636.42
0.0,-0.3836084306240082,0.0,5636.42
0.0,-0.37951844930648804,0.0,5636.42
0.0,-0.3800370693206787,0.0,5636.42
0.0,-0.3787972033023834,0.0,5636.42
0.0,-0.36821720004081726,0.0,5636.42
0.0,-0.38593921065330505,0.0,5636.42
0.0,-0.37769970297813416,0.0,5636.42
0.0,-0.3913780748844147,0.0,5636.42
0.0,-0.3842678666114807,0.0,5636.42
0.0,-0.39047548174858093,0.0,5636.42
0.0,-0.3805263042449951,0.0,5636.42
0.0,-0.388385534286499,0.0,5636.42
0.0,-0.38411766290664673,0.0,5636.42
0.0,-0.37999531626701355,0.0,5636.42
0.0,-0.36754676699638367,0.0,5636.42
0.0,-0.3811073899269104,0.0,5636.42
0.0,-0.3677842617034912,0.0,5636.42
0.0,-0.38330504298210144,0.0,5636.42
0.0,-0.36919474601745605,0.0,5636.42
0.0,-0.38295164704322815,0.0,5636.42
0.0,-0.38136452436447144,0.0,5636.42
0.0,-0.38162294030189514,0.0,5636.42
0.0,-0.3816378116607666,0.0,5636.42
0.0,-0.3842947781085968,0.0,5636.42
0.0,-0.38218769431114197,0.0,5636.42
0.0,-0.3684861361980438,0.0,5636.42
0.0,-0.3816070258617401,0.0,5636.42
0.0,-0.3657340407371521,0.0,5636.42
0.0,-0.3833116590976715,0.0,5636.42
0.0,-0.3835394084453583,0.0,5636.42
0.0,-0.3873210549354553,0.0,5636.42
0.0,-0.3746967911720276,0.0,5636.42
0.0,-0.37218165397644043,0.0,5636.42
0.0,-0.3835340142250061,0.0,5636.42
0.0,-0.3664807975292206,0.0,5636.42
0.0,-0.38216015696525574,0.0,5636.42
0.0,-0.36757951974868774,0.0,5636.42
0.0,-0.38214683532714844,0.0,5636.42
0.0,-0.36603695154190063,0.0,5636.42
0.0,-0.3843984603881836,0.0,5636.42
0.0,-0.38305455446243286,0.0,5636.42
0.0,-0.37144356966018677,0.0,5636.42
0.0,-0.38306036591529846,0.0,5636.42
0.0,-0.3804484009742737,0.0,5636.42
0.0,-0.38166379928588867,0.0,5636.42
0.0,-0.37021833658218384,0.0,5636.42
0.0,-0.3713643252849579,0.0,5636.42
0.0,-0.38066163659095764,0.0,5636.42
0.0,-0.38177353143692017,0.0,5636.42
0.0,-0.3835412859916687,0.0,5636.42
0.0,-0.36762839555740356,0.0,5636.42
0.0,-0.3821966350078583,0.0,5636.42
0.0,-0.38117367029190063,0.0,5636.42
0.0,-0.383045494556427,0.0,5636.42
0.0,-0.3808756172657013,0.0,5636.42
0.0,-0.3838759660720825,0.0,5636.42
0.0,-0.3808310925960541,0.0,5636.42
0.0,-0.38225623965263367,0.0,5636.42
0.0,-0.38503310084342957,0.0,5636.42
0.0,-0.3813934028148651,0.0,5636.42
0.0,-0.3818780779838562,0.0,5636.42
0.0,-0.3702126443386078,0.0,5636.42
0.0,-0.38427358865737915,0.0,5636.42
0.0,-0.3824947774410248,0.0,5636.42
0.0,-0.3821830451488495,0.0,5636.42
0.0,-0.3665773570537567,0.0,5636.42
0.0,-0.3832937180995941,0.0,5636.42
0.0,-0.3726744055747986,0.0,5636.42
0.0,-0.3873942792415619,0.0,5636.42
0.0,-0.38357874751091003,0.0,5636.42
0.0,-0.37009721994400024,0.0,5636.42
0.0,-0.3828969895839691,0.0,5636.42
0.0,-0.3620721101760864,0.0,5636.42
0.0,-0.38122230768203735,0.0,5636.42
0.0,-0.3799006938934326,0.0,5636.42
0.0,-0.3734775185585022,0.0,5636.42
0.0,-0.38090434670448303,0.0,5636.42
0.0,-0.3932025134563446,0.0,5636.42
0.0,-0.3918328583240509,0.0,5636.42
0.0,-0.38525980710983276,0.0,5636.42
0.0,-0.3942009508609772,0.0,5636.42
0.0,-0.3903018534183502,0.0,5636.42
0.0,-0.388298362493515,0.0,5636.42
0.0,-0.3853335976600647,0.0,5636.42
0.0,-0.3789769113063812,0.0,5636.42
0.0,-0.3610404133796692,0.0,5636.42
0.0,-0.3783022165298462,0.0,5636.42
0.0,-0.35980889201164246,0.0,5636.42
0.0,-0.37973982095718384,0.0,5636.42
0.0,-0.38258400559425354,0.0,5636.42
0.0,-0.37373262643814087,0.0,5636.42
0.0,-0.39052215218544006,0.0,5636.42
0.0,-0.39030972123146057,0.0,5636.42
0.0,-0.3902890682220459,0.0,5636.42
0.0,-0.3751015365123749,0.0,5636.42
0.0,-0.38260316848754883,0.0,5636.42
0.0,-0.36840447783470154,0.0,5636.42
0.0,-0.3847842514514923,0.0,5636.42
0.0,-0.38263121247291565,0.0,5636.42
0.0,-0.3843074440956116,0.0,5636.42
0.0,-0.38280120491981506,0.0,5636.42
0.0,-0.38170740008354187,0.0,5636.42
0.0,-0.3820613920688629,0.0,5636.42
0.0,-0.3810971677303314,0.0,5636.42
0.0,-0.38264891505241394,0.0,5636.42
0.0,-0.3836202621459961,0.0,5636.42
0.0,-0.38540974259376526,0.0,5636.42
0.0,-0.38290777802467346,0.0,5636.42
0.0,-0.3810737431049347,0.0,5636.42
0.0,-0.367128849029541,0.0,5636.42
0.0,-0.3816710412502289,0.0,5636.42
0.0,-0.36866745352745056,0.0,5636.42
0.0,-0.3818296194076538,0.0,5636.42
0.0,-0.36621934175491333,0.0,5636.42
0.0,-0.38100671768188477,0.0,5636.42
0.0,-0.38258782029151917,0.0,5636.42
0.0,-0.38697344064712524,0.0,5636.42
0.0,-0.3853189945220947,0.0,5636.42
0.0,-0.385996550321579,0.0,5636.42
0.0,-0.38396602869033813,0.0,5636.42
0.0,-0.3690444827079773,0.0,5636.42
0.0,-0.3642919957637787,0.0,5636.42
0.0,-0.35683107376098633,0.0,5636.42
0.0,-0.37361323833465576,0.0,5636.42
0.0,-0.35499700903892517,0.0,5636.42
0.0,-0.3744681775569916,0.0,5636.42
0.0,-0.3754522204399109,0.0,5636.42
0.0,-0.37695732712745667,0.0,5636.42
0.0,-0.37800362706184387,0.0,5636.42
0.0,-0.36636945605278015,0.0,5636.42
0.0,-0.385544091463089,0.0,5636.42
0.0,-0.3868010342121124,0.0,5636.42
0.0,-0.38955458998680115,0.0,5636.42
0.0,-0.396479070186615,0.0,5636.42
0.0,-0.39403849840164185,0.0,5636.42
0.0,-0.385238379240036,0.0,5636.42
0.0,-0.39339733123779297,0.0,5636.42
0.0,-0.38668856024742126,0.0,5636.42
0.0,-0.3815748691558838,0.0,5636.42
0.0,-0.38196033239364624,0.0,5636.42
0.0,-0.38162651658058167,0.0,5636.42
0.0,-0.3813554644584656,0.0,5636.42
0.0,-0.3826667368412018,0.0,5636.42
0.0,-0.38442978262901306,0.0,5636.42
0.0,-0.38492172956466675,0.0,5636.42
0.0,-0.3837960958480835,0.0,5636.42
0.0,-0.38332894444465637,0.0,5636.42
0.0,-0.3816543519496918,0.0,5636.42
0.0,-0.36750614643096924,0.0,5636.42
0.0,-0.38301628828048706,0.0,5636.42
0.0,-0.38212350010871887,0.0,5636.42
0.0,-0.38239791989326477,0.0,5636.42
0.0,-0.3815496563911438,0.0,5636.42
0.0,-0.3689342439174652,0.0,5636.42
0.0,-0.38282641768455505,0.0,5636.42
0.0,-0.368406742811203,0.0,5636.42
0.0,-0.38166385889053345,0.0,5636.42
0.0,-0.3794800341129303,0.0,5636.42
0.0,-0.36355021595954895,0.0,5636.42
0.0,-0.3670259118080139,0.0,5636.42
0.0,-0.3761458098888397,0.0,5636.42
0.0,-0.3929551839828491,0.0,5636.42
0.0,-0.39326971769332886,0.0,5636.42
0.0,-0.39411112666130066,0.0,5636.42
0.0,-0.38975903391838074,0.0,5636.42
0.0,-0.39793357253074646,0.0,5636.42
0.0,-0.39586111903190613,0.0,5636.42
0.0,-0.3942227065563202,0.0,5636.42
0.0,-0.39282068610191345,0.0,5636.42
0.0,-0.3888789415359497,0.0,5636.42
0.0,-0.38221484422683716,0.0,5636.42
0.0,-0.3629592955112457,0.0,5636.42
0.0,-0.37483757734298706,0.0,5636.42
0.0,-0.35297977924346924,0.0,5636.42
0.0,-0.37300488352775574,0.0,5636.42
0.0,-0.35722586512565613,0.0,5636.42
0.0,-0.3722326457500458,0.0,5636.42
0.0,-0.37624478340148926,0.0,5636.42
0.0,-0.376849502325058,0.0,5636.42
0.0,-0.3798811137676239,0.0,5636.42
0.0,-0.3845328986644745,0.0,5636.42
0.0,-0.38503655791282654,0.0,5636.42
0.0,-0.37228503823280334,0.0,5636.42
0.0,-0.38670670986175537,0.0,5636.42
0.0,-0.38670483231544495,0.0,5636.42
0.0,-0.3748302161693573,0.0,5636.42
0.0,-0.37359514832496643,0.0,5636.42
0.0,-0.3834591507911682,0.0,5636.42
0.0,-0.38185709714889526,0.0,5636.42
0.0,-0.36735984683036804,0.0,5636.42
0.0,-0.38004857301712036,0.0,5636.42
0.0,-0.3705565333366394,0.0,5636.42
0.0,-0.3865651786327362,0.0,5636.42
0.0,-0.37303927540779114,0.0,5636.42
0.0,-0.3852383494377136,0.0,5636.42
0.0,-0.38558050990104675,0.0,5636.42
0.0,-0.38442063331604004,0.0,5636.42
0.0,-0.3690982162952423,0.0,5636.42
0.0,-0.3812454640865326,0.0,5636.42
0.0,-0.3814393877983093,0.0,5636.42
0.0,-0.382447212934494,0.0,5636.42
0.0,-0.3733767867088318,0.0,5636.42
0.0,-0.37596768140792847,0.0,5636.42
0.0,-0.3872964084148407,0.0,5636.42
0.0,-0.38848233222961426,0.0,5636.42
0.0,-0.38546517491340637,0.0,5636.42
0.0,-0.3833537995815277,0.0,5636.42
0.0,-0.38131773471832275,0.0,5636.42
0.0,-0.3821091651916504,0.0,5636.42
0.0,-0.38229215145111084,0.0,5636.42
0.0,-0.3854479491710663,0.0,5636.42
0.0,-0.372210294008255,0.0,5636.42
0.0,-0.3894484341144562,0.0,5636.42
0.0,-0.3856325149536133,0.0,5636.42
0.0,-0.3728419244289398,0.0,5636.42
0.0,-0.3848675787448883,0.0,5636.42
0.0,-0.3800989091396332,0.0,5636.42
0.0,-0.3829105794429779,0.0,5636.42
0.0,-0.37986302375793457,0.0,5636.42
0.0,-0.3649079203605652,0.0,5636.42
