healthy,ctrl,forward,cumulative
0.0,-0.38358616828918457,0.0,6021.6626
0.0,-0.482410728931427,0.0,6021.6626
0.0,-0.4570654332637787,0.0,6021.6626
0.0,-0.4171913266181946,0.0,6021.6626
0.0,-0.48091816902160645,0.0,6021.6626
0.0,-0.4654260575771332,0.0,6021.6626
0.0,-0.4553414285182953,0.0,6021.6626
0.0,-0.46244126558303833,0.0,6021.6626
0.0,-0.4856242835521698,0.0,6021.6626
0.0,-0.5028117299079895,0.0,6021.6626
0.0,-0.45633623003959656,0.0,6021.6626
0.0,-0.4939640164375305,0.0,6021.6626
0.0,-0.4520634114742279,0.0,6021.6626
0.0,-0.49870386719703674,0.0,6021.6626
0.0,-0.5025637745857239,0.0,6021.6626
0.0,-0.5048400163650513,0.0,6021.6626
0.0,-0.4389472007751465,0.0,6021.6626
0.0,-0.50771564245224,0.0,6021.6626
0.0,-0.4944913983345032,0.0,6021.6626
0.0,-0.5029840469360352,0.0,6021.6626
0.0,-0.4982701241970062,0.0,6021.6626
0.0,-0.5005131959915161,0.0,6021.6626
0.0,-0.4989987313747406,0.0,6021.6626
0.0,-0.49667033553123474,0.0,6021.6626
0.0,-0.49892377853393555,0.0,6021.6626
0.0,-0.501379668712616,0.0,6021.6626
0.0,-0.49680835008621216,0.0,6021.6626
0.0,-0.498312383890152,0.0,6021.6626
0.0,-0.49299049377441406,0.0,6021.6626
0.0,-0.4504614770412445,0.0,6021.6626
0.0,-0.42856112122535706,0.0,6021.6626
0.0,-0.45548325777053833,0.0,6021.6626
0.0,-0.499884694814682,0.0,6021.6626
0.0,-0.4528869688510895,0.0,6021.6626
0.0,-0.5028019547462463,0.0,6021.6626
0.0,-0.5038023591041565,0.0,6021.6626
0.0,-0.4527549743652344,0.0,6021.6626
0.0,-0.48790884017944336,0.0,6021.6626
0.0,-0.441829115152359,0.0,6021.6626
0.0,-0.4449847340583801,0.0,6021.6626
0.0,-0.5029426217079163,0.0,6021.6626
0.0,-0.4429919719696045,0.0,6021.6626
0.0,-0.44744521379470825,0.0,6021.6626
0.0,-0.5030714273452759,0.0,6021.6626
0.0,-0.5047973990440369,0.0,6021.6626
0.0,-0.44920894503593445,0.0,6021.6626
0.0,-0.5028149485588074,0.0,6021.6626
0.0,-0.4990449845790863,0.0,6021.6626
0.0,-0.45137056708335876,0.0,6021.6626
0.0,-0.44192028045654297,0.0,6021.6626
0.0,-0.45238396525382996,0.0,6021.6626
0.0,-0.5009763836860657,0.0,6021.6626
0.0,-0.505128800868988,0.0,6021.6626
0.0,-0.4947171211242676,0.0,6021.6626
0.0,-0.49651670455932617,0.0,6021.6626
0.0,-0.49937009811401367,0.0,6021.6626
0.0,-0.4507538974285126,0.0,6021.6626
0.0,-0.4930149018764496,0.0,6021.6626
0.0,-0.4473304748535156,0.0,6021.6626
0.0,-0.4995017945766449,0.0,6021.6626
0.0,-0.44271525740623474,0.0,6021.6626
0.0,-0.45987868309020996,0.0,6021.6626
0.0,-0.4844833314418793,0.0,6021.6626
0.0,-0.4999380111694336,0.0,6021.6626
0.0,-0.4486430287361145,0.0,6021.6626
0.0,-0.5019118189811707,0.0,6021.6626
0.0,-0.5002546310424805,0.0,6021.6626
0.0,-0.4967198073863983,0.0,6021.6626
0.0,-0.4917524755001068,0.0,6021.6626
0.0,-0.5049152374267578,0.0,6021.6626
0.0,-0.49312907457351685,0.0,6021.6626
0.0,-0.4987180829048157,0.0,6021.6626
0.0,-0.4492020308971405,0.0,6021.6626
0.0,-0.4356997609138489,0.0,6021.6626
0.0,-0.4552273750305176,0.0,6021.6626
0.0,-0.5012503862380981,0.0,6021.6626
0.0,-0.5007261633872986,0.0,6021.6626
0.0,-0.5064188838005066,0.0,6021.6626
0.0,-0.5016778707504272,0.0,6021.6626
0.0,-0.5025267601013184,0.0,6021.6626
0.0,-0.49669286608695984,0.0,6021.6626
0.0,-0.5014687180519104,0.0,6021.6626
0.0,-0.49132251739501953,0.0,6021.6626
0.0,-0.503505289554596,0.0,6021.6626
0.0,-0.49566394090652466,0.0,6021.6626
0.0,-0.4497268795967102,0.0,6021.6626
0.0,-0.43617674708366394,0.0,6021.6626
0.0,-0.45180875062942505,0.0,6021.6626
0.0,-0.48799481987953186,0.0,6021.6626
0.0,-0.500715434551239,0.0,6021.6626
0.0,-0.4519291818141937,0.0,6021.6626
0.0,-0.49740085005760193,0.0,6021.6626
0.0,-0.45290499925613403,0.0,6021.6626
0.0,-0.5017942786216736,0.0,6021.6626
0.0,-0.49289169907569885,0.0,6021.6626
0.0,-0.4503009021282196,0.0,6021.6626
0.0,-0.45570603013038635,0.0,6021.6626
0.0,-0.437742680311203,0.0,6021.6626
0.0,-0.45571479201316833,0.0,6021.6626
0.0,-0.50362628698349,0.0,6021.6626
0.0,-0.4925787150859833,0.0,6021.6626
0.0,-0.4487980008125305,0.0,6021.6626
0.0,-0.4441251754760742,0.0,6021.6626
0.0,-0.4942728579044342,0.0,6021.6626
0.0,-0.4441061019897461,0.0,6021.6626
0.0,-0.4951534867286682,0.0,6021.6626
0.0,-0.5035468935966492,0.0,6021.6626
0.0,-0.5022796392440796,0.0,6021.6626
0.0,-0.5044828653335571,0.0,6021.6626
0.0,-0.5005294680595398,0.0,6021.6626
0.0,-0.5017980933189392,0.0,6021.6626
0.0,-0.5027177333831787,0.0,6021.6626
0.0,-0.5016950368881226,0.0,6021.6626
0.0,-0.4382753074169159,0.0,6021.6626
0.0,-0.44995519518852234,0.0,6021.6626
0.0,-0.49982815980911255,0.0,6021.6626
0.0,-0.4582192599773407,0.0,6021.6626
0.0,-0.4409151077270508,0.0,6021.6626
0.0,-0.43119046092033386,0.0,6021.6626
0.0,-0.46013185381889343,0.0,6021.6626
0.0,-0.5026629567146301,0.0,6021.6626
0.0,-0.5038446187973022,0.0,6021.6626
0.0,-0.45187661051750183,0.0,6021.6626
0.0,-0.4998917579650879,0.0,6021.6626
0.0,-0.49836498498916626,0.0,6021.6626
0.0,-0.4579198956489563,0.0,6021.6626
0.0,-0.5004526972770691,0.0,6021.6626
0.0,-0.5027143955230713,0.0,6021.6626
0.0,-0.5111224055290222,0.0,6021.6626
0.0,-0.5017415285110474,0.0,6021.6626
0.0,-0.5010116696357727,0.0,6021.6626
0.0,-0.5025213956832886,0.0,6021.6626
0.0,-0.44250717759132385,0.0,6021.6626
0.0,-0.5017113089561462,0.0,6021.6626
0.0,-0.4974001944065094,0.0,6021.6626
0.0,-0.44666868448257446,0.0,6021.6626
0.0,-0.44804564118385315,0.0,6021.6626
0.0,-0.5018381476402283,0.0,6021.6626
0.0,-0.5021182894706726,0.0,6021.6626
0.0,-0.5041346549987793,0.0,6021.6626
0.0,-0.5025753378868103,0.0,6021.6626
0.0,-0.4505036473274231,0.0,6021.6626
0.0,-0.437511682510376,0.0,6021.6626
0.0,-0.4429360330104828,0.0,6021.6626
0.0,-0.4444166123867035,0.0,6021.6626
0.0,-0.5027754306793213,0.0,6021.6626
0.0,-0.5044159293174744,0.0,6021.6626
0.0,-0.5057325959205627,0.0,6021.6626
0.0,-0.5030648112297058,0.0,6021.6626
0.0,-0.5093280076980591,0.0,6021.6626
0.0,-0.4595014154911041,0.0,6021.6626
0.0,-0.4623940587043762,0.0,6021.6626
0.0,-0.466938316822052,0.0,6021.6626
0.0,-0.47097325325012207,0.0,6021.6626
0.0,-0.4729889929294586,0.0,6021.6626
0.0,-0.4749727249145508,0.0,6021.6626
0.0,-0.47726747393608093,0.0,6021.6626
0.0,-0.4759334623813629,0.0,6021.6626
0.0,-0.45632240176200867,0.0,6021.6626
0.0,-0.506905734539032,0.0,6021.6626
0.0,-0.5024287700653076,0.0,6021.6626
0.0,-0.5089701414108276,0.0,6021.6626
0.0,-0.4995473027229309,0.0,6021.6626
0.0,-0.5046262741088867,0.0,6021.6626
0.0,-0.5007219314575195,0.0,6021.6626
0.0,-0.503511905670166,0.0,6021.6626
0.0,-0.5016660690307617,0.0,6021.6626
0.0,-0.5026121735572815,0.0,6021.6626
0.0,-0.5004830360412598,0.0,6021.6626
0.0,-0.5014882683753967,0.0,6021.6626
0.0,-0.4470764696598053,0.0,6021.6626
0.0,-0.4491541087627411,0.0,6021.6626
0.0,-0.4422432482242584,0.0,6021.6626
0.0,-0.4405284821987152,0.0,6021.6626
0.0,-0.4822005331516266,0.0,6021.6626
0.0,-0.452318400144577,0.0,6021.6626
0.0,-0.4582657814025879,0.0,6021.6626
0.0,-0.4244089722633362,0.0,6021.6626
0.0,-0.4559842050075531,0.0,6021.6626
0.0,-0.4532696306705475,0.0,6021.6626
0.0,-0.43763208389282227,0.0,6021.6626
0.0,-0.4581296145915985,0.0,6021.6626
0.0,-0.49986201524734497,0.0,6021.6626
0.0,-0.507455587387085,0.0,6021.6626
0.0,-0.44574862718582153,0.0,6021.6626
0.0,-0.4971902072429657,0.0,6021.6626
0.0,-0.44623976945877075,0.0,6021.6626
0.0,-0.4955182671546936,0.0,6021.6626
0.0,-0.5118293166160583,0.0,6021.6626
0.0,-0.5010911226272583,0.0,6021.6626
0.0,-0.49619513750076294,0.0,6021.6626
0.0,-0.44757094979286194,0.0,6021.6626
0.0,-0.4926522374153137,0.0,6021.6626
0.0,-0.4999004006385803,0.0,6021.6626
0.0,-0.44467470049858093,0.0,6021.6626
0.0,-0.4440414607524872,0.0,6021.6626
0.0,-0.5015566945075989,0.0,6021.6626
0.0,-0.507867693901062,0.0,6021.6626
0.0,-0.503127932548523,0.0,6021.6626
0.0,-0.5015258193016052,0.0,6021.6626
0.0,-0.5019063353538513,0.0,6021.6626
0.0,-0.498591810464859,0.0,6021.6626
0.0,-0.5044251084327698,0.0,6021.6626
0.0,-0.4358787536621094,0.0,6021.6626
0.0,-0.4536200165748596,0.0,6021.6626
0.0,-0.49313884973526,0.0,6021.6626
0.0,-0.4988020062446594,0.0,6021.6626
0.0,-0.4567745327949524,0.0,6021.6626
0.0,-0.4990893006324768,0.0,6021.6626
0.0,-0.505781888961792,0.0,6021.6626
0.0,-0.5042151808738708,0.0,6021.6626
0.0,-0.5031879544258118,0.0,6021.6626
0.0,-0.44050127267837524,0.0,6021.6626
0.0,-0.4429740607738495,0.0,6021.6626
0.0,-0.43598461151123047,0.0,6021.6626
0.0,-0.45467114448547363,0.0,6021.6626
0.0,-0.43777021765708923,0.0,6021.6626
0.0,-0.4491231143474579,0.0,6021.6626
0.0,-0.500385582447052,0.0,6021.6626
0.0,-0.5042232275009155,0.0,6021.6626
0.0,-0.5028796792030334,0.0,6021.6626
0.0,-0.506591260433197,0.0,6021.6626
0.0,-0.4996418058872223,0.0,6021.6626
0.0,-0.49996668100357056,0.0,6021.6626
0.0,-0.5020458102226257,0.0,6021.6626
0.0,-0.43864497542381287,0.0,6021.6626
0.0,-0.5033562183380127,0.0,6021.6626
0.0,-0.5024173855781555,0.0,6021.6626
0.0,-0.5064606666564941,0.0,6021.6626
0.0,-0.49855509400367737,0.0,6021.6626
0.0,-0.4501393437385559,0.0,6021.6626
0.0,-0.5025262236595154,0.0,6021.6626
0.0,-0.5027734041213989,0.0,6021.6626
0.0,-0.44595250487327576,0.0,6021.6626
0.0,-0.4916146397590637,0.0,6021.6626
0.0,-0.43850037455558777,0.0,6021.6626
0.0,-0.45628008246421814,0.0,6021.6626
0.0,-0.44342365860939026,0.0,6021.6626
0.0,-0.444056898355484,0.0,6021.6626
0.0,-0.45532941818237305,0.0,6021.6626
0.0,-0.4988285005092621,0.0,6021.6626
0.0,-0.4505424499511719,0.0,6021.6626
0.0,-0.4975656569004059,0.0,6021.6626
0.0,-0.499575138092041,0.0,6021.6626
0.0,-0.44915419816970825,0.0,6021.6626
0.0,-0.5011665225028992,0.0,6021.6626
0.0,-0.5031223893165588,0.0,6021.6626
0.0,-0.503980278968811,0.0,6021.6626
0.0,-0.4959477484226227,0.0,6021.6626
0.0,-0.5049979090690613,0.0,6021.6626
0.0,-0.4919004440307617,0.0,6021.6626
0.0,-0.4478323459625244,0.0,6021.6626
0.0,-0.44232526421546936,0.0,6021.6626
0.0,-0.43146178126335144,0.0,6021.6626
0.0,-0.4558674395084381,0.0,6021.6626
0.0,-0.4413328170776367,0.0,6021.6626
0.0,-0.45269709825515747,0.0,6021.6626
0.0,-0.5005660653114319,0.0,6021.6626
0.0,-0.44892391562461853,0.0,6021.6626
0.0,-0.5039249062538147,0.0,6021.6626
0.0,-0.503291666507721,0.0,6021.6626
0.0,-0.4984354078769684,0.0,6021.6626
0.0,-0.45181867480278015,0.0,6021.6626
0.0,-0.44573327898979187,0.0,6021.6626
0.0,-0.4477137625217438,0.0,6021.6626
0.0,-0.44430872797966003,0.0,6021.6626
0.0,-0.44643527269363403,0.0,6021.6626
0.0,-0.5021113753318787,0.0,6021.6626
0.0,-0.44854527711868286,0.0,6021.6626
0.0,-0.5036361813545227,0.0,6021.6626
0.0,-0.4472571909427643,0.0,6021.6626
0.0,-0.44733449816703796,0.0,6021.6626
0.0,-0.49758005142211914,0.0,6021.6626
0.0,-0.4441584646701813,0.0,6021.6626
0.0,-0.4993143081665039,0.0,6021.6626
0.0,-0.49738022685050964,0.0,6021.6626
0.0,-0.4503112733364105,0.0,6021.6626
0.0,-0.4954321086406708,0.0,6021.6626
0.0,-0.505471408367157,0.0,6021.6626
0.0,-0.44479671120643616,0.0,6021.6626
0.0,-0.5047912001609802,0.0,6021.6626
0.0,-0.5009828805923462,0.0,6021.6626
0.0,-0.5043862462043762,0.0,6021.6626
0.0,-0.5003690719604492,0.0,6021.6626
0.0,-0.501698911190033,0.0,6021.6626
0.0,-0.4370737075805664,0.0,6021.6626
0.0,-0.44462481141090393,0.0,6021.6626
0.0,-0.44959649443626404,0.0,6021.6626
0.0,-0.4988119602203369,0.0,6021.6626
0.0,-0.49864181876182556,0.0,6021.6626
0.0,-0.4492410719394684,0.0,6021.6626
0.0,-0.5014960169792175,0.0,6021.6626
0.0,-0.49916884303092957,0.0,6021.6626
0.0,-0.5042904615402222,0.0,6021.6626
0.0,-0.49817726016044617,0.0,6021.6626
0.0,-0.5004345774650574,0.0,6021.6626
0.0,-0.49864205718040466,0.0,6021.6626
0.0,-0.4412507116794586,0.0,6021.6626
0.0,-0.5023769736289978,0.0,6021.6626
0.0,-0.4964747428894043,0.0,6021.6626
0.0,-0.5019086003303528,0.0,6021.6626
0.0,-0.5026148557662964,0.0,6021.6626
0.0,-0.50307297706604,0.0,6021.6626
0.0,-0.503166139125824,0.0,6021.6626
0.0,-0.5018351078033447,0.0,6021.6626
0.0,-0.503402054309845,0.0,6021.6626
0.0,-0.49403366446495056,0.0,6021.6626
0.0,-0.49552199244499207,0.0,6021.6626
0.0,-0.5036985874176025,0.0,6021.6626
0.0,-0.4931630790233612,0.0,6021.6626
0.0,-0.44656896591186523,0.0,6021.6626
0.0,-0.49761253595352173,0.0,6021.6626
0.0,-0.49880847334861755,0.0,6021.6626
0.0,-0.5031422972679138,0.0,6021.6626
0.0,-0.4951503872871399,0.0,6021.6626
0.0,-0.4527060091495514,0.0,6021.6626
0.0,-0.5002714991569519,0.0,6021.6626
0.0,-0.5017055869102478,0.0,6021.6626
0.0,-0.49890613555908203,0.0,6021.6626
0.0,-0.49762335419654846,0.0,6021.6626
0.0,-0.4427562654018402,0.0,6021.6626
0.0,-0.5029955506324768,0.0,6021.6626
0.0,-0.503268301486969,0.0,6021.6626
0.0,-0.5023847222328186,0.0,6021.6626
0.0,-0.4956177771091461,0.0,6021.6626
0.0,-0.4501623213291168,0.0,6021.6626
0.0,-0.43403616547584534,0.0,6021.6626
0.0,-0.4513266682624817,0.0,6021.6626
0.0,-0.4926906228065491,0.0,6021.6626
0.0,-0.44706568121910095,0.0,6021.6626
0.0,-0.44934841990470886,0.0,6021.6626
0.0,-0.4999634921550751,0.0,6021.6626
0.0,-0.4572267234325409,0.0,6021.6626
0.0,-0.5013336539268494,0.0,6021.6626
0.0,-0.4968843460083008,0.0,6021.6626
0.0,-0.4492327868938446,0.0,6021.6626
0.0,-0.4259593188762665,0.0,6021.6626
0.0,-0.5054923295974731,0.0,6021.6626
0.0,-0.4946514070034027,0.0,6021.6626
0.0,-0.5042677521705627,0.0,6021.6626
0.0,-0.4404810070991516,0.0,6021.6626
0.0,-0.4539565145969391,0.0,6021.6626
0.0,-0.444105863571167,0.0,6021.6626
0.0,-0.5056662559509277,0.0,6021.6626
0.0,-0.5100936889648438,0.0,6021.6626
0.0,-0.4942098557949066,0.0,6021.6626
0.0,-0.49845200777053833,0.0,6021.6626
0.0,-0.5130839347839355,0.0,6021.6626
0.0,-0.4989891052246094,0.0,6021.6626
0.0,-0.5012592673301697,0.0,6021.6626
0.0,-0.4976886808872223,0.0,6021.6626
0.0,-0.44879817962646484,0.0,6021.6626
0.0,-0.4952225685119629,0.0,6021.6626
0.0,-0.4421769082546234,0.0,6021.6626
0.0,-0.5043291449546814,0.0,6021.6626
0.0,-0.5014472603797913,0.0,6021.6626
0.0,-0.438132107257843,0.0,6021.6626
0.0,-0.4561145007610321,0.0,6021.6626
0.0,-0.4340302646160126,0.0,6021.6626
0.0,-0.4557047486305237,0.0,6021.6626
0.0,-0.5080526471138,0.0,6021.6626
0.0,-0.4973275363445282,0.0,6021.6626
0.0,-0.5005522966384888,0.0,6021.6626
0.0,-0.45200759172439575,0.0,6021.6626
0.0,-0.4988640248775482,0.0,6021.6626
0.0,-0.5093234777450562,0.0,6021.6626
0.0,-0.4970436990261078,0.0,6021.6626
0.0,-0.5040214657783508,0.0,6021.6626
0.0,-0.4967195689678192,0.0,6021.6626
0.0,-0.49981269240379333,0.0,6021.6626
0.0,-0.5019478797912598,0.0,6021.6626
0.0,-0.5027489066123962,0.0,6021.6626
0.0,-0.45265278220176697,0.0,6021.6626
0.0,-0.5003096461296082,0.0,6021.6626
0.0,-0.5054954886436462,0.0,6021.6626
0.0,-0.44405484199523926,0.0,6021.6626
0.0,-0.44387826323509216,0.0,6021.6626
0.0,-0.4397854804992676,0.0,6021.6626
0.0,-0.4970601201057434,0.0,6021.6626
0.0,-0.4965401589870453,0.0,6021.6626
0.0,-0.4480578601360321,0.0,6021.6626
0.0,-0.50789475440979,0.0,6021.6626
0.0,-0.5010664463043213,0.0,6021.6626
0.0,-0.4537590444087982,0.0,6021.6626
0.0,-0.4946000277996063,0.0,6021.6626
0.0,-0.45318570733070374,0.0,6021.6626
0.0,-0.500089168548584,0.0,6021.6626
0.0,-0.5027367472648621,0.0,6021.6626
0.0,-0.497394323348999,0.0,6021.6626
0.0,-0.49738699197769165,0.0,6021.6626
0.0,-0.5041093230247498,0.0,6021.6626
0.0,-0.43660980463027954,0.0,6021.6626
0.0,-0.5053691267967224,0.0,6021.6626
0.0,-0.4977227747440338,0.0,6021.6626
0.0,-0.5034469962120056,0.0,6021.6626
0.0,-0.4953124225139618,0.0,6021.6626
0.0,-0.4971231520175934,0.0,6021.6626
0.0,-0.5040919184684753,0.0,6021.6626
0.0,-0.49104762077331543,0.0,6021.6626
0.0,-0.5035389065742493,0.0,6021.6626
0.0,-0.4337911605834961,0.0,6021.6626
0.0,-0.5036309957504272,0.0,6021.6626
0.0,-0.49179360270500183,0.0,6021.6626
0.0,-0.492445707321167,0.0,6021.6626
0.0,-0.4972310960292816,0.0,6021.6626
0.0,-0.5050882697105408,0.0,6021.6626
0.0,-0.5009767413139343,0.0,6021.6626
0.0,-0.50523442029953,0.0,6021.6626
0.0,-0.5009925365447998,0.0,6021.6626
0.0,-0.5033716559410095,0.0,6021.6626
0.0,-0.44146251678466797,0.0,6021.6626
0.0,-0.49961620569229126,0.0,6021.6626
0.0,-0.4415554106235504,0.0,6021.6626
0.0,-0.4386307895183563,0.0,6021.6626
0.0,-0.4503076672554016,0.0,6021.6626
0.0,-0.5008760094642639,0.0,6021.6626
0.0,-0.5020507574081421,0.0,6021.6626
0.0,-0.44267961382865906,0.0,6021.6626
0.0,-0.44820985198020935,0.0,6021.6626
0.0,-0.4430695176124573,0.0,6021.6626
0.0,-0.4545283913612366,0.0,6021.6626
0.0,-0.4332443177700043,0.0,6021.6626
0.0,-0.4512515962123871,0.0,6021.6626
0.0,-0.4938335418701172,0.0,6021.6626
0.0,-0.4994364380836487,0.0,6021.6626
0.0,-0.4516904950141907,0.0,6021.6626
0.0,-0.4853347837924957,0.0,6021.6626
0.0,-0.44219979643821716,0.0,6021.6626
0.0,-0.491504043340683,0.0,6021.6626
0.0,-0.44589492678642273,0.0,6021.6626
0.0,-0.4431331753730774,0.0,6021.6626
0.0,-0.45359155535697937,0.0,6021.6626
0.0,-0.44206079840660095,0.0,6021.6626
0.0,-0.4521036744117737,0.0,6021.6626
0.0,-0.4472147524356842,0.0,6021.6626
0.0,-0.44015392661094666,0.0,6021.6626
0.0,-0.4972050189971924,0.0,6021.6626
0.0,-0.44485950469970703,0.0,6021.6626
0.0,-0.5000739097595215,0.0,6021.6626
0.0,-0.4949076771736145,0.0,6021.6626
0.0,-0.5074447989463806,0.0,6021.6626
0.0,-0.4478603005409241,0.0,6021.6626
0.0,-0.4957718849182129,0.0,6021.6626
0.0,-0.4524712562561035,0.0,6021.6626
0.0,-0.43412962555885315,0.0,6021.6626
0.0,-0.4529140591621399,0.0,6021.6626
0.0,-0.4330602288246155,0.0,6021.6626
0.0,-0.45088693499565125,0.0,6021.6626
0.0,-0.5002415776252747,0.0,6021.6626
0.0,-0.4421806335449219,0.0,6021.6626
0.0,-0.4409812390804291,0.0,6021.6626
0.0,-0.4426444172859192,0.0,6021.6626
0.0,-0.45209774374961853,0.0,6021.6626
0.0,-0.44315776228904724,0.0,6021.6626
0.0,-0.4453282356262207,0.0,6021.6626
0.0,-0.5024892687797546,0.0,6021.6626
0.0,-0.5007650852203369,0.0,6021.6626
0.0,-0.45167508721351624,0.0,6021.6626
0.0,-0.5011622309684753,0.0,6021.6626
0.0,-0.44869285821914673,0.0,6021.6626
0.0,-0.4463730454444885,0.0,6021.6626
0.0,-0.44739899039268494,0.0,6021.6626
0.0,-0.4496932923793793,0.0,6021.6626
0.0,-0.44281989336013794,0.0,6021.6626
0.0,-0.439808189868927,0.0,6021.6626
0.0,-0.44089266657829285,0.0,6021.6626
0.0,-0.5087189078330994,0.0,6021.6626
0.0,-0.5053253769874573,0.0,6021.6626
0.0,-0.5012934803962708,0.0,6021.6626
0.0,-0.4536612927913666,0.0,6021.6626
0.0,-0.4971884787082672,0.0,6021.6626
0.0,-0.5041811466217041,0.0,6021.6626
0.0,-0.5076680779457092,0.0,6021.6626
0.0,-0.49433204531669617,0.0,6021.6626
0.0,-0.4457493722438812,0.0,6021.6626
0.0,-0.4926620125770569,0.0,6021.6626
0.0,-0.505488395690918,0.0,6021.6626
0.0,-0.500058114528656,0.0,6021.6626
0.0,-0.45229655504226685,0.0,6021.6626
0.0,-0.4458184838294983,0.0,6021.6626
0.0,-0.4962008595466614,0.0,6021.6626
0.0,-0.5065436363220215,0.0,6021.6626
0.0,-0.5017327666282654,0.0,6021.6626
0.0,-0.5075739026069641,0.0,6021.6626
0.0,-0.4970468580722809,0.0,6021.6626
0.0,-0.5011950731277466,0.0,6021.6626
0.0,-0.5001279711723328,0.0,6021.6626
0.0,-0.500006377696991,0.0,6021.6626
0.0,-0.5015658736228943,0.0,6021.6626
0.0,-0.5009474158287048,0.0,6021.6626
0.0,-0.5024635195732117,0.0,6021.6626
0.0,-0.5029963850975037,0.0,6021.6626
0.0,-0.44609689712524414,0.0,6021.6626
0.0,-0.43533116579055786,0.0,6021.6626
0.0,-0.49855825304985046,0.0,6021.6626
0.0,-0.5057139992713928,0.0,6021.6626
0.0,-0.5037250518798828,0.0,6021.6626
0.0,-0.4995496869087219,0.0,6021.6626
0.0,-0.5074101090431213,0.0,6021.6626
0.0,-0.5016030669212341,0.0,6021.6626
0.0,-0.44979795813560486,0.0,6021.6626
0.0,-0.5005341172218323,0.0,6021.6626
0.0,-0.4998098313808441,0.0,6021.6626
0.0,-0.501879096031189,0.0,6021.6626
0.0,-0.4372563362121582,0.0,6021.6626
0.0,-0.5115452408790588,0.0,6021.6626
0.0,-0.496488094329834,0.0,6021.6626
0.0,-0.5023965239524841,0.0,6021.6626
0.0,-0.49772873520851135,0.0,6021.6626
0.0,-0.49655914306640625,0.0,6021.6626
0.0,-0.4962557852268219,0.0,6021.6626
0.0,-0.4493142068386078,0.0,6021.6626
0.0,-0.49280858039855957,0.0,6021.6626
0.0,-0.5043715834617615,0.0,6021.6626
0.0,-0.5001702904701233,0.0,6021.6626
0.0,-0.5034591555595398,0.0,6021.6626
0.0,-0.5010506510734558,0.0,6021.6626
0.0,-0.49677857756614685,0.0,6021.6626
0.0,-0.49547216296195984,0.0,6021.6626
0.0,-0.501120924949646,0.0,6021.6626
0.0,-0.4481055438518524,0.0,6021.6626
0.0,-0.43135562539100647,0.0,6021.6626
0.0,-0.45931535959243774,0.0,6021.6626
0.0,-0.4943262040615082,0.0,6021.6626
0.0,-0.4541569650173187,0.0,6021.6626
0.0,-0.5082082152366638,0.0,6021.6626
0.0,-0.49766215682029724,0.0,6021.6626
0.0,-0.5012634992599487,0.0,6021.6626
0.0,-0.4506088197231293,0.0,6021.6626
0.0,-0.5003423094749451,0.0,6021.6626
0.0,-0.5089821815490723,0.0,6021.6626
0.0,-0.43960878252983093,0.0,6021.6626
0.0,-0.44822025299072266,0.0,6021.6626
0.0,-0.44336214661598206,0.0,6021.6626
0.0,-0.44314318895339966,0.0,6021.6626
0.0,-0.44557449221611023,0.0,6021.6626
0.0,-0.502970814704895,0.0,6021.6626
0.0,-0.4933716952800751,0.0,6021.6626
0.0,-0.4507486820220947,0.0,6021.6626
0.0,-0.44249674677848816,0.0,6021.6626
0.0,-0.4538896679878235,0.0,6021.6626
0.0,-0.49059954285621643,0.0,6021.6626
0.0,-0.4545968174934387,0.0,6021.6626
0.0,-0.49792271852493286,0.0,6021.6626
0.0,-0.5003127455711365,0.0,6021.6626
0.0,-0.5010642409324646,0.0,6021.6626
0.0,-0.49634477496147156,0.0,6021.6626
0.0,-0.5002240538597107,0.0,6021.6626
0.0,-0.5039172172546387,0.0,6021.6626
0.0,-0.5021483898162842,0.0,6021.6626
0.0,-0.5083379149436951,0.0,6021.6626
0.0,-0.501229465007782,0.0,6021.6626
0.0,-0.5020429491996765,0.0,6021.6626
0.0,-0.5036628246307373,0.0,6021.6626
0.0,-0.503005862236023,0.0,6021.6626
0.0,-0.44832363724708557,0.0,6021.6626
0.0,-0.43638330698013306,0.0,6021.6626
0.0,-0.4475800693035126,0.0,6021.6626
0.0,-0.4943508803844452,0.0,6021.6626
0.0,-0.4490427076816559,0.0,6021.6626
0.0,-0.5079100131988525,0.0,6021.6626
0.0,-0.49907398223876953,0.0,6021.6626
0.0,-0.452974408864975,0.0,6021.6626
0.0,-0.4438682496547699,0.0,6021.6626
0.0,-0.44596225023269653,0.0,6021.6626
0.0,-0.5005913376808167,0.0,6021.6626
0.0,-0.5052815675735474,0.0,6021.6626
0.0,-0.45262619853019714,0.0,6021.6626
0.0,-0.5001630187034607,0.0,6021.6626
0.0,-0.450145959854126,0.0,6021.6626
0.0,-0.4422129690647125,0.0,6021.6626
0.0,-0.490346759557724,0.0,6021.6626
0.0,-0.45568400621414185,0.0,6021.6626
0.0,-0.45304879546165466,0.0,6021.6626
0.0,-0.49452072381973267,0.0,6021.6626
0.0,-0.45745858550071716,0.0,6021.6626
0.0,-0.5003176331520081,0.0,6021.6626
0.0,-0.4814368188381195,0.0,6021.6626
0.0,-0.4517054557800293,0.0,6021.6626
0.0,-0.5013100504875183,0.0,6021.6626
0.0,-0.482199490070343,0.0,6021.6626
0.0,-0.5116411447525024,0.0,6021.6626
0.0,-0.4548376202583313,0.0,6021.6626
0.0,-0.4934966564178467,0.0,6021.6626
0.0,-0.4479060769081116,0.0,6021.6626
0.0,-0.5063284039497375,0.0,6021.6626
0.0,-0.4455309808254242,0.0,6021.6626
0.0,-0.4474011957645416,0.0,6021.6626
0.0,-0.42942020297050476,0.0,6021.6626
0.0,-0.5013926029205322,0.0,6021.6626
0.0,-0.5068318843841553,0.0,6021.6626
0.0,-0.5051526427268982,0.0,6021.6626
0.0,-0.4451826214790344,0.0,6021.6626
0.0,-0.4508383870124817,0.0,6021.6626
0.0,-0.4968875050544739,0.0,6021.6626
0.0,-0.5082101225852966,0.0,6021.6626
0.0,-0.5031747221946716,0.0,6021.6626
0.0,-0.5020982623100281,0.0,6021.6626
0.0,-0.445939838886261,0.0,6021.6626
0.0,-0.4354720115661621,0.0,6021.6626
0.0,-0.49760380387306213,0.0,6021.6626
0.0,-0.5057472586631775,0.0,6021.6626
0.0,-0.4436171054840088,0.0,6021.6626
0.0,-0.4434841573238373,0.0,6021.6626
0.0,-0.5015118718147278,0.0,6021.6626
0.0,-0.506879985332489,0.0,6021.6626
0.0,-0.49899742007255554,0.0,6021.6626
0.0,-0.49431344866752625,0.0,6021.6626
0.0,-0.44983968138694763,0.0,6021.6626
0.0,-0.4495343863964081,0.0,6021.6626
0.0,-0.5009088516235352,0.0,6021.6626
0.0,-0.4505302608013153,0.0,6021.6626
0.0,-0.44070670008659363,0.0,6021.6626
0.0,-0.4998001158237457,0.0,6021.6626
0.0,-0.504271924495697,0.0,6021.6626
0.0,-0.5006489753723145,0.0,6021.6626
0.0,-0.5005049705505371,0.0,6021.6626
0.0,-0.44054222106933594,0.0,6021.6626
0.0,-0.43842360377311707,0.0,6021.6626
0.0,-0.4559863209724426,0.0,6021.6626
0.0,-0.4992274343967438,0.0,6021.6626
0.0,-0.44401127099990845,0.0,6021.6626
0.0,-0.45524469017982483,0.0,6021.6626
0.0,-0.43495678901672363,0.0,6021.6626
0.0,-0.4505860507488251,0.0,6021.6626
0.0,-0.49943995475769043,0.0,6021.6626
0.0,-0.5026427507400513,0.0,6021.6626
0.0,-0.5072441101074219,0.0,6021.6626
0.0,-0.4417670667171478,0.0,6021.6626
0.0,-0.4439583420753479,0.0,6021.6626
0.0,-0.43994084000587463,0.0,6021.6626
0.0,-0.44191017746925354,0.0,6021.6626
0.0,-0.4412270486354828,0.0,6021.6626
0.0,-0.4474948048591614,0.0,6021.6626
0.0,-0.5005399584770203,0.0,6021.6626
0.0,-0.45065364241600037,0.0,6021.6626
0.0,-0.5007385611534119,0.0,6021.6626
0.0,-0.5026833415031433,0.0,6021.6626
0.0,-0.4471844732761383,0.0,6021.6626
0.0,-0.5021455883979797,0.0,6021.6626
0.0,-0.5023946166038513,0.0,6021.6626
0.0,-0.4432010352611542,0.0,6021.6626
0.0,-0.4466771185398102,0.0,6021.6626
0.0,-0.4458252489566803,0.0,6021.6626
0.0,-0.4477200508117676,0.0,6021.6626
0.0,-0.4496760368347168,0.0,6021.6626
0.0,-0.43997737765312195,0.0,6021.6626
0.0,-0.506848931312561,0.0,6021.6626
0.0,-0.5015361905097961,0.0,6021.6626
0.0,-0.5034883618354797,0.0,6021.6626
0.0,-0.5001162886619568,0.0,6021.6626
0.0,-0.5047028064727783,0.0,6021.6626
0.0,-0.5033494234085083,0.0,6021.6626
0.0,-0.5027251243591309,0.0,6021.6626
0.0,-0.5041170120239258,0.0,6021.6626
0.0,-0.5017322897911072,0.0,6021.6626
0.0,-0.49943456053733826,0.0,6021.6626
0.0,-0.44141075015068054,0.0,6021.6626
0.0,-0.44391176104545593,0.0,6021.6626
0.0,-0.5000988245010376,0.0,6021.6626
0.0,-0.4960425794124603,0.0,6021.6626
0.0,-0.44991904497146606,0.0,6021.6626
0.0,-0.44334888458251953,0.0,6021.6626
0.0,-0.4980970323085785,0.0,6021.6626
0.0,-0.45208826661109924,0.0,6021.6626
0.0,-0.501592755317688,0.0,6021.6626
0.0,-0.502288281917572,0.0,6021.6626
0.0,-0.5078088641166687,0.0,6021.6626
0.0,-0.5012935400009155,0.0,6021.6626
0.0,-0.44453975558280945,0.0,6021.6626
0.0,-0.5000942945480347,0.0,6021.6626
0.0,-0.5090940594673157,0.0,6021.6626
0.0,-0.45109254121780396,0.0,6021.6626
0.0,-0.49770545959472656,0.0,6021.6626
0.0,-0.45192447304725647,0.0,6021.6626
0.0,-0.4989508092403412,0.0,6021.6626
0.0,-0.502921462059021,0.0,6021.6626
0.0,-0.5031601786613464,0.0,6021.6626
0.0,-0.49588003754615784,0.0,6021.6626
0.0,-0.5020824074745178,0.0,6021.6626
0.0,-0.4992382228374481,0.0,6021.6626
0.0,-0.5023341774940491,0.0,6021.6626
0.0,-0.5010961890220642,0.0,6021.6626
0.0,-0.5028719305992126,0.0,6021.6626
0.0,-0.50315922498703,0.0,6021.6626
0.0,-0.5010332465171814,0.0,6021.6626
0.0,-0.5014259219169617,0.0,6021.6626
0.0,-0.49600860476493835,0.0,6021.6626
0.0,-0.4430902898311615,0.0,6021.6626
0.0,-0.4979289174079895,0.0,6021.6626
0.0,-0.49990835785865784,0.0,6021.6626
0.0,-0.45958325266838074,0.0,6021.6626
0.0,-0.43812042474746704,0.0,6021.6626
0.0,-0.45147448778152466,0.0,6021.6626
0.0,-0.5048871040344238,0.0,6021.6626
0.0,-0.5055065751075745,0.0,6021.6626
0.0,-0.5083503127098083,0.0,6021.6626
0.0,-0.5012309551239014,0.0,6021.6626
0.0,-0.4414379298686981,0.0,6021.6626
0.0,-0.4497095048427582,0.0,6021.6626
0.0,-0.4442715346813202,0.0,6021.6626
0.0,-0.5038871169090271,0.0,6021.6626
0.0,-0.4443110525608063,0.0,6021.6626
0.0,-0.49877873063087463,0.0,6021.6626
0.0,-0.44970056414604187,0.0,6021.6626
0.0,-0.5004011988639832,0.0,6021.6626
0.0,-0.5000330209732056,0.0,6021.6626
0.0,-0.501434326171875,0.0,6021.6626
0.0,-0.493593692779541,0.0,6021.6626
0.0,-0.45492926239967346,0.0,6021.6626
0.0,-0.4957284927368164,0.0,6021.6626
0.0,-0.4543078541755676,0.0,6021.6626
0.0,-0.4399917721748352,0.0,6021.6626
0.0,-0.4969728887081146,0.0,6021.6626
0.0,-0.5059172511100769,0.0,6021.6626
0.0,-0.5009364485740662,0.0,6021.6626
0.0,-0.5017196536064148,0.0,6021.6626
0.0,-0.5004749894142151,0.0,6021.6626
0.0,-0.4954429268836975,0.0,6021.6626
0.0,-0.4444676339626312,0.0,6021.6626
0.0,-0.44331094622612,0.0,6021.6626
0.0,-0.4495614171028137,0.0,6021.6626
0.0,-0.5004507899284363,0.0,6021.6626
0.0,-0.4519798457622528,0.0,6021.6626
0.0,-0.5078262686729431,0.0,6021.6626
0.0,-0.4992868900299072,0.0,6021.6626
0.0,-0.4590424597263336,0.0,6021.6626
0.0,-0.4294836223125458,0.0,6021.6626
0.0,-0.45180854201316833,0.0,6021.6626
0.0,-0.4970065653324127,0.0,6021.6626
0.0,-0.5052780508995056,0.0,6021.6626
0.0,-0.5070962309837341,0.0,6021.6626
0.0,-0.5009014010429382,0.0,6021.6626
0.0,-0.5022154450416565,0.0,6021.6626
0.0,-0.4443340003490448,0.0,6021.6626
0.0,-0.49284765124320984,0.0,6021.6626
0.0,-0.44615116715431213,0.0,6021.6626
0.0,-0.44185420870780945,0.0,6021.6626
0.0,-0.4518616795539856,0.0,6021.6626
0.0,-0.44032612442970276,0.0,6021.6626
0.0,-0.45684441924095154,0.0,6021.6626
0.0,-0.4989541471004486,0.0,6021.6626
0.0,-0.45013782382011414,0.0,6021.6626
0.0,-0.5085000991821289,0.0,6021.6626
0.0,-0.5001299977302551,0.0,6021.6626
0.0,-0.45476046204566956,0.0,6021.6626
0.0,-0.49846234917640686,0.0,6021.6626
0.0,-0.44571954011917114,0.0,6021.6626
0.0,-0.4554778039455414,0.0,6021.6626
0.0,-0.44275781512260437,0.0,6021.6626
0.0,-0.4514158368110657,0.0,6021.6626
0.0,-0.5062483549118042,0.0,6021.6626
0.0,-0.4438861310482025,0.0,6021.6626
0.0,-0.4525606334209442,0.0,6021.6626
0.0,-0.44204336404800415,0.0,6021.6626
0.0,-0.5053209066390991,0.0,6021.6626
0.0,-0.49814388155937195,0.0,6021.6626
0.0,-0.4505225121974945,0.0,6021.6626
0.0,-0.5016592144966125,0.0,6021.6626
0.0,-0.49780139327049255,0.0,6021.6626
0.0,-0.4506441056728363,0.0,6021.6626
0.0,-0.4986654222011566,0.0,6021.6626
0.0,-0.5070685744285583,0.0,6021.6626
0.0,-0.439808189868927,0.0,6021.6626
0.0,-0.45168042182922363,0.0,6021.6626
0.0,-0.4421391487121582,0.0,6021.6626
0.0,-0.443368524312973,0.0,6021.6626
0.0,-0.4506908357143402,0.0,6021.6626
0.0,-0.4939301908016205,0.0,6021.6626
0.0,-0.4481039047241211,0.0,6021.6626
0.0,-0.43552350997924805,0.0,6021.6626
0.0,-0.5015042424201965,0.0,6021.6626
0.0,-0.44805198907852173,0.0,6021.6626
0.0,-0.4483214318752289,0.0,6021.6626
0.0,-0.44410696625709534,0.0,6021.6626
0.0,-0.5027305483818054,0.0,6021.6626
0.0,-0.5062019228935242,0.0,6021.6626
0.0,-0.4513331353664398,0.0,6021.6626
0.0,-0.4440314471721649,0.0,6021.6626
0.0,-0.5037574768066406,0.0,6021.6626
0.0,-0.505266547203064,0.0,6021.6626
0.0,-0.44866156578063965,0.0,6021.6626
0.0,-0.4924662709236145,0.0,6021.6626
0.0,-0.4529903531074524,0.0,6021.6626
0.0,-0.4552516043186188,0.0,6021.6626
0.0,-0.4857771396636963,0.0,6021.6626
0.0,-0.4530494809150696,0.0,6021.6626
0.0,-0.49804526567459106,0.0,6021.6626
0.0,-0.4995751976966858,0.0,6021.6626
0.0,-0.5016671419143677,0.0,6021.6626
0.0,-0.49839410185813904,0.0,6021.6626
0.0,-0.500378429889679,0.0,6021.6626
0.0,-0.5012978911399841,0.0,6021.6626
0.0,-0.5008997321128845,0.0,6021.6626
0.0,-0.5014433860778809,0.0,6021.6626
0.0,-0.49576351046562195,0.0,6021.6626
0.0,-0.5048679709434509,0.0,6021.6626
0.0,-0.49455052614212036,0.0,6021.6626
0.0,-0.5053738951683044,0.0,6021.6626
0.0,-0.45412835478782654,0.0,6021.6626
0.0,-0.4975820481777191,0.0,6021.6626
0.0,-0.5084212422370911,0.0,6021.6626
0.0,-0.501407265663147,0.0,6021.6626
0.0,-0.44892340898513794,0.0,6021.6626
0.0,-0.49744901061058044,0.0,6021.6626
0.0,-0.5006831288337708,0.0,6021.6626
0.0,-0.50618577003479,0.0,6021.6626
0.0,-0.5011894106864929,0.0,6021.6626
0.0,-0.4984193742275238,0.0,6021.6626
0.0,-0.44164592027664185,0.0,6021.6626
0.0,-0.49134811758995056,0.0,6021.6626
0.0,-0.5049164295196533,0.0,6021.6626
0.0,-0.44251736998558044,0.0,6021.6626
0.0,-0.4537235200405121,0.0,6021.6626
0.0,-0.48897287249565125,0.0,6021.6626
0.0,-0.502530038356781,0.0,6021.6626
0.0,-0.49707290530204773,0.0,6021.6626
0.0,-0.43967318534851074,0.0,6021.6626
0.0,-0.495218962430954,0.0,6021.6626
0.0,-0.5029770731925964,0.0,6021.6626
0.0,-0.49139735102653503,0.0,6021.6626
0.0,-0.452244371175766,0.0,6021.6626
0.0,-0.43489009141921997,0.0,6021.6626
0.0,-0.49674224853515625,0.0,6021.6626
0.0,-0.4339982569217682,0.0,6021.6626
0.0,-0.44881948828697205,0.0,6021.6626
0.0,-0.4334556758403778,0.0,6021.6626
0.0,-0.44545578956604004,0.0,6021.6626
0.0,-0.49303218722343445,0.0,6021.6626
0.0,-0.444800466299057,0.0,6021.6626
0.0,-0.4572916030883789,0.0,6021.6626
0.0,-0.44070178270339966,0.0,6021.6626
0.0,-0.44892725348472595,0.0,6021.6626
0.0,-0.49546584486961365,0.0,6021.6626
0.0,-0.49617132544517517,0.0,6021.6626
0.0,-0.45276615023612976,0.0,6021.6626
0.0,-0.4883367717266083,0.0,6021.6626
0.0,-0.4589403569698334,0.0,6021.6626
0.0,-0.45354339480400085,0.0,6021.6626
0.0,-0.4268828332424164,0.0,6021.6626
0.0,-0.45334553718566895,0.0,6021.6626
0.0,-0.45218321681022644,0.0,6021.6626
0.0,-0.4331606328487396,0.0,6021.6626
0.0,-0.45609918236732483,0.0,6021.6626
0.0,-0.44513440132141113,0.0,6021.6626
0.0,-0.501857578754425,0.0,6021.6626
0.0,-0.4528181254863739,0.0,6021.6626
0.0,-0.44108596444129944,0.0,6021.6626
0.0,-0.5069724917411804,0.0,6021.6626
0.0,-0.4948919713497162,0.0,6021.6626
0.0,-0.44098377227783203,0.0,6021.6626
0.0,-0.4394974708557129,0.0,6021.6626
0.0,-0.4451649785041809,0.0,6021.6626
0.0,-0.4493446350097656,0.0,6021.6626
0.0,-0.5011911392211914,0.0,6021.6626
0.0,-0.44960567355155945,0.0,6021.6626
0.0,-0.44886359572410583,0.0,6021.6626
0.0,-0.4953336715698242,0.0,6021.6626
0.0,-0.5129910707473755,0.0,6021.6626
0.0,-0.49995627999305725,0.0,6021.6626
0.0,-0.4483214020729065,0.0,6021.6626
0.0,-0.5008636116981506,0.0,6021.6626
0.0,-0.4990772306919098,0.0,6021.6626
0.0,-0.5013903975486755,0.0,6021.6626
0.0,-0.4962798058986664,0.0,6021.6626
0.0,-0.5032657980918884,0.0,6021.6626
0.0,-0.4955010414123535,0.0,6021.6626
0.0,-0.5019891262054443,0.0,6021.6626
0.0,-0.5008487105369568,0.0,6021.6626
0.0,-0.50199955701828,0.0,6021.6626
0.0,-0.5009644031524658,0.0,6021.6626
0.0,-0.4967626631259918,0.0,6021.6626
0.0,-0.5001303553581238,0.0,6021.6626
0.0,-0.4993623197078705,0.0,6021.6626
0.0,-0.4998839795589447,0.0,6021.6626
0.0,-0.4964478611946106,0.0,6021.6626
0.0,-0.5008901953697205,0.0,6021.6626
0.0,-0.4982315003871918,0.0,6021.6626
0.0,-0.49428749084472656,0.0,6021.6626
0.0,-0.4980815351009369,0.0,6021.6626
0.0,-0.4929026663303375,0.0,6021.6626
0.0,-0.4984451234340668,0.0,6021.6626
0.0,-0.49336081743240356,0.0,6021.6626
0.0,-0.49957188963890076,0.0,6021.6626
0.0,-0.4898487627506256,0.0,6021.6626
0.0,-0.49757304787635803,0.0,6021.6626
0.0,-0.43285876512527466,0.0,6021.6626
0.0,-0.4501104950904846,0.0,6021.6626
0.0,-0.4906871020793915,0.0,6021.6626
0.0,-0.5064923763275146,0.0,6021.6626
0.0,-0.44355374574661255,0.0,6021.6626
0.0,-0.44492611289024353,0.0,6021.6626
0.0,-0.4333595931529999,0.0,6021.6626
0.0,-0.5048663020133972,0.0,6021.6626
0.0,-0.4376809597015381,0.0,6021.6626
0.0,-0.452912300825119,0.0,6021.6626
0.0,-0.4425518214702606,0.0,6021.6626
0.0,-0.4486754536628723,0.0,6021.6626
0.0,-0.5042248964309692,0.0,6021.6626
0.0,-0.49036914110183716,0.0,6021.6626
0.0,-0.506476104259491,0.0,6021.6626
0.0,-0.4454989433288574,0.0,6021.6626
0.0,-0.4492630064487457,0.0,6021.6626
0.0,-0.49140891432762146,0.0,6021.6626
0.0,-0.44946518540382385,0.0,6021.6626
0.0,-0.5014541745185852,0.0,6021.6626
0.0,-0.44778066873550415,0.0,6021.6626
0.0,-0.4996662139892578,0.0,6021.6626
0.0,-0.4505733549594879,0.0,6021.6626
0.0,-0.4351441562175751,0.0,6021.6626
0.0,-0.4434606730937958,0.0,6021.6626
0.0,-0.45186859369277954,0.0,6021.6626
0.0,-0.4435312747955322,0.0,6021.6626
0.0,-0.44770899415016174,0.0,6021.6626
0.0,-0.5073596835136414,0.0,6021.6626
0.0,-0.4909422993659973,0.0,6021.6626
0.0,-0.5013706088066101,0.0,6021.6626
0.0,-0.5053806900978088,0.0,6021.6626
0.0,-0.48976555466651917,0.0,6021.6626
0.0,-0.44831523299217224,0.0,6021.6626
0.0,-0.49909278750419617,0.0,6021.6626
0.0,-0.49642547965049744,0.0,6021.6626
0.0,-0.5019218325614929,0.0,6021.6626
0.0,-0.4465000629425049,0.0,6021.6626
0.0,-0.43573084473609924,0.0,6021.6626
0.0,-0.4508177936077118,0.0,6021.6626
0.0,-0.4437269866466522,0.0,6021.6626
0.0,-0.4501332938671112,0.0,6021.6626
0.0,-0.49903106689453125,0.0,6021.6626
0.0,-0.49507951736450195,0.0,6021.6626
0.0,-0.4384377598762512,0.0,6021.6626
0.0,-0.45674601197242737,0.0,6021.6626
0.0,-0.42602434754371643,0.0,6021.6626
0.0,-0.452690988779068,0.0,6021.6626
0.0,-0.448756605386734,0.0,6021.6626
0.0,-0.4457879662513733,0.0,6021.6626
0.0,-0.44783878326416016,0.0,6021.6626
0.0,-0.44321948289871216,0.0,6021.6626
0.0,-0.45489898324012756,0.0,6021.6626
0.0,-0.4549540579319,0.0,6021.6626
0.0,-0.4652426838874817,0.0,6021.6626
0.0,-0.46637898683547974,0.0,6021.6626
0.0,-0.4697393476963043,0.0,6021.6626
0.0,-0.4577272832393646,0.0,6021.6626
0.0,-0.4903091490268707,0.0,6021.6626
0.0,-0.4516461491584778,0.0,6021.6626
0.0,-0.5046238899230957,0.0,6021.6626
0.0,-0.5002191662788391,0.0,6021.6626
0.0,-0.5064436793327332,0.0,6021.6626
0.0,-0.44403505325317383,0.0,6021.6626
0.0,-0.45537495613098145,0.0,6021.6626
0.0,-0.49895545840263367,0.0,6021.6626
0.0,-0.45019254088401794,0.0,6021.6626
0.0,-0.4433303773403168,0.0,6021.6626
0.0,-0.5050064325332642,0.0,6021.6626
0.0,-0.5011003017425537,0.0,6021.6626
0.0,-0.5027808547019958,0.0,6021.6626
0.0,-0.5016669034957886,0.0,6021.6626
0.0,-0.5039736032485962,0.0,6021.6626
0.0,-0.5008818507194519,0.0,6021.6626
0.0,-0.5027413368225098,0.0,6021.6626
0.0,-0.5015434622764587,0.0,6021.6626
0.0,-0.5013768076896667,0.0,6021.6626
0.0,-0.4792529046535492,0.0,6021.6626
0.0,-0.47772184014320374,0.0,6021.6626
0.0,-0.4842141568660736,0.0,6021.6626
0.0,-0.48342400789260864,0.0,6021.6626
0.0,-0.4640870690345764,0.0,6021.6626
0.0,-0.4409455358982086,0.0,6021.6626
0.0,-0.500619113445282,0.0,6021.6626
0.0,-0.4575769901275635,0.0,6021.6626
0.0,-0.49792465567588806,0.0,6021.6626
0.0,-0.4964461922645569,0.0,6021.6626
0.0,-0.45286351442337036,0.0,6021.6626
0.0,-0.503537118434906,0.0,6021.6626
0.0,-0.5034067630767822,0.0,6021.6626
0.0,-0.4989938735961914,0.0,6021.6626
0.0,-0.45069560408592224,0.0,6021.6626
0.0,-0.5015797019004822,0.0,6021.6626
0.0,-0.5029825568199158,0.0,6021.6626
0.0,-0.5030418634414673,0.0,6021.6626
0.0,-0.5030686259269714,0.0,6021.6626
0.0,-0.5022086501121521,0.0,6021.6626
0.0,-0.502326250076294,0.0,6021.6626
0.0,-0.4725258946418762,0.0,6021.6626
0.0,-0.45824581384658813,0.0,6021.6626
0.0,-0.4554966986179352,0.0,6021.6626
0.0,-0.4698731601238251,0.0,6021.6626
0.0,-0.48077812790870667,0.0,6021.6626
0.0,-0.494844913482666,0.0,6021.6626
0.0,-0.4649970233440399,0.0,6021.6626
0.0,-0.4966564178466797,0.0,6021.6626
0.0,-0.5037236213684082,0.0,6021.6626
0.0,-0.4552266299724579,0.0,6021.6626
0.0,-0.49938660860061646,0.0,6021.6626
0.0,-0.4497213363647461,0.0,6021.6626
0.0,-0.5044071078300476,0.0,6021.6626
0.0,-0.45489177107810974,0.0,6021.6626
0.0,-0.4767044186592102,0.0,6021.6626
0.0,-0.4530607759952545,0.0,6021.6626
