healthy,ctrl,forward,cumulative
1.0,-0.0007196410442702472,0.01694907434284687,1115.207
1.0,-0.0008160740835592151,-0.013416819274425507,1115.207
1.0,-0.0013493726728484035,0.04633978754281998,1115.207
1.0,-0.0012295852648094296,-0.0750964879989624,1115.207
1.0,-0.0007383704651147127,0.05729639530181885,1115.207
1.0,-0.0007193440687842667,0.002464115619659424,1115.207
1.0,-0.0010966507252305746,-0.0005703477072529495,1115.207
1.0,-0.0013550210278481245,-0.07565399259328842,1115.207
1.0,-0.0012902809539809823,0.06998920440673828,1115.207
1.0,-0.0015581200132146478,-0.07249511778354645,1115.207
1.0,-0.001476655132137239,0.07530412077903748,1115.207
1.0,-0.0016751327784731984,-0.050857048481702805,1115.207
1.0,-0.001547123771160841,0.06188635900616646,1115.207
1.0,-0.001606882899068296,-0.035047635436058044,1115.207
1.0,-0.001497873803600669,0.08963767439126968,1115.207
1.0,-0.0012252118904143572,-0.0314183235168457,1115.207
1.0,-0.0016422128537669778,0.06355645507574081,1115.207
1.0,-0.0014631572412326932,-0.07363545149564743,1115.207
1.0,-0.0015225139213725924,0.0705823302268982,1115.207
1.0,-0.0015928560169413686,-0.07113847136497498,1115.207
1.0,-0.0015347094740718603,0.06685132533311844,1115.207
1.0,-0.0016359507571905851,-0.04904508963227272,1115.207
1.0,-0.001547016203403473,0.06640543043613434,1115.207
1.0,-0.001546019921079278,-0.05731634423136711,1115.207
1.0,-0.0015224551316350698,0.06933430582284927,1115.207
1.0,-0.0016100358916446567,-0.06167085841298103,1115.207
1.0,-0.0015409629559144378,0.07036352157592773,1115.207
1.0,-0.0015768306329846382,-0.055668093264102936,1115.207
1.0,-0.0015308392466977239,0.06591153889894485,1115.207
1.0,-0.001568667939864099,-0.05754110589623451,1115.207
1.0,-0.0015231159050017595,0.06746748834848404,1115.207
1.0,-0.0015895204851403832,-0.05978620424866676,1115.207
1.0,-0.0015308205038309097,0.07105245441198349,1115.207
1.0,-0.0015553653938695788,-0.056261688470840454,1115.207
1.0,-0.0015436410903930664,0.07607311755418777,1115.207
1.0,-0.0014703575288876891,-0.032393187284469604,1115.207
1.0,-0.0015930067747831345,0.08119939267635345,1115.207
1.0,-0.001367601566016674,-0.044348180294036865,1115.207
1.0,-0.0016532167792320251,0.07376385480165482,1115.207
1.0,-0.00145623367279768,-0.07238257676362991,1115.207
1.0,-0.0014932389603927732,0.05303836613893509,1115.207
1.0,-0.001668876619078219,-0.05521387606859207,1115.207
1.0,-0.0014316230081021786,0.06540929526090622,1115.207
1.0,-0.0015937184216454625,-0.056521978229284286,1115.207
1.0,-0.001553750829771161,0.08827678859233856,1115.207
1.0,-0.0014820432988926768,-0.06254200637340546,1115.207
1.0,-0.001585969584994018,0.06442074477672577,1115.207
1.0,-0.0016194753115996718,-0.05708186328411102,1115.207
1.0,-0.0014701184118166566,0.06503882259130478,1115.207
1.0,-0.0015474081737920642,-0.03557654842734337,1115.207
1.0,-0.001510362490080297,0.08150757104158401,1115.207
1.0,-0.001388583448715508,-0.03883856534957886,1115.207
1.0,-0.0016320974100381136,0.07956358045339584,1115.207
1.0,-0.0014134806115180254,-0.062110595405101776,1115.207
1.0,-0.0014703529886901379,0.0522339791059494,1115.207
1.0,-0.0016268246108666062,-0.055665817111730576,1115.207
1.0,-0.0014126453315839171,0.06807615607976913,1115.207
1.0,-0.0015305452980101109,-0.04947112500667572,1115.207
1.0,-0.0014959360705688596,0.07341621071100235,1115.207
1.0,-0.0014980525011196733,-0.036784037947654724,1115.207
1.0,-0.0015702634118497372,0.07480094581842422,1115.207
1.0,-0.0014457324286922812,-0.046230848878622055,1115.207
1.0,-0.001492104260250926,0.06922788172960281,1115.207
1.0,-0.0014547434402629733,-0.051390115171670914,1115.207
1.0,-0.001477667479775846,0.06160707026720047,1115.207
1.0,-0.0015792958438396454,-0.05511590093374252,1115.207
1.0,-0.001486805616877973,0.07725785672664642,1115.207
1.0,-0.001468291156925261,-0.037495508790016174,1115.207
1.0,-0.001546691870316863,0.0713358148932457,1115.207
1.0,-0.0014664930058643222,-0.05145935341715813,1115.207
1.0,-0.0014630003133788705,0.06641785055398941,1115.207
1.0,-0.0015456265537068248,-0.05402019992470741,1115.207
1.0,-0.0015325782587751746,0.07897748798131943,1115.207
1.0,-0.0014704247005283833,-0.04622357338666916,1115.207
1.0,-0.0015405000885948539,0.06671331077814102,1115.207
1.0,-0.0015368390595540404,-0.048389654606580734,1115.207
1.0,-0.0014860030496492982,0.07336405664682388,1115.207
1.0,-0.00148295727558434,-0.046415776014328,1115.207
1.0,-0.0014963085995987058,0.07257354259490967,1115.207
1.0,-0.0014896756038069725,-0.05012412741780281,1115.207
1.0,-0.0015005660243332386,0.06917968392372131,1115.207
1.0,-0.001515254843980074,-0.04835857078433037,1115.207
1.0,-0.0015267031267285347,0.07549568265676498,1115.207
1.0,-0.0014752603601664305,-0.0468139722943306,1115.207
1.0,-0.0014957411913201213,0.07091386616230011,1115.207
1.0,-0.0014844000106677413,-0.048007696866989136,1115.207
1.0,-0.0014736797893419862,0.06693711876869202,1115.207
1.0,-0.0015279841609299183,-0.04782818257808685,1115.207
1.0,-0.0015221205540001392,0.07877952605485916,1115.207
1.0,-0.0014628767967224121,-0.04387175291776657,1115.207
1.0,-0.001520665013231337,0.06662891060113907,1115.207
1.0,-0.001527035841718316,-0.04523491859436035,1115.207
1.0,-0.0014837362105026841,0.07149826735258102,1115.207
1.0,-0.0014964623842388391,-0.04755885899066925,1115.207
1.0,-0.001521345810033381,0.07715849578380585,1115.207
1.0,-0.0014775701565667987,-0.04521070420742035,1115.207
1.0,-0.0015624802326783538,0.07486145198345184,1115.207
1.0,-0.0015202673384919763,-0.050834957510232925,1115.207
1.0,-0.0014578878181055188,0.07237190753221512,1115.207
1.0,-0.0015005673049017787,-0.04822271689772606,1115.207
1.0,-0.0015002174768596888,0.07505481690168381,1115.207
1.0,-0.0014988828916102648,-0.04458368942141533,1115.207
1.0,-0.0015239480417221785,0.07446057349443436,1115.207
1.0,-0.0015090287197381258,-0.046965546905994415,1115.207
1.0,-0.0014869640581309795,0.07485563308000565,1115.207
1.0,-0.0015046204207465053,-0.042590659111738205,1115.207
1.0,-0.0015027540503069758,0.07652188092470169,1115.207
1.0,-0.0014644908951595426,-0.04573294147849083,1115.207
1.0,-0.0014966278104111552,0.06991810351610184,1115.207
1.0,-0.0015158378519117832,-0.04597287252545357,1115.207
1.0,-0.0015008414629846811,0.0747927650809288,1115.207
1.0,-0.001483887666836381,-0.04197528958320618,1115.207
1.0,-0.001521723228506744,0.0738271027803421,1115.207
1.0,-0.001504889689385891,-0.044877637177705765,1115.207
1.0,-0.0014889441663399339,0.07292057573795319,1115.207
1.0,-0.001496325246989727,-0.040201351046562195,1115.207
1.0,-0.0015544667840003967,0.08151842653751373,1115.207
1.0,-0.0014595866668969393,-0.04867208003997803,1115.207
1.0,-0.0014784603845328093,0.07135292887687683,1115.207
1.0,-0.0015065711922943592,-0.047361359000205994,1115.207
1.0,-0.0014725013170391321,0.07247260957956314,1115.207
1.0,-0.0015280969673767686,-0.03993569314479828,1115.207
1.0,-0.001514482544735074,0.08084170520305634,1115.207
1.0,-0.0014722435735166073,-0.04366691783070564,1115.207
1.0,-0.0015253635356202722,0.07758905738592148,1115.207
1.0,-0.0015191928250715137,-0.04883052036166191,1115.207
1.0,-0.0015049390494823456,0.0782342329621315,1115.207
1.0,-0.001510827918536961,-0.04056072607636452,1115.207
1.0,-0.0015359206590801477,0.08008849620819092,1115.207
1.0,-0.0014878461370244622,-0.04621245712041855,1115.207
1.0,-0.0014846462290734053,0.07203197479248047,1115.207
1.0,-0.0015415319940075278,-0.04236597940325737,1115.207
1.0,-0.0015572634292766452,0.08596211671829224,1115.207
1.0,-0.0014577441615983844,-0.04427193105220795,1115.207
1.0,-0.0015010031638666987,0.07416621595621109,1115.207
1.0,-0.0014988689217716455,-0.04447076842188835,1115.207
1.0,-0.0014555788366124034,0.07145385444164276,1115.207
1.0,-0.0015256486367434263,-0.04379299655556679,1115.207
1.0,-0.0015131388790905476,0.08196208626031876,1115.207
1.0,-0.0014731744304299355,-0.03428896516561508,1115.207
1.0,-0.0015226989053189754,0.07730675488710403,1115.207
1.0,-0.001459268620237708,-0.046268802136182785,1115.207
1.0,-0.0014537475071847439,0.07390382140874863,1115.207
1.0,-0.001521495869383216,-0.044120822101831436,1115.207
1.0,-0.001528495573438704,0.08207349479198456,1115.207
1.0,-0.0014681497123092413,-0.03570422902703285,1115.207
1.0,-0.0015117799630388618,0.07760000228881836,1115.207
1.0,-0.0014588892227038741,-0.043243516236543655,1115.207
1.0,-0.0014528107130900025,0.0716097354888916,1115.207
1.0,-0.0015285960398614407,-0.04359380900859833,1115.207
1.0,-0.0015188877005130053,0.08244776725769043,1115.207
1.0,-0.0014665533090010285,-0.033886633813381195,1115.207
1.0,-0.0015196942258626223,0.0769735723733902,1115.207
1.0,-0.0014602162409573793,-0.043666571378707886,1115.207
1.0,-0.001486305147409439,0.07774750143289566,1115.207
1.0,-0.001498487894423306,-0.04214863106608391,1115.207
1.0,-0.0015115886926651,0.07982202619314194,1115.207
1.0,-0.0015118418959900737,-0.0425332672894001,1115.207
1.0,-0.001487607485614717,0.07959944009780884,1115.207
1.0,-0.0015221344074234366,-0.03556138649582863,1115.207
1.0,-0.0015062745660543442,0.08407153189182281,1115.207
1.0,-0.001446718000806868,-0.03922916576266289,1115.207
1.0,-0.001501826336607337,0.07549835741519928,1115.207
1.0,-0.0015001797582954168,-0.04090088978409767,1115.207
1.0,-0.0015036073746159673,0.07948744297027588,1115.207
1.0,-0.001497632241807878,-0.04034745320677757,1115.207
1.0,-0.0015572276897728443,0.08641718327999115,1115.207
1.0,-0.0014803680824115872,-0.04202313348650932,1115.207
1.0,-0.0014863568358123302,0.07860688120126724,1115.207
1.0,-0.0014873567270115018,-0.039850592613220215,1115.207
1.0,-0.0014606863260269165,0.07471465319395065,1115.207
1.0,-0.001520523801445961,-0.03996933624148369,1115.207
1.0,-0.0015219607157632709,0.08522485941648483,1115.207
1.0,-0.0014739898033440113,-0.031101049855351448,1115.207
1.0,-0.0015144669450819492,0.08148489892482758,1115.207
1.0,-0.0014497607480734587,-0.042253635823726654,1115.207
1.0,-0.0014560045674443245,0.07711397111415863,1115.207
1.0,-0.0015172215644270182,-0.040738608688116074,1115.207
1.0,-0.0015382373239845037,0.08513708412647247,1115.207
1.0,-0.0014720468316227198,-0.03244960308074951,1115.207
1.0,-0.0015029996866360307,0.08139362931251526,1115.207
1.0,-0.0014614866813644767,-0.04015094414353371,1115.207
1.0,-0.0014859305229038,0.07809977233409882,1115.207
1.0,-0.0015208880649879575,-0.03553321212530136,1115.207
1.0,-0.0015317986253648996,0.08257082104682922,1115.207
1.0,-0.0015012432122603059,-0.03113900125026703,1115.207
1.0,-0.0014869399601593614,0.08448748290538788,1115.207
1.0,-0.0014301652554422617,-0.0394466295838356,1115.207
1.0,-0.0014689437812194228,0.07732142508029938,1115.207
1.0,-0.001520759891718626,-0.03985268622636795,1115.207
1.0,-0.001536687952466309,0.08661671727895737,1115.207
1.0,-0.0014772167196497321,-0.029289161786437035,1115.207
1.0,-0.0015013471711426973,0.0837002843618393,1115.207
1.0,-0.0014286787481978536,-0.039188187569379807,1115.207
1.0,-0.0014533641515299678,0.0749521404504776,1115.207
1.0,-0.001540875411592424,-0.03824359551072121,1115.207
1.0,-0.001544517115689814,0.09046191722154617,1115.207
1.0,-0.001457564882002771,-0.028301959857344627,1115.207
1.0,-0.0015310798771679401,0.08024460822343826,1115.207
1.0,-0.0014885569689795375,-0.04026107117533684,1115.207
1.0,-0.0014348471304401755,0.08184602111577988,1115.207
1.0,-0.0015050505753606558,-0.03567617014050484,1115.207
1.0,-0.0015605175867676735,0.09031756222248077,1115.207
1.0,-0.0014525175793096423,-0.02969265729188919,1115.207
1.0,-0.0015280441148206592,0.07955240458250046,1115.207
1.0,-0.0014745800290256739,-0.03838259354233742,1115.207
1.0,-0.0014772433787584305,0.08268071711063385,1115.207
1.0,-0.0015042794402688742,-0.033700138330459595,1115.207
1.0,-0.0014891825849190354,0.08458108454942703,1115.207
1.0,-0.0014945443253964186,-0.03433762863278389,1115.207
1.0,-0.0015255145262926817,0.09003327786922455,1115.207
1.0,-0.001462867483496666,-0.03813835605978966,1115.207
1.0,-0.0015145862707868218,0.08158198744058609,1115.207
1.0,-0.001523669809103012,-0.03516091778874397,1115.207
1.0,-0.0014967294409871101,0.08638947457075119,1115.207
1.0,-0.0014893300831317902,-0.03268592804670334,1115.207
1.0,-0.0015820673434063792,0.09371665865182877,1115.207
1.0,-0.0014695702120661736,-0.03765220567584038,1115.207
1.0,-0.0014792009023949504,0.08412287384271622,1115.207
1.0,-0.0014773741131648421,-0.03533228114247322,1115.207
1.0,-0.001491278177127242,0.0813181921839714,1115.207
1.0,-0.0015266092959791422,-0.030660301446914673,1115.207
1.0,-0.0015280871884897351,0.08851731568574905,1115.207
1.0,-0.001508275861851871,-0.024854669347405434,1115.207
1.0,-0.0014897349756211042,0.09171268343925476,1115.207
1.0,-0.001399334752932191,-0.03310362622141838,1115.207
1.0,-0.0015205465024337173,0.08396361768245697,1115.207
1.0,-0.0014843683457002044,-0.0397893562912941,1115.207
1.0,-0.0014933684142306447,0.08323369175195694,1115.207
1.0,-0.0015140019822865725,-0.02810591645538807,1115.207
1.0,-0.0015227661933749914,0.08856946974992752,1115.207
1.0,-0.0014880464877933264,-0.029635613784193993,1115.207
1.0,-0.0014790943823754787,0.09078555554151535,1115.207
1.0,-0.0014133374206721783,-0.030061228200793266,1115.207
1.0,-0.001485651358962059,0.07974938303232193,1115.207
1.0,-0.0014950084732845426,-0.0343322716653347,1115.207
1.0,-0.0014995042001828551,0.08754967153072357,1115.207
1.0,-0.001473500276915729,-0.02829497493803501,1115.207
1.0,-0.0015389274340122938,0.08638901263475418,1115.207
1.0,-0.001511065405793488,-0.030710360035300255,1115.207
1.0,-0.0014903934206813574,0.09104958176612854,1115.207
1.0,-0.0014925632858648896,-0.025822080671787262,1115.207
1.0,-0.0015164995566010475,0.09294202923774719,1115.207
1.0,-0.001425340073183179,-0.030873341485857964,1115.207
1.0,-0.001498499303124845,0.08315173536539078,1115.207
1.0,-0.0014726141234859824,-0.03275414556264877,1115.207
1.0,-0.0014901148388162255,0.08754152059555054,1115.207
1.0,-0.0014891542959958315,-0.03129196912050247,1115.207
1.0,-0.0015667807310819626,0.09591038525104523,1115.207
1.0,-0.001482181018218398,-0.032745297998189926,1115.207
1.0,-0.0014802892692387104,0.09001511335372925,1115.207
1.0,-0.0014548919862136245,-0.028760170564055443,1115.207
1.0,-0.0014666540082544088,0.08327699452638626,1115.207
1.0,-0.0014944127760827541,-0.029955057427287102,1115.207
1.0,-0.001563174300827086,0.09646172821521759,1115.207
1.0,-0.0014663573820143938,-0.02984003908932209,1115.207
1.0,-0.0014820046490058303,0.09087658673524857,1115.207
1.0,-0.0014543646248057485,-0.027723142877221107,1115.207
1.0,-0.0014623949537053704,0.0853491872549057,1115.207
1.0,-0.0014808782143518329,-0.029308253899216652,1115.207
1.0,-0.0015796776860952377,0.09741866588592529,1115.207
1.0,-0.0014607718912884593,-0.031307801604270935,1115.207
1.0,-0.0014739459147676826,0.08976272493600845,1115.207
1.0,-0.001472948701120913,-0.027074476704001427,1115.207
1.0,-0.0014543471625074744,0.08704046905040741,1115.207
1.0,-0.001481967861764133,-0.028308013454079628,1115.207
1.0,-0.0015581620391458273,0.093706414103508,1115.207
1.0,-0.0014624817995354533,-0.029894055798649788,1115.207
1.0,-0.0015106172068044543,0.09175901859998703,1115.207
1.0,-0.0015052998205646873,-0.026588791981339455,1115.207
1.0,-0.0014886034186929464,0.09502609819173813,1115.207
1.0,-0.001485685701481998,-0.019875818863511086,1115.207
1.0,-0.0015360055258497596,0.0970638319849968,1115.207
1.0,-0.0013741435250267386,-0.029890796169638634,1115.207
1.0,-0.0014855844201520085,0.084633469581604,1115.207
1.0,-0.0014017947250977159,-0.03193877264857292,1115.207
1.0,-0.0014709429815411568,0.0812453180551529,1115.207
1.0,-0.001569391111843288,-0.023469792678952217,1115.207
1.0,-0.0014497595839202404,0.10029645264148712,1115.207
1.0,-0.001445935107767582,-0.023088881745934486,1115.207
1.0,-0.0015833392972126603,0.09595974534749985,1115.207
1.0,-0.001430820906534791,-0.033085230737924576,1115.207
1.0,-0.0014739229809492826,0.08717691153287888,1115.207
1.0,-0.0015119664603844285,-0.030380206182599068,1115.207
1.0,-0.001506330561824143,0.09983637928962708,1115.207
1.0,-0.0014864205149933696,-0.02096220664680004,1115.207
1.0,-0.0015705846017226577,0.0991155356168747,1115.207
1.0,-0.00144628481939435,-0.027927102521061897,1115.207
1.0,-0.0014772518770769238,0.08980742841959,1115.207
1.0,-0.0014826484257355332,-0.02539064548909664,1115.207
1.0,-0.0015031587099656463,0.09478488564491272,1115.207
1.0,-0.0014536314411088824,-0.025730112567543983,1115.207
1.0,-0.0015303603140637279,0.09286496043205261,1115.207
1.0,-0.0014843883691355586,-0.024775506928563118,1115.207
1.0,-0.001505472813732922,0.09576603025197983,1115.207
1.0,-0.0014677938306704164,-0.023554543033242226,1115.207
1.0,-0.0015147542580962181,0.0957464724779129,1115.207
1.0,-0.0014531827764585614,-0.024964099749922752,1115.207
1.0,-0.0015177747700363398,0.09375064820051193,1115.207
1.0,-0.0014603004092350602,-0.025499610230326653,1115.207
1.0,-0.0014990456402301788,0.09436345845460892,1115.207
1.0,-0.001471306080929935,-0.023767350241541862,1115.207
1.0,-0.0015106814680621028,0.09617721289396286,1115.207
1.0,-0.0014663260662928224,-0.02289889194071293,1115.207
1.0,-0.0015246175462380052,0.0962517186999321,1115.207
1.0,-0.0014599787537008524,-0.02345489151775837,1115.207
1.0,-0.0015085771447047591,0.09596394002437592,1115.207
1.0,-0.0014557207468897104,-0.02356013096868992,1115.207
1.0,-0.0015043179737403989,0.09588198363780975,1115.207
1.0,-0.0014574024826288223,-0.02324487827718258,1115.207
1.0,-0.0015135306166484952,0.09607290476560593,1115.207
1.0,-0.0014632627135142684,-0.022656282410025597,1115.207
1.0,-0.0015118317678570747,0.0969981700181961,1115.207
1.0,-0.001461721840314567,-0.02191820926964283,1115.207
1.0,-0.0015118367737159133,0.09758257865905762,1115.207
1.0,-0.0014543068828061223,-0.0219405610114336,1115.207
1.0,-0.0015131556428968906,0.09719374775886536,1115.207
1.0,-0.0014521324774250388,-0.02223159931600094,1115.207
1.0,-0.0015073376707732677,0.09713368117809296,1115.207
1.0,-0.0014544478617608547,-0.02175755612552166,1115.207
1.0,-0.0015081397723406553,0.09767291694879532,1115.207
1.0,-0.0014567890902981162,-0.02110656164586544,1115.207
1.0,-0.0015133983688428998,0.09830481559038162,1115.207
1.0,-0.0014538083923980594,-0.020845791324973106,1115.207
1.0,-0.0015117176808416843,0.09844870865345001,1115.207
1.0,-0.0014503845013678074,-0.02076662890613079,1115.207
1.0,-0.0015085421036928892,0.09852833300828934,1115.207
1.0,-0.0014489726163446903,-0.020639503374695778,1115.207
1.0,-0.0015087990323081613,0.09863311052322388,1115.207
1.0,-0.0014499183744192123,-0.020283272489905357,1115.207
1.0,-0.0015093549154698849,0.09906617552042007,1115.207
1.0,-0.0014504134887829423,-0.019773373380303383,1115.207
1.0,-0.0015098626026883721,0.09957793354988098,1115.207
1.0,-0.0014473788905888796,-0.01945905201137066,1115.207
1.0,-0.0015097549185156822,0.0997297391295433,1115.207
1.0,-0.0014445221750065684,-0.01937243901193142,1115.207
1.0,-0.0015088299987837672,0.09977816790342331,1115.207
1.0,-0.0014441069215536118,-0.019232740625739098,1115.207
1.0,-0.0015078436117619276,0.0999942347407341,1115.207
1.0,-0.0014450433664023876,-0.018869059160351753,1115.207
1.0,-0.001508432673290372,0.10043475031852722,1115.207
1.0,-0.0014445227570831776,-0.01842295564711094,1115.207
1.0,-0.0015094151021912694,0.10082358121871948,1115.207
1.0,-0.001443037181161344,-0.018084419891238213,1115.207
1.0,-0.001508705667220056,0.10114069283008575,1115.207
1.0,-0.0014396482147276402,-0.01785624586045742,1115.207
1.0,-0.0015081476885825396,0.1012398824095726,1115.207
1.0,-0.0014384702080860734,-0.017700714990496635,1115.207
1.0,-0.0015076297568157315,0.10143499076366425,1115.207
1.0,-0.0014377954648807645,-0.017446929588913918,1115.207
1.0,-0.0015072415117174387,0.10165618360042572,1115.207
1.0,-0.0014380645006895065,-0.017113981768488884,1115.207
1.0,-0.0015079770237207413,0.10203150659799576,1115.207
1.0,-0.0014364448143169284,-0.016828065738081932,1115.207
1.0,-0.0015067755011841655,0.10229367017745972,1115.207
1.0,-0.0014343576040118933,-0.01650303415954113,1115.207
1.0,-0.0015068070497363806,0.10252650082111359,1115.207
1.0,-0.0014328910037875175,-0.01630931906402111,1115.207
1.0,-0.001505561638623476,0.10272952914237976,1115.207
1.0,-0.0014316834276542068,-0.01600477658212185,1115.207
1.0,-0.0015058625722303987,0.10299495607614517,1115.207
1.0,-0.001431340235285461,-0.015718860551714897,1115.207
1.0,-0.001505836145952344,0.10332650691270828,1115.207
1.0,-0.0014302122872322798,-0.015382654033601284,1115.207
1.0,-0.0015057773562148213,0.10364501923322678,1115.207
1.0,-0.0014287831727415323,-0.015071592293679714,1115.207
1.0,-0.0015053575625643134,0.10389088839292526,1115.207
1.0,-0.0014272674452513456,-0.014815478585660458,1115.207
1.0,-0.0015050583751872182,0.1041460707783699,1115.207
1.0,-0.0014258725568652153,-0.014564021490514278,1115.207
1.0,-0.0015044945757836103,0.1043621376156807,1115.207
1.0,-0.0014242929173633456,-0.014282762072980404,1115.207
1.0,-0.0015040264697745442,0.10461825132369995,1115.207
1.0,-0.0014240136370062828,-0.013970769010484219,1115.207
1.0,-0.0015042248414829373,0.10498705506324768,1115.207
1.0,-0.0014231434324756265,-0.013626179657876492,1115.207
1.0,-0.0015037298435345292,0.10532791912555695,1115.207
1.0,-0.0014206668129190803,-0.013259238563477993,1115.207
1.0,-0.0015041864244267344,0.10554026067256927,1115.207
1.0,-0.0014187447959557176,-0.013104639016091824,1115.207
1.0,-0.0015028269262984395,0.10572559386491776,1115.207
1.0,-0.0014171208022162318,-0.012900679372251034,1115.207
1.0,-0.0015024741878733039,0.10586249828338623,1115.207
1.0,-0.0014163554878905416,-0.01266039814800024,1115.207
1.0,-0.0015011137584224343,0.10616517812013626,1115.207
1.0,-0.0014157290570437908,-0.012227333150804043,1115.207
1.0,-0.0015021482249721885,0.10654608905315399,1115.207
1.0,-0.0014147365000098944,-0.01190230157226324,1115.207
1.0,-0.0015026179607957602,0.10685435682535172,1115.207
1.0,-0.0014129149494692683,-0.011693685315549374,1115.207
1.0,-0.0015010222559794784,0.10708439350128174,1115.207
1.0,-0.0014097230741754174,-0.011441296897828579,1115.207
1.0,-0.0015002840664237738,0.10718497633934021,1115.207
1.0,-0.001408656476996839,-0.01122057344764471,1115.207
1.0,-0.001499531208537519,0.10742060095071793,1115.207
1.0,-0.0014083212008699775,-0.010898335836827755,1115.207
1.0,-0.0014999292325228453,0.10777264088392258,1115.207
1.0,-0.0014074387727305293,-0.010584480129182339,1115.207
1.0,-0.001499953679740429,0.10806693881750107,1115.207
1.0,-0.00140598404686898,-0.01027714367955923,1115.207
1.0,-0.0014991991920396686,0.10838824510574341,1115.207
1.0,-0.0014039548113942146,-0.009952112101018429,1115.207
1.0,-0.0014983712462708354,0.10865087807178497,1115.207
1.0,-0.0014023601543158293,-0.00965129490941763,1115.207
1.0,-0.001498452969826758,0.10889115929603577,1115.207
1.0,-0.0014008571160957217,-0.009383074007928371,1115.207
1.0,-0.001497534103691578,0.10916124284267426,1115.207
1.0,-0.0013982466189190745,-0.009123235009610653,1115.207
1.0,-0.0014971501659601927,0.10933446884155273,1115.207
1.0,-0.0013977590715512633,-0.008873640559613705,1115.207
1.0,-0.0014963563298806548,0.10965018719434738,1115.207
1.0,-0.001396785955876112,-0.008529051207005978,1115.207
1.0,-0.0014965716982260346,0.10995472967624664,1115.207
1.0,-0.0013949249405413866,-0.008180736564099789,1115.207
1.0,-0.0014967690221965313,0.11024343967437744,1115.207
1.0,-0.0013929744018241763,-0.007946974597871304,1115.207
1.0,-0.0014956177910789847,0.11048092693090439,1115.207
1.0,-0.0013906145468354225,-0.007717869710177183,1115.207
1.0,-0.0014949945034459233,0.11062528192996979,1115.207
1.0,-0.0013891673879697919,-0.007582827936857939,1115.207
1.0,-0.0014939866960048676,0.11087953299283981,1115.207
1.0,-0.0013886968372389674,-0.007334164809435606,1115.207
1.0,-0.0014938154490664601,0.11124088615179062,1115.207
1.0,-0.001388631178997457,-0.006935558747500181,1115.207
1.0,-0.0014955797232687473,0.11163017898797989,1115.207
1.0,-0.001387036289088428,-0.006671063136309385,1115.207
1.0,-0.001493907067924738,0.11195800453424454,1115.207
1.0,-0.0013851966941729188,-0.0064652408473193645,1115.207
1.0,-0.0014940277906134725,0.1123230829834938,1115.207
1.0,-0.0013844931963831186,-0.006380490493029356,1115.207
1.0,-0.0014943081187084317,0.11269933730363846,1115.207
1.0,-0.0013831184478476644,-0.00613462133333087,1115.207
1.0,-0.0014950238401070237,0.11301133036613464,1115.207
1.0,-0.0013820003950968385,-0.00585243059322238,1115.207
1.0,-0.0014952219789847732,0.11328979581594467,1115.207
1.0,-0.0013815200654789805,-0.005767680238932371,1115.207
1.0,-0.0014940783148631454,0.11367722600698471,1115.207
1.0,-0.0013801353052258492,-0.005559995304793119,1115.207
1.0,-0.001495172269642353,0.11401157081127167,1115.207
1.0,-0.001379051012918353,-0.005307606887072325,1115.207
1.0,-0.0014950237236917019,0.11436081677675247,1115.207
1.0,-0.0013780213193967938,-0.004980712663382292,1115.207
1.0,-0.0014951503835618496,0.11470447480678558,1115.207
1.0,-0.0013760600704699755,-0.00485125882551074,1115.207
1.0,-0.001494879717938602,0.11499970406293869,1115.207
1.0,-0.0013754111714661121,-0.004747882019728422,1115.207
1.0,-0.0014952042838558555,0.11537688970565796,1115.207
1.0,-0.0013750161742791533,-0.004541128408163786,1115.207
1.0,-0.0014954580692574382,0.11576804518699646,1115.207
1.0,-0.0013737421249970794,-0.00416953070089221,1115.207
1.0,-0.0014963872963562608,0.11612474173307419,1115.207
1.0,-0.0013717514229938388,-0.003974884282797575,1115.207
1.0,-0.0014957609819248319,0.1163901686668396,1115.207
1.0,-0.0013703650329262018,-0.003893859451636672,1115.207
1.0,-0.001495121861808002,0.11675059050321579,1115.207
1.0,-0.0013701296411454678,-0.0037802380975335836,1115.207
1.0,-0.0014963921857997775,0.11715105921030045,1115.207
1.0,-0.0013695245143026114,-0.003477558260783553,1115.207
1.0,-0.0014968494651839137,0.11751148104667664,1115.207
1.0,-0.0013678622199222445,-0.0031087545212358236,1115.207
1.0,-0.001496529090218246,0.11780764162540436,1115.207
1.0,-0.0013661554548889399,-0.003025866812095046,1115.207
1.0,-0.001496007782407105,0.11815223097801208,1115.207
1.0,-0.0013651677872985601,-0.002970918780192733,1115.207
1.0,-0.001496549928560853,0.11850706487894058,1115.207
1.0,-0.0013641455443575978,-0.0027716157492250204,1115.207
1.0,-0.0014966785674914718,0.11885537952184677,1115.207
1.0,-0.0013635200448334217,-0.002368353074416518,1115.207
1.0,-0.001497373916208744,0.11925119161605835,1115.207
1.0,-0.0013619856908917427,-0.0021085140760987997,1115.207
1.0,-0.001496912445873022,0.1195613220334053,1115.207
1.0,-0.0013603336410596967,-0.001980922883376479,1115.207
1.0,-0.0014962056884542108,0.11996924132108688,1115.207
1.0,-0.0013592663453891873,-0.0018244608072564006,1115.207
1.0,-0.0014969524927437305,0.12033059448003769,1115.207
1.0,-0.0013577007921412587,-0.0015804542927071452,1115.207
1.0,-0.0014970822958275676,0.12067332118749619,1115.207
1.0,-0.0013565440895035863,-0.001262873294763267,1115.207
1.0,-0.0014968030154705048,0.12106354534626007,1115.207
1.0,-0.0013547725975513458,-0.0010374932317063212,1115.207
1.0,-0.0014974165242165327,0.12137926369905472,1115.207
1.0,-0.0013533646706491709,-0.0009667127742432058,1115.207
1.0,-0.0014963919529691339,0.12173409759998322,1115.207
1.0,-0.0013523189118131995,-0.0007515772595070302,1115.207
1.0,-0.001497524557635188,0.12211128324270248,1115.207
1.0,-0.0013515612808987498,-0.0005010514869354665,1115.207
1.0,-0.0014976777601987123,0.12248474359512329,1115.207
1.0,-0.0013495991006493568,-0.00022631137107964605,1115.207
1.0,-0.0014978782273828983,0.12280604988336563,1115.207
1.0,-0.0013485762756317854,-0.00011827795970020816,1115.207
1.0,-0.0014973393408581614,0.1231469139456749,1115.207
1.0,-0.0013464761432260275,-4.2840834794333205e-05,1115.207
1.0,-0.001497222576290369,0.12344866245985031,1115.207
1.0,-0.0013455012813210487,0.00016018746828194708,1115.207
1.0,-0.0014976873062551022,0.12381374090909958,1115.207
1.0,-0.0013444966170936823,0.000458210677606985,1115.207
1.0,-0.001498371479101479,0.12411828339099884,1115.207
1.0,-0.001343370764516294,0.0006444751634262502,1115.207
1.0,-0.0014970593620091677,0.12465379387140274,1115.207
1.0,-0.001341441529802978,0.0009071081294678152,1115.207
1.0,-0.0014987114118412137,0.12493598461151123,1115.207
1.0,-0.0013418238377198577,0.0010672955540940166,1115.207
1.0,-0.0014989846386015415,0.1260768473148346,1115.207
1.0,-0.0012363618006929755,0.0031180677469819784,1115.207
1.0,-0.0015035700052976608,0.1104511246085167,1115.207
1.0,-0.0014278372982516885,0.0069029624573886395,1115.207
1.0,-0.0014653594698756933,0.13172252476215363,1115.207
1.0,-0.00139206915628165,0.01728161983191967,1115.207
1.0,-0.001524684950709343,0.1313593089580536,1115.207
1.0,-0.0012846875470131636,0.0012721865205094218,1115.207
1.0,-0.0014870777959004045,0.12523120641708374,1115.207
1.0,-0.0012108993250876665,0.0012274830369278789,1115.207
1.0,-0.0014900969108566642,0.10632722824811935,1115.207
1.0,-0.00141280354000628,0.0004936009063385427,1115.207
1.0,-0.0014179334975779057,0.12778489291667938,1115.207
1.0,-0.0013315469259396195,0.012617557309567928,1115.207
1.0,-0.0015420258278027177,0.12490711361169815,1115.207
1.0,-0.0013402109034359455,0.008773057721555233,1115.207
1.0,-0.001451164367608726,0.1316666454076767,1115.207
1.0,-0.0011812758166342974,0.009264796040952206,1115.207
1.0,-0.0014371155994012952,0.11289677768945694,1115.207
1.0,-0.0013371325330808759,0.010335817001760006,1115.207
1.0,-0.0015236347680911422,0.1210775151848793,1115.207
1.0,-0.0013571117306128144,0.005863606464117765,1115.207
1.0,-0.0014468053122982383,0.12868455052375793,1115.207
1.0,-0.0012009524507448077,0.007044523488730192,1115.207
1.0,-0.0014065452851355076,0.11402181535959244,1115.207
1.0,-0.0013142124516889453,0.012394039891660213,1115.207
1.0,-0.001536814495921135,0.11986120790243149,1115.207
1.0,-0.0013854621211066842,0.008985399268567562,1115.207
1.0,-0.0013872685376554728,0.13495980203151703,1115.207
1.0,-0.0012536164140328765,0.017508862540125847,1115.207
1.0,-0.0015484477626159787,0.12597998976707458,1115.207
1.0,-0.0011985352030023932,0.001827254774980247,1115.207
1.0,-0.0014166621258482337,0.1130867674946785,1115.207
1.0,-0.0012523977784439921,0.005232169758528471,1115.207
1.0,-0.0014413566095754504,0.11614895612001419,1115.207
1.0,-0.0014030187157914042,0.008158384822309017,1115.207
1.0,-0.0014525594888255,0.13300588726997375,1115.207
1.0,-0.001370343379676342,0.025236977264285088,1115.207
1.0,-0.0015036602271720767,0.1411735862493515,1115.207
1.0,-0.0011565517634153366,0.014655291102826595,1115.207
1.0,-0.0014715880388393998,0.1164264902472496,1115.207
1.0,-0.0012158831814303994,0.0012870876817032695,1115.207
1.0,-0.0014024635311216116,0.11422484368085861,1115.207
1.0,-0.0012380804400891066,0.0019315629033371806,1115.207
1.0,-0.0014486490981653333,0.10990723222494125,1115.207
1.0,-0.0014311108971014619,0.009628011845052242,1115.207
1.0,-0.0014111711643636227,0.13972631096839905,1115.207
1.0,-0.0013701663119718432,0.03374553844332695,1115.207
1.0,-0.0015331654576584697,0.14536267518997192,1115.207
1.0,-0.0012065843911841512,0.011311843059957027,1115.207
1.0,-0.0014967507449910045,0.12970155477523804,1115.207
1.0,-0.0011895464267581701,0.0129528334364295,1115.207
1.0,-0.001514709321781993,0.11615640670061111,1115.207
1.0,-0.001228661392815411,-0.005163251888006926,1115.207
1.0,-0.0014069591416046023,0.10220891982316971,1115.207
1.0,-0.0014072059420868754,0.003976746927946806,1115.207
1.0,-0.00138188642449677,0.13282893598079681,1115.207
1.0,-0.001352691208012402,0.032713633030653,1115.207
1.0,-0.0015835099620744586,0.13991816341876984,1115.207
1.0,-0.001300689298659563,0.019056720659136772,1115.207
1.0,-0.0014008792350068688,0.14337895810604095,1115.207
1.0,-0.0011122426949441433,0.02158246748149395,1115.207
1.0,-0.0015228013508021832,0.11651962250471115,1115.207
1.0,-0.0012111903633922338,0.001566484454087913,1115.207
1.0,-0.0013675225200131536,0.11683068424463272,1115.207
1.0,-0.0012174302246421576,0.008210538886487484,1115.207
1.0,-0.001432099612429738,0.11493264883756638,1115.207
1.0,-0.0013946283143013716,0.01279450859874487,1115.207
1.0,-0.0014266533544287086,0.13950838148593903,1115.207
1.0,-0.0013014357537031174,0.023264436051249504,1115.207
1.0,-0.0015424637822434306,0.13724899291992188,1115.207
1.0,-0.0012992694973945618,0.02132914774119854,1115.207
1.0,-0.0014530345797538757,0.14131328463554382,1115.207
1.0,-0.0011190894292667508,0.01763365976512432,1115.207
1.0,-0.0014422701206058264,0.11703184992074966,1115.207
1.0,-0.001248395536094904,0.007165595423430204,1115.207
1.0,-0.0015282202512025833,0.11819041520357132,1115.207
1.0,-0.0013780989684164524,0.007562338840216398,1115.207
1.0,-0.0013603760162368417,0.1364257037639618,1115.207
1.0,-0.001305354293435812,0.029066575691103935,1115.207
1.0,-0.0015659393975511193,0.1367684304714203,1115.207
1.0,-0.001258478150703013,0.014206393621861935,1115.207
1.0,-0.0014220839366316795,0.13956426084041595,1115.207
1.0,-0.0011291797272861004,0.018084419891238213,1115.207
1.0,-0.0014818807831034064,0.11822580546140671,1115.207
1.0,-0.0012186424573883414,0.004809349309653044,1115.207
1.0,-0.0013205012073740363,0.12294202297925949,1115.207
1.0,-0.001272371388040483,0.024897975847125053,1115.207
1.0,-0.001567247905768454,0.12666358053684235,1115.207
1.0,-0.0013600352685898542,0.017840413376688957,1115.207
1.0,-0.0013114750618115067,0.15177203714847565,1115.207
1.0,-0.0010503780795261264,0.031771134585142136,1115.207
1.0,-0.0015112431719899178,0.11615640670061111,1115.207
1.0,-0.0012277626665309072,0.005044042598456144,1115.207
1.0,-0.001444392022676766,0.11955759674310684,1115.207
1.0,-0.0012894307728856802,0.012576579116284847,1115.207
1.0,-0.0013448389945551753,0.13419052958488464,1115.207
1.0,-0.0012453050585463643,0.024085862562060356,1115.207
1.0,-0.001522402628324926,0.13165174424648285,1115.207
1.0,-0.0012606496457010508,0.009903683327138424,1115.207
1.0,-0.0013965371763333678,0.140709787607193,1115.207
1.0,-0.0011386729311197996,0.02051144652068615,1115.207
1.0,-0.0014373250305652618,0.12513062357902527,1115.207
1.0,-0.0012795417569577694,0.022679565474390984,1115.207
1.0,-0.0015743447002023458,0.13084521889686584,1115.207
1.0,-0.0012924105394631624,0.013900919817388058,1115.207
1.0,-0.0013136734487488866,0.1442003846168518,1115.207
1.0,-0.0011022689286619425,0.029888002201914787,1115.207
1.0,-0.001458136597648263,0.12248753756284714,1115.207
1.0,-0.0012187967076897621,0.016117466613650322,1115.207
1.0,-0.001551214954815805,0.12258625775575638,1115.207
1.0,-0.0013438082532957196,0.012846662662923336,1115.207
1.0,-0.0013051300775259733,0.14520621299743652,1115.207
1.0,-0.0011055184295400977,0.02917460910975933,1115.207
1.0,-0.0015264074318110943,0.11886469274759293,1115.207
1.0,-0.0013220871333032846,0.02092309109866619,1115.207
1.0,-0.001312130130827427,0.15289707481861115,1115.207
1.0,-0.001039628405123949,0.026162711903452873,1115.207
1.0,-0.0014950672630220652,0.11333636194467545,1115.207
1.0,-0.0012307371944189072,0.007882713340222836,1115.207
1.0,-0.0013247000752016902,0.13185849785804749,1115.207
1.0,-0.001231648144312203,0.028634442016482353,1115.207
1.0,-0.001590653439052403,0.12515297532081604,1115.207
1.0,-0.001358766807243228,0.018127260729670525,1115.207
1.0,-0.0012629377888515592,0.15753506124019623,1115.207
1.0,-0.001010053209029138,0.036634501069784164,1115.207
1.0,-0.0015219012275338173,0.11872685700654984,1115.207
1.0,-0.0012145271757617593,0.008519737981259823,1115.207
1.0,-0.0014301721239462495,0.12522189319133759,1115.207
1.0,-0.0012514815898612142,0.01893751136958599,1115.207
1.0,-0.001342126401141286,0.13882292807102203,1115.207
1.0,-0.0012095741694793105,0.02565048448741436,1115.207
1.0,-0.001503147417679429,0.13538821041584015,1115.207
1.0,-0.0012070246739313006,0.014984979294240475,1115.207
1.0,-0.0013805273920297623,0.1427866369485855,1115.207
1.0,-0.0011050235480070114,0.02455897442996502,1115.207
1.0,-0.0014679963933303952,0.12295133620500565,1115.207
1.0,-0.001266494276933372,0.013308598659932613,1115.207
1.0,-0.0013571205781772733,0.1428034007549286,1115.207
1.0,-0.001092023914679885,0.025881452485919,1115.207
1.0,-0.001507535227574408,0.12102163583040237,1115.207
1.0,-0.0013498570770025253,0.023828817531466484,1115.207
1.0,-0.001311629544943571,0.15578603744506836,1115.207
1.0,-0.0010392236290499568,0.030990688130259514,1115.207
1.0,-0.001536551397293806,0.1185927465558052,1115.207
1.0,-0.0013086663093417883,0.02152472548186779,1115.207
1.0,-0.0013103130040690303,0.1585390269756317,1115.207
1.0,-0.0010225523728877306,0.02831779234111309,1115.207
1.0,-0.001557021401822567,0.1085624024271965,1115.207
1.0,-0.0013028007233515382,0.011403112672269344,1115.207
1.0,-0.0012800093973055482,0.14592333137989044,1115.207
1.0,-0.0010377835715189576,0.025134531781077385,1115.207
1.0,-0.0015081529272720218,0.11259689182043076,1115.207
1.0,-0.0013771629892289639,0.017577780410647392,1115.207
1.0,-0.0012698534410446882,0.15733575820922852,1115.207
1.0,-0.0011224579066038132,0.043917443603277206,1115.207
1.0,-0.0016057481989264488,0.13475118577480316,1115.207
1.0,-0.0011964361183345318,0.021181998774409294,1115.207
1.0,-0.0013202346162870526,0.14907492697238922,1115.207
1.0,-0.0010732284281402826,0.04090927168726921,1115.207
1.0,-0.001560680684633553,0.12474692612886429,1115.207
1.0,-0.0011397718917578459,-0.0003520399041008204,1115.207
1.0,-0.001260195393115282,0.12139975279569626,1115.207
1.0,-0.0011454214109107852,0.023929400369524956,1115.207
1.0,-0.0014386515831574798,0.12708081305027008,1115.207
1.0,-0.0013478363398462534,0.02802163176238537,1115.207
1.0,-0.001380265923216939,0.15876999497413635,1115.207
1.0,-0.001181683037430048,0.047318633645772934,1115.207
1.0,-0.0015838780673220754,0.15104933083057404,1115.207
1.0,-0.0012158110039308667,0.03347918018698692,1115.207
1.0,-0.001393396989442408,0.15787778794765472,1115.207
1.0,-0.0010142199462279677,0.03608688339591026,1115.207
1.0,-0.0015491984086111188,0.11838971823453903,1115.207
1.0,-0.0011748404940590262,0.008452682755887508,1115.207
1.0,-0.001281161094084382,0.13250483572483063,1115.207
1.0,-0.001082270871847868,0.022765247151255608,1115.207
1.0,-0.0014506650622934103,0.11057964712381363,1115.207
1.0,-0.0013398173032328486,0.017246229574084282,1115.207
1.0,-0.0012632213765755296,0.1566912829875946,1115.207
1.0,-0.001117840176448226,0.04816986247897148,1115.207
1.0,-0.001530545181594789,0.14548560976982117,1115.207
1.0,-0.001149698393419385,0.03361329063773155,1115.207
1.0,-0.0013395763235166669,0.1545548290014267,1115.207
1.0,-0.0010062470100820065,0.040993090718984604,1115.207
1.0,-0.0015185137744992971,0.12540815770626068,1115.207
1.0,-0.0011294574942439795,0.010175629518926144,1115.207
1.0,-0.0012970810057595372,0.12822075188159943,1115.207
1.0,-0.0010927849216386676,0.022739170119166374,1115.207
1.0,-0.0014190699439495802,0.11642835289239883,1115.207
1.0,-0.0012774151982739568,0.01230835821479559,1115.207
1.0,-0.0012593806022778153,0.15105119347572327,1115.207
1.0,-0.0011503561399877071,0.047087665647268295,1115.207
1.0,-0.0015792852500453591,0.14747118949890137,1115.207
1.0,-0.0012567031662911177,0.03848038241267204,1115.207
1.0,-0.0013355945702642202,0.1704282909631729,1115.207
1.0,-0.0009444036986678839,0.042552124708890915,1115.207
1.0,-0.0014974444638937712,0.12412294000387192,1115.207
1.0,-0.0011632648529484868,0.0192448478192091,1115.207
1.0,-0.0014278617454692721,0.13792885839939117,1115.207
1.0,-0.0011161410948261619,0.02212822251021862,1115.207
1.0,-0.0014005256816744804,0.1244284138083458,1115.207
1.0,-0.0011357427574694157,0.01516938116401434,1115.207
1.0,-0.0012292576720938087,0.13316793739795685,1115.207
1.0,-0.0011930983746424317,0.04801340028643608,1115.207
1.0,-0.0015568002127110958,0.1457519680261612,1115.207
1.0,-0.0012636010069400072,0.04242546483874321,1115.207
1.0,-0.001305784098803997,0.17742997407913208,1115.207
1.0,-0.0009504095651209354,0.05848705396056175,1115.207
1.0,-0.0016282544238492846,0.1262277215719223,1115.207
1.0,-0.001142979133874178,0.013999640010297298,1115.207
1.0,-0.0012542020995169878,0.144693985581398,1115.207
1.0,-0.001002781675197184,0.03593042120337486,1115.207
1.0,-0.0014786107931286097,0.11767073720693588,1115.207
1.0,-0.001150867436081171,0.006139277946203947,1115.207
1.0,-0.0012300731614232063,0.1295544058084488,1115.207
1.0,-0.0010621334658935666,0.027529893442988396,1115.207
1.0,-0.0014231083914637566,0.11601298302412033,1115.207
1.0,-0.0013173080515116453,0.026013700291514397,1115.207
1.0,-0.0012380233965814114,0.1678168624639511,1115.207
1.0,-0.001093139755539596,0.06488337367773056,1115.207
1.0,-0.0015732469037175179,0.1582726687192917,1115.207
1.0,-0.001088265678845346,0.04292651638388634,1115.207
1.0,-0.0013657816452905536,0.1620463877916336,1115.207
1.0,-0.0010183496633544564,0.05638599023222923,1115.207
1.0,-0.001552537432871759,0.14214588701725006,1115.207
1.0,-0.0010635880753397942,0.019513068720698357,1115.207
1.0,-0.0013158764922991395,0.13310833275318146,1115.207
1.0,-0.001065779128111899,0.03262981399893761,1115.207
1.0,-0.0014064544811844826,0.13048572838306427,1115.207
1.0,-0.001083913492038846,0.016238538548350334,1115.207
1.0,-0.0013052766444161534,0.1246631070971489,1115.207
1.0,-0.0010918995831161737,0.02286582998931408,1115.207
1.0,-0.001349347410723567,0.125426784157753,1115.207
1.0,-0.0010914872400462627,0.016864387318491936,1115.207
1.0,-0.0013046348467469215,0.12356042116880417,1115.207
1.0,-0.0010927539551630616,0.020291654393076897,1115.207
1.0,-0.0013412091648206115,0.12604890763759613,1115.207
1.0,-0.0013842617627233267,0.05276500806212425,1115.207
1.0,-0.0012968608643859625,0.1970343142747879,1115.207
1.0,-0.0010700809070840478,0.09097903221845627,1115.207
1.0,-0.00162766152061522,0.17818434536457062,1115.207
1.0,-0.0010305542964488268,0.05990266427397728,1115.207
1.0,-0.0014964218717068434,0.17034633457660675,1115.207
1.0,-0.0009782998822629452,0.056371089071035385,1115.207
1.0,-0.0015298414509743452,0.14659760892391205,1115.207
1.0,-0.0010644622379913926,0.030413268133997917,1115.207
1.0,-0.0013440855545923114,0.1429430991411209,1115.207
1.0,-0.0010145928245037794,0.03520026430487633,1115.207
1.0,-0.0014110017800703645,0.13015790283679962,1115.207
1.0,-0.0010862101335078478,0.021986661478877068,1115.207
1.0,-0.0012991218827664852,0.13375280797481537,1115.207
1.0,-0.001049621612764895,0.02798437885940075,1115.207
1.0,-0.0013775003608316183,0.12486054748296738,1115.207
1.0,-0.001096993568353355,0.01866370253264904,1115.207
1.0,-0.0012874045642092824,0.13029201328754425,1115.207
1.0,-0.001066728262230754,0.026401130482554436,1115.207
1.0,-0.001359804067760706,0.12520326673984528,1115.207
1.0,-0.001092891558073461,0.018909571692347527,1115.207
1.0,-0.0012909501092508435,0.12880562245845795,1115.207
1.0,-0.001070673344656825,0.025875864550471306,1115.207
1.0,-0.001344219665043056,0.1266673058271408,1115.207
1.0,-0.0010816542198881507,0.02055242471396923,1115.207
1.0,-0.0012940594460815191,0.12859700620174408,1115.207
1.0,-0.0010649563046172261,0.0258274357765913,1115.207
1.0,-0.0013269017217680812,0.1278817504644394,1115.207
1.0,-0.0010656688828021288,0.022601334378123283,1115.207
1.0,-0.0012913555838167667,0.12905149161815643,1115.207
1.0,-0.0010518128983676434,0.02637132816016674,1115.207
1.0,-0.0012812247732654214,0.13410671055316925,1115.207
1.0,-0.0016586983110755682,0.1066364273428917,1115.207
1.0,-0.0013397019356489182,0.26608628034591675,1115.207
1.0,-0.0008461886900477111,0.12205912917852402,1115.207
1.0,-0.0018125764327123761,0.1740492731332779,1115.207
1.0,-0.0012194650480523705,0.09673460572957993,1115.207
1.0,-0.0015563515480607748,0.23529677093029022,1115.207
1.0,-0.0007886951207183301,0.0771060511469841,1115.207
1.0,-0.0017392112640663981,0.12129544466733932,1115.207
1.0,-0.0013171846512705088,0.044438984245061874,1115.207
1.0,-0.0012735119089484215,0.19936634600162506,1115.207
1.0,-0.0008131408831104636,0.053901221603155136,1115.207
1.0,-0.0016337374690920115,0.10557471960783005,1115.207
1.0,-0.0012947889044880867,0.02234428934752941,1115.207
1.0,-0.0011813094606623054,0.17604230344295502,1115.207
1.0,-0.00084854377200827,0.0421479307115078,1115.207
1.0,-0.001552404253743589,0.10449438542127609,1115.207
1.0,-0.0012565141078084707,0.015854833647608757,1115.207
1.0,-0.0011657584691420197,0.16386432945728302,1115.207
1.0,-0.0009195644524879754,0.04040449485182762,1115.207
1.0,-0.0015551192918792367,0.11070071905851364,1115.207
1.0,-0.0012212867150083184,0.012554227374494076,1115.207
1.0,-0.001182674546726048,0.15545634925365448,1115.207
1.0,-0.0009613808360882103,0.04657730087637901,1115.207
1.0,-0.0015391107881441712,0.11677666753530502,1115.207
1.0,-0.0011984128504991531,0.013124196790158749,1115.207
1.0,-0.0012042650487273932,0.14954058825969696,1115.207
1.0,-0.0009955401765182614,0.04469975456595421,1115.207
1.0,-0.0015240287175402045,0.12177228182554245,1115.207
1.0,-0.0011845410335808992,0.01642480306327343,1115.207
1.0,-0.0012367472518235445,0.14770029485225677,1115.207
1.0,-0.0010216605151072145,0.04298612102866173,1115.207
1.0,-0.0015094400150701404,0.12544168531894684,1115.207
1.0,-0.0011718637542799115,0.019606200978159904,1115.207
1.0,-0.0012679981300607324,0.14657153189182281,1115.207
1.0,-0.0010422110790386796,0.04184618219733238,1115.207
1.0,-0.0014946346636861563,0.12897326052188873,1115.207
1.0,-0.0011585644679144025,0.022523103281855583,1115.207
1.0,-0.0012931132223457098,0.14556942880153656,1115.207
1.0,-0.0010563473915681243,0.041149552911520004,1115.207
1.0,-0.0014798364136368036,0.13210995495319366,1115.207
1.0,-0.0011444974225014448,0.025257466360926628,1115.207
1.0,-0.001313749817200005,0.14490260183811188,1115.207
1.0,-0.0010639755055308342,0.04062056168913841,1115.207
1.0,-0.0014627912314608693,0.13463570177555084,1115.207
1.0,-0.001129761105403304,0.027861444279551506,1115.207
1.0,-0.0013303242158144712,0.1445673257112503,1115.207
1.0,-0.001066579599864781,0.0402107797563076,1115.207
1.0,-0.0014456561766564846,0.13681499660015106,1115.207
1.0,-0.001114870305173099,0.030353663489222527,1115.207
1.0,-0.0013399216113612056,0.14457477629184723,1115.207
1.0,-0.0010633243946358562,0.0402405820786953,1115.207
1.0,-0.001429915544576943,0.13857705891132355,1115.207
1.0,-0.001099158194847405,0.03257765993475914,1115.207
1.0,-0.0013438856694847345,0.14487279951572418,1115.207
1.0,-0.001054809894412756,0.04059075936675072,1115.207
1.0,-0.0014138357946649194,0.13997776806354523,1115.207
1.0,-0.001082287635654211,0.03463402017951012,1115.207
1.0,-0.001343802665360272,0.145331010222435,1115.207
1.0,-0.0010437826858833432,0.04120170697569847,1115.207
1.0,-0.0013985575642436743,0.1412033885717392,1115.207
1.0,-0.0010638578096404672,0.036504115909338,1115.207
1.0,-0.0013387833023443818,0.14588235318660736,1115.207
1.0,-0.0010283441515639424,0.042024996131658554,1115.207
1.0,-0.00138250389136374,0.1421421617269516,1115.207
1.0,-0.0010454192524775863,0.03821774944663048,1115.207
1.0,-0.0013306537875905633,0.14657898247241974,1115.207
1.0,-0.0010099394712597132,0.0429302416741848,1115.207
1.0,-0.0013653946807608008,0.14272703230381012,1115.207
1.0,-0.0010277137625962496,0.03990158066153526,1115.207
1.0,-0.0013194256462156773,0.147581085562706,1115.207
1.0,-0.0009882700396701694,0.04399939998984337,1115.207
1.0,-0.0013478674227371812,0.14330072700977325,1115.207
1.0,-0.0010085218818858266,0.04174187406897545,1115.207
1.0,-0.0013067761901766062,0.14855711162090302,1115.207
1.0,-0.0009673180757090449,0.04523247107863426,1115.207
1.0,-0.001331196865066886,0.14380736649036407,1115.207
1.0,-0.0009881595615297556,0.043347474187612534,1115.207
1.0,-0.0012928335927426815,0.14944373071193695,1115.207
1.0,-0.0009455120307393372,0.04650652036070824,1115.207
1.0,-0.0013131373561918736,0.14453379809856415,1115.207
1.0,-0.0009659057832323015,0.04511698707938194,1115.207
1.0,-0.001278713229112327,0.15002115070819855,1115.207
1.0,-0.0009257582132704556,0.04783272370696068,1115.207
1.0,-0.0012961910106241703,0.14519689977169037,1115.207
1.0,-0.0010808393126353621,0.07118283957242966,1115.207
1.0,-0.000982607714831829,0.24637950956821442,1115.207
1.0,-0.0009688466088846326,0.21378321945667267,1115.207
1.0,-0.0017580660060048103,0.28691810369491577,1115.207
1.0,-0.0008589488570578396,0.15094874799251556,1115.207
1.0,-0.0018491368973627687,0.23528186976909637,1115.207
1.0,-0.0008855163468979299,0.1252591460943222,1115.207
1.0,-0.0017111203633248806,0.22862105071544647,1115.207
1.0,-0.0008908889722079039,0.11100619286298752,1115.207
1.0,-0.001665338291786611,0.20274518430233002,1115.207
1.0,-0.0009436468244530261,0.0910349115729332,1115.207
1.0,-0.00157102569937706,0.19487364590168,1115.207
1.0,-0.0009220852516591549,0.08674337714910507,1115.207
1.0,-0.0015973602421581745,0.18056480586528778,1115.207
1.0,-0.0009993870044127107,0.07575377076864243,1115.207
1.0,-0.001520370366051793,0.18297506868839264,1115.207
1.0,-0.00096268201014027,0.07431953400373459,1115.207
1.0,-0.0015638548647984862,0.17094610631465912,1115.207
1.0,-0.0010373963741585612,0.06975232809782028,1115.207
1.0,-0.00152632559183985,0.17895548045635223,1115.207
1.0,-0.0009985427604988217,0.06952881067991257,1115.207
1.0,-0.0015782519476488233,0.16846506297588348,1115.207
1.0,-0.0010802384931594133,0.0673644170165062,1115.207
1.0,-0.0015566280344501138,0.17852334678173065,1115.207
1.0,-0.0010373166296631098,0.06814300268888474,1115.207
1.0,-0.0015778501983731985,0.17225368320941925,1115.207
1.0,-0.0010670614428818226,0.06645917147397995,1115.207
1.0,-0.0016058566980063915,0.1743621975183487,1115.207
1.0,-0.0011081378906965256,0.06910412758588791,1115.207
1.0,-0.001611467800103128,0.180397167801857,1115.207
1.0,-0.001074420171789825,0.06677582114934921,1115.207
1.0,-0.0016808764776214957,0.17037241160869598,1115.207
1.0,-0.0012007264886051416,0.0700540766119957,1115.207
1.0,-0.0016483431681990623,0.19025801122188568,1115.207
1.0,-0.001077520428225398,0.06862729042768478,1115.207
1.0,-0.0017748376121744514,0.1665279120206833,1115.207
1.0,-0.0013123048702254891,0.07130204886198044,1115.207
1.0,-0.001683750539086759,0.20000337064266205,1115.207
1.0,-0.0010827280348166823,0.07064267247915268,1115.207
1.0,-0.0018416381208226085,0.16560404002666473,1115.207
1.0,-0.0013530447613447905,0.07108970731496811,1115.207
1.0,-0.001771238399669528,0.19824503362178802,1115.207
1.0,-0.0012236530892550945,0.07299333065748215,1115.207
1.0,-0.0019159555668011308,0.18069519102573395,1115.207
1.0,-0.0013199923560023308,0.06816162914037704,1115.207
1.0,-0.0018349674064666033,0.19309668242931366,1115.207
1.0,-0.0012769497698172927,0.07492303103208542,1115.207
1.0,-0.0019460163312032819,0.18614156544208527,1115.207
1.0,-0.001357746310532093,0.06867199391126633,1115.207
1.0,-0.0019460344919934869,0.18937139213085175,1115.207
1.0,-0.0013394581619650126,0.069290392100811,1115.207
1.0,-0.0020061670802533627,0.18541140854358673,1115.207
1.0,-0.0014069417957216501,0.06499885767698288,1115.207
1.0,-0.0020287828519940376,0.18512828648090363,1115.207
1.0,-0.0014000044902786613,0.060830261558294296,1115.207
1.0,-0.0020835467148572206,0.17798690497875214,1115.207
1.0,-0.001474470249377191,0.05577131733298302,1115.207
1.0,-0.002138944575563073,0.1790560632944107,1115.207
1.0,-0.001468844711780548,0.03617629036307335,1115.207
1.0,-0.002173887100070715,0.16995517909526825,1115.207
1.0,-0.001497507095336914,0.023249534890055656,1115.207
1.0,-0.0021993829868733883,0.15813110768795013,1115.207
1.0,-0.0016766723711043596,0.041849907487630844,1115.207
1.0,-0.002775289351120591,0.5778707265853882,1115.207
1.0,-0.0026421977672725916,0.5986503958702087,1115.207
1.0,-0.0013081631623208523,0.6069950461387634,1115.207
1.0,-0.001610087463632226,0.6755738854408264,1115.207
1.0,-0.0026890395674854517,0.5390941500663757,1115.207
1.0,-0.0019389395602047443,0.37677955627441406,1115.207
1.0,-0.0022263634018599987,0.30035895109176636,1115.207
1.0,-0.002746616955846548,0.4620402753353119,1115.207
1.0,-0.0014548810431733727,0.6703845858573914,1115.207
1.0,-0.0018907361663877964,0.5211122035980225,1115.207
1.0,-0.001367664895951748,0.5108788013458252,1115.207
1.0,-0.0012828358449041843,0.5965865850448608,1115.207
1.0,-0.0013909711269661784,0.5024857521057129,1115.207
1.0,-0.0014923231210559607,0.5443580150604248,1115.207
1.0,-0.00133364403154701,0.5985386371612549,1115.207
1.0,-0.0023157522082328796,0.6366446018218994,1115.207
1.0,-0.0016640076646581292,0.5660056471824646,1115.207
1.0,-0.0026685872580856085,0.6415582895278931,1115.207
1.0,-0.00209049042314291,0.5310698747634888,1115.207
1.0,-0.002711095381528139,0.6984173655509949,1115.207
1.0,-0.0024142384063452482,0.6118788719177246,1115.207
1.0,-0.0017906243447214365,0.7560774087905884,1115.207
1.0,-0.0015148165402933955,0.5613788366317749,1115.207
1.0,-0.002736761001870036,0.5880519151687622,1115.207
1.0,-0.0021036840043962,0.6649344563484192,1115.207
1.0,-0.0018979350570589304,0.7996484041213989,1115.207
1.0,-0.0015942087629809976,0.6486400365829468,1115.207
1.0,-0.0027094765100628138,0.7646455764770508,1115.207
1.0,-0.00195802072994411,0.7036327719688416,1115.207
1.0,-0.0026666976045817137,0.8147581815719604,1115.207
1.0,-0.0015624589286744595,0.5968510508537292,1115.207
1.0,-0.0026620107237249613,0.7818117141723633,1115.207
1.0,-0.0027048878837376833,0.7861777544021606,1115.207
1.0,-0.001690662931650877,0.9323059916496277,1115.207
1.0,-0.0025504177901893854,0.7792785167694092,1115.207
1.0,-0.00154279381968081,0.6921365261077881,1115.207
1.0,-0.0027460595592856407,0.9320005178451538,1115.207
1.0,-0.0017834730679169297,0.797584593296051,1115.207
1.0,-0.002366115106269717,0.8965059518814087,1115.207
1.0,-0.002547117881476879,0.9116008281707764,1115.207
1.0,-0.002576314378529787,0.9214579463005066,1115.207
1.0,-0.0022575294133275747,0.847183108329773,1115.207
1.0,-0.0018900313880294561,1.0423510074615479,1115.207
1.0,-0.001708160969428718,0.832118034362793,1115.207
1.0,-0.0015966102946549654,0.9307413697242737,1115.207
1.0,-0.0019506430253386497,1.0551735162734985,1115.207
1.0,-0.0023136932868510485,0.969245970249176,1115.207
1.0,-0.0016691599739715457,0.9102373719215393,1115.207
1.0,-0.0017261996399611235,1.0820701122283936,1115.207
1.0,-0.002027419861406088,1.0448246002197266,1115.207
1.0,-0.002137637697160244,1.170150876045227,1115.207
1.0,-0.0020149159245193005,1.1105164289474487,1115.207
1.0,-0.0026942756958305836,1.1994167566299438,1115.207
1.0,-0.0018614833243191242,1.1164544820785522,1115.207
1.0,-0.002609851071611047,1.226916790008545,1115.207
1.0,-0.0021156163420528173,1.052990436553955,1115.207
1.0,-0.002724879886955023,1.2835636138916016,1115.207
1.0,-0.002374792704358697,1.2918858528137207,1115.207
1.0,-0.001744421781040728,1.358248233795166,1115.207
1.0,-0.0018011628417298198,1.1994167566299438,1115.207
1.0,-0.002327487338334322,1.1941566467285156,1115.207
1.0,-0.0020633081439882517,1.3911573886871338,1115.207
1.0,-0.0017818043706938624,1.5176682472229004,1115.207
1.0,-0.0022905913647264242,1.3649239540100098,1115.207
1.0,-0.0027196414303034544,1.5195010900497437,1115.207
1.0,-0.0021485646720975637,1.4349892139434814,1115.207
1.0,-0.002743212739005685,1.5411897897720337,1115.207
1.0,-0.0017401051009073853,1.5048234462738037,1115.207
1.0,-0.0026647457852959633,1.5645473003387451,1115.207
1.0,-0.0023384711239486933,1.54469895362854,1115.207
1.0,-0.0020159240812063217,1.6808732748031616,1115.207
1.0,-0.00229845498688519,1.5828012228012085,1115.207
1.0,-0.002568791853263974,1.7066075801849365,1115.207
1.0,-0.0023124555591493845,1.6057937145233154,1115.207
1.0,-0.0026888407301157713,1.7489864826202393,1115.207
1.0,-0.0022476327139884233,1.6726925373077393,1115.207
1.0,-0.0026618032716214657,1.813888430595398,1115.207
1.0,-0.002064452739432454,1.7635672092437744,1115.207
1.0,-0.002683167112991214,1.8420218229293823,1115.207
1.0,-0.002070917282253504,1.7803608179092407,1115.207
1.0,-0.002574177458882332,1.9208638668060303,1115.207
1.0,-0.002269536489620805,1.8488316535949707,1115.207
