healthy,ctrl,forward,cumulative
1.0,-0.0015627590473741293,-0.005292259156703949,1133.6373
1.0,-0.001073740073479712,-0.1166963055729866,1133.6373
1.0,-0.001002560486085713,0.12828706204891205,1133.6373
1.0,-0.0021042553707957268,0.1747620552778244,1133.6373
1.0,-0.002004954032599926,-0.039160482585430145,1133.6373
1.0,-0.0013644122518599033,-0.12607118487358093,1133.6373
1.0,-0.0010037121828645468,0.13051189482212067,1133.6373
1.0,-0.002403105143457651,0.18005511164665222,1133.6373
1.0,-0.0020006115082651377,-0.029272310435771942,1133.6373
1.0,-0.001580024603754282,-0.14564909040927887,1133.6373
1.0,-0.0009983888594433665,0.13718555867671967,1133.6373
1.0,-0.002516605891287327,0.22672595083713531,1133.6373
1.0,-0.0020117179956287146,-0.008929578587412834,1133.6373
1.0,-0.0014765160158276558,-0.18165603280067444,1133.6373
1.0,-0.0011684063356369734,0.132725328207016,1133.6373
1.0,-0.0024679109919816256,0.2721945345401764,1133.6373
1.0,-0.002278019906952977,-0.028469190001487732,1133.6373
1.0,-0.0013713442021980882,-0.12057366967201233,1133.6373
1.0,-0.002099340781569481,0.09793787449598312,1133.6373
1.0,-0.0025557393673807383,-0.11486995965242386,1133.6373
1.0,-0.0011367917759343982,-0.2888719439506531,1133.6373
1.0,-0.0011604329338297248,0.05801059678196907,1133.6373
1.0,-0.00244427309371531,0.13247868418693542,1133.6373
1.0,-0.0010705806780606508,-0.1374136060476303,1133.6373
1.0,-0.0012023543240502477,-0.06071166321635246,1133.6373
1.0,-0.0015059270663186908,0.16419638693332672,1133.6373
1.0,-0.002393176779150963,0.17383085191249847,1133.6373
1.0,-0.002408656058833003,-0.0992545336484909,1133.6373
1.0,-0.0012924480251967907,-0.19218404591083527,1133.6373
1.0,-0.0013764338800683618,0.06850302219390869,1133.6373
1.0,-0.002559917513281107,0.18715205788612366,1133.6373
1.0,-0.0020817976910620928,-0.05686119943857193,1133.6373
1.0,-0.001564205507747829,-0.20982646942138672,1133.6373
1.0,-0.0011109731858596206,0.09819541871547699,1133.6373
1.0,-0.0025753905065357685,0.15913048386573792,1133.6373
1.0,-0.001961496891453862,-0.09908895939588547,1133.6373
1.0,-0.0015795395011082292,-0.17278343439102173,1133.6373
1.0,-0.0010169654851779342,0.11549118161201477,1133.6373
1.0,-0.002496073953807354,0.17411231994628906,1133.6373
1.0,-0.0019820325542241335,-0.11576542258262634,1133.6373
1.0,-0.0012973083648830652,-0.20057447254657745,1133.6373
1.0,-0.0011637617135420442,0.05686885118484497,1133.6373
1.0,-0.002367891138419509,0.1880662590265274,1133.6373
1.0,-0.0023498719092458487,-0.10023050010204315,1133.6373
1.0,-0.0012604640796780586,-0.21126800775527954,1133.6373
1.0,-0.0012727599823847413,0.07344304770231247,1133.6373
1.0,-0.0025659657549113035,0.15090812742710114,1133.6373
1.0,-0.0020766688976436853,-0.09983986616134644,1133.6373
1.0,-0.0015578254824504256,-0.16551534831523895,1133.6373
1.0,-0.0010020800400525331,0.07362984865903854,1133.6373
1.0,-0.0025503947399556637,0.15044769644737244,1133.6373
1.0,-0.002170963678508997,-0.05613226443529129,1133.6373
1.0,-0.001533790142275393,-0.18352369964122772,1133.6373
1.0,-0.001128958072513342,0.06744809448719025,1133.6373
1.0,-0.002469053491950035,0.19361692667007446,1133.6373
1.0,-0.0021501241717487574,-0.12106933444738388,1133.6373
1.0,-0.0010642735287547112,-0.24944065511226654,1133.6373
1.0,-0.0012927692150697112,0.047436390072107315,1133.6373
1.0,-0.0023874149192124605,0.13917803764343262,1133.6373
1.0,-0.0013206781586632133,-0.05975575000047684,1133.6373
1.0,-0.001529501285403967,0.020112011581659317,1133.6373
1.0,-0.0020181385334581137,0.15346050262451172,1133.6373
1.0,-0.002341667888686061,-0.06471987068653107,1133.6373
1.0,-0.0010049098636955023,-0.19498592615127563,1133.6373
1.0,-0.0012016427936032414,0.09026463329792023,1133.6373
1.0,-0.002406091196462512,0.1779823899269104,1133.6373
1.0,-0.0019898549653589725,-0.05834287405014038,1133.6373
1.0,-0.0013634375063702464,-0.13050611317157745,1133.6373
1.0,-0.0010031379060819745,0.09949740767478943,1133.6373
1.0,-0.0025159951765090227,0.16751252114772797,1133.6373
1.0,-0.0016938353655859828,-0.03202506899833679,1133.6373
1.0,-0.0015433720545843244,-0.16408583521842957,1133.6373
1.0,-0.0010508318664506078,0.0528961643576622,1133.6373
1.0,-0.0023282996844500303,0.2312573343515396,1133.6373
1.0,-0.0023313353303819895,-0.07397913932800293,1133.6373
1.0,-0.0011416348861530423,-0.16172459721565247,1133.6373
1.0,-0.0013876734301447868,0.13017912209033966,1133.6373
1.0,-0.00254948902875185,0.19351741671562195,1133.6373
1.0,-0.001465845387428999,-0.020897364243865013,1133.6373
1.0,-0.0015718049835413694,-0.06963073462247849,1133.6373
1.0,-0.0011141966097056866,0.1302400380373001,1133.6373
1.0,-0.0025099178310483694,0.28189554810523987,1133.6373
1.0,-0.002148127183318138,-0.02037832699716091,1133.6373
1.0,-0.001272709690965712,-0.13360100984573364,1133.6373
1.0,-0.0012518065050244331,0.14290684461593628,1133.6373
1.0,-0.0024449035990983248,0.21771357953548431,1133.6373
1.0,-0.001670663128606975,0.006606918293982744,1133.6373
1.0,-0.0015762575203552842,-0.0639713779091835,1133.6373
1.0,-0.001038071932271123,0.19759008288383484,1133.6373
1.0,-0.0025395117700099945,0.27808883786201477,1133.6373
1.0,-0.0019901192281395197,0.07050833106040955,1133.6373
1.0,-0.0015828865580260754,-0.06871728599071503,1133.6373
1.0,-0.0010800142772495747,0.16121985018253326,1133.6373
1.0,-0.0024970686063170433,0.3196222186088562,1133.6373
1.0,-0.0022100424394011497,0.021699348464608192,1133.6373
1.0,-0.001379897235892713,-0.11751054972410202,1133.6373
1.0,-0.0013299890561029315,0.22395280003547668,1133.6373
1.0,-0.0025505688972771168,0.26635870337486267,1133.6373
1.0,-0.0020779608748853207,0.043170757591724396,1133.6373
1.0,-0.0015747289871796966,-0.06296927481889725,1133.6373
1.0,-0.0011188301723450422,0.1446928232908249,1133.6373
1.0,-0.002541235415264964,0.30295827984809875,1133.6373
1.0,-0.002104903804138303,0.028988344594836235,1133.6373
1.0,-0.0014145509339869022,-0.09059672802686691,1133.6373
1.0,-0.001285497797653079,0.22123776376247406,1133.6373
1.0,-0.0025689112953841686,0.2851681709289551,1133.6373
1.0,-0.0020516247022897005,0.033969055861234665,1133.6373
1.0,-0.0015491346130147576,-0.06841588020324707,1133.6373
1.0,-0.0012534017441794276,0.20330840349197388,1133.6373
1.0,-0.0025718582328408957,0.2771064043045044,1133.6373
1.0,-0.0019024909706786275,0.031471483409404755,1133.6373
1.0,-0.0015178312314674258,-0.1471361517906189,1133.6373
1.0,-0.0011005713604390621,0.12006936222314835,1133.6373
1.0,-0.0024407817982137203,0.24962005019187927,1133.6373
1.0,-0.002014306839555502,-0.034308988600969315,1133.6373
1.0,-0.00149414106272161,-0.0725998505949974,1133.6373
1.0,-0.0010231522610411048,0.15446169674396515,1133.6373
1.0,-0.0025124831590801477,0.2621780037879944,1133.6373
1.0,-0.002003331435844302,0.06713065505027771,1133.6373
1.0,-0.0015260257059708238,-0.0819973573088646,1133.6373
1.0,-0.0010149907320737839,0.1633935570716858,1133.6373
1.0,-0.0024386474397033453,0.28774139285087585,1133.6373
1.0,-0.002019415842369199,0.05261087417602539,1133.6373
1.0,-0.0014763545477762818,-0.09738466888666153,1133.6373
1.0,-0.0011742649367079139,0.18480698764324188,1133.6373
1.0,-0.0025193707551807165,0.26031580567359924,1133.6373
1.0,-0.0021028865594416857,0.02588704042136669,1133.6373
1.0,-0.001496297656558454,-0.11352495849132538,1133.6373
1.0,-0.0011152371298521757,0.1164865642786026,1133.6373
1.0,-0.0024985920172184706,0.2822996973991394,1133.6373
1.0,-0.002186641562730074,0.01708976738154888,1133.6373
1.0,-0.0013524455716833472,-0.08488678932189941,1133.6373
1.0,-0.0010986957931891084,0.1837843954563141,1133.6373
1.0,-0.0025636369828134775,0.25905340909957886,1133.6373
1.0,-0.0019599576480686665,0.03740004822611809,1133.6373
1.0,-0.0015801754780113697,-0.06929970532655716,1133.6373
1.0,-0.0010159543016925454,0.15391361713409424,1133.6373
1.0,-0.0025107059627771378,0.26107484102249146,1133.6373
1.0,-0.0019365375628694892,0.0203219223767519,1133.6373
1.0,-0.0014853220200166106,-0.11072167754173279,1133.6373
1.0,-0.0012585014337673783,0.15920352935791016,1133.6373
1.0,-0.002475188346579671,0.25342869758605957,1133.6373
1.0,-0.0020826379768550396,-0.003152526682242751,1133.6373
1.0,-0.0014227875508368015,-0.10308948904275894,1133.6373
1.0,-0.0013252157950773835,0.19794747233390808,1133.6373
1.0,-0.002519061788916588,0.2639521658420563,1133.6373
1.0,-0.0018587273079901934,0.006400513928383589,1133.6373
1.0,-0.001457240548916161,-0.06771878898143768,1133.6373
1.0,-0.0013312383089214563,0.16735446453094482,1133.6373
1.0,-0.0024690504651516676,0.2773515582084656,1133.6373
1.0,-0.00205894373357296,0.03488827124238014,1133.6373
1.0,-0.0015484483446925879,-0.09173852950334549,1133.6373
1.0,-0.001301152748055756,0.21180927753448486,1133.6373
1.0,-0.0025628532748669386,0.29013025760650635,1133.6373
1.0,-0.0018276203190907836,0.03495066985487938,1133.6373
1.0,-0.0015360935358330607,-0.057907771319150925,1133.6373
1.0,-0.001237166696228087,0.20331329107284546,1133.6373
1.0,-0.0024902159348130226,0.2883895933628082,1133.6373
1.0,-0.0019024513894692063,0.021452082321047783,1133.6373
1.0,-0.0013984271790832281,-0.04976428672671318,1133.6373
1.0,-0.001325199962593615,0.17507094144821167,1133.6373
1.0,-0.0023717025760561228,0.28951558470726013,1133.6373
1.0,-0.0021843130234628916,0.05905050411820412,1133.6373
1.0,-0.0014931781915947795,-0.06918608397245407,1133.6373
1.0,-0.0012556503061205149,0.21254269778728485,1133.6373
1.0,-0.002539894776418805,0.3087557554244995,1133.6373
1.0,-0.0019000989850610495,0.06336904317140579,1133.6373
1.0,-0.001534358481876552,-0.035718079656362534,1133.6373
1.0,-0.0011249837698414922,0.1526903212070465,1133.6373
1.0,-0.002277062274515629,0.2987915575504303,1133.6373
1.0,-0.002121655736118555,0.06171036139130592,1133.6373
1.0,-0.0013295006938278675,-0.037034038454294205,1133.6373
1.0,-0.0011122178984805942,0.22206081449985504,1133.6373
1.0,-0.0025162645615637302,0.302251398563385,1133.6373
1.0,-0.0018536582356318831,0.07893703132867813,1133.6373
1.0,-0.0015388798201456666,-0.01771002821624279,1133.6373
1.0,-0.001036117784678936,0.18534062802791595,1133.6373
1.0,-0.0022807284258306026,0.30229610204696655,1133.6373
1.0,-0.001973323756828904,0.0762212947010994,1133.6373
1.0,-0.0013898496981710196,-0.05064531788229942,1133.6373
1.0,-0.0011852289317175746,0.24509520828723907,1133.6373
1.0,-0.002504624193534255,0.3225337564945221,1133.6373
1.0,-0.001962018199265003,0.06374157220125198,1133.6373
1.0,-0.001442216569557786,-0.02438388578593731,1133.6373
1.0,-0.0011810015421360731,0.15866103768348694,1133.6373
1.0,-0.0023289364762604237,0.31729599833488464,1133.6373
1.0,-0.002101936610415578,0.07813702523708344,1133.6373
1.0,-0.0014061492402106524,-0.014276242814958096,1133.6373
1.0,-0.0010510566644370556,0.23703555762767792,1133.6373
1.0,-0.0025378798600286245,0.29878222942352295,1133.6373
1.0,-0.0019675493240356445,0.09809619933366776,1133.6373
1.0,-0.0015844831941649318,0.013218260370194912,1133.6373
1.0,-0.0011735117295756936,0.21388380229473114,1133.6373
1.0,-0.002292827470228076,0.3320751488208771,1133.6373
1.0,-0.001979825086891651,0.06587150692939758,1133.6373
1.0,-0.0012187170796096325,-0.11865328252315521,1133.6373
1.0,-0.0011791324941441417,0.19079352915287018,1133.6373
1.0,-0.002299833344295621,0.2888031005859375,1133.6373
1.0,-0.0019674357026815414,0.03842915967106819,1133.6373
1.0,-0.0015104194171726704,0.01571792922914028,1133.6373
1.0,-0.0011181366862729192,0.207245334982872,1133.6373
1.0,-0.0025063902139663696,0.325080931186676,1133.6373
1.0,-0.0020992003846913576,0.1148562803864479,1133.6373
1.0,-0.0016426778165623546,-0.012367031536996365,1133.6373
1.0,-0.001085073803551495,0.22903922200202942,1133.6373
1.0,-0.0025069303810596466,0.3311969041824341,1133.6373
1.0,-0.001988583244383335,0.0531347431242466,1133.6373
1.0,-0.0013281513238325715,-0.04911142960190773,1133.6373
1.0,-0.0013188734883442521,0.2689966857433319,1133.6373
1.0,-0.0024304024409502745,0.31333041191101074,1133.6373
1.0,-0.0019128341227769852,0.026181338354945183,1133.6373
1.0,-0.0013403580524027348,-0.09004584699869156,1133.6373
1.0,-0.0011648646323010325,0.19233299791812897,1133.6373
1.0,-0.00241466355510056,0.2889884412288666,1133.6373
1.0,-0.002173090586438775,0.05036964640021324,1133.6373
1.0,-0.0015076481504365802,-0.009004025720059872,1133.6373
1.0,-0.0011183307506144047,0.19990278780460358,1133.6373
1.0,-0.0025309871416538954,0.311057984828949,1133.6373
1.0,-0.001995688769966364,0.07934308797121048,1133.6373
1.0,-0.0015215154271572828,-0.039380040019750595,1133.6373
1.0,-0.0011691717663779855,0.23263318836688995,1133.6373
1.0,-0.0025092216674238443,0.27357038855552673,1133.6373
1.0,-0.001964606810361147,0.045569609850645065,1133.6373
1.0,-0.0014894336927682161,-0.08285603672266006,1133.6373
1.0,-0.0012963050976395607,0.22646038234233856,1133.6373
1.0,-0.002540753921493888,0.29388627409935,1133.6373
1.0,-0.0017161705764010549,0.02115778438746929,1133.6373
1.0,-0.0013978935312479734,-0.058470290154218674,1133.6373
1.0,-0.0012109020026400685,0.1556202620267868,1133.6373
1.0,-0.0022600460797548294,0.30197015404701233,1133.6373
1.0,-0.0022513510193675756,0.06539001315832138,1133.6373
1.0,-0.0014766297535970807,-0.07775797694921494,1133.6373
1.0,-0.0013438223395496607,0.2351682484149933,1133.6373
1.0,-0.002565765753388405,0.30553898215293884,1133.6373
1.0,-0.0017664855113252997,0.06810574978590012,1133.6373
1.0,-0.0015721149975433946,-0.016570089384913445,1133.6373
1.0,-0.0011519909603521228,0.191792830824852,1133.6373
1.0,-0.0024391005281358957,0.3249291181564331,1133.6373
1.0,-0.002123151905834675,0.055765729397535324,1133.6373
1.0,-0.0014158259145915508,-0.05544721707701683,1133.6373
1.0,-0.0013523399829864502,0.2596694827079773,1133.6373
1.0,-0.0025526080280542374,0.31865012645721436,1133.6373
1.0,-0.0017717339796945453,0.07951631397008896,1133.6373
1.0,-0.0015557737788185477,-0.008074565790593624,1133.6373
1.0,-0.001260372344404459,0.20292586088180542,1133.6373
1.0,-0.002445557154715061,0.32694077491760254,1133.6373
1.0,-0.0020742560736835003,0.05653127655386925,1133.6373
1.0,-0.0014353871811181307,-0.03956816717982292,1133.6373
1.0,-0.0013049582485109568,0.27070191502571106,1133.6373
1.0,-0.0025216571521013975,0.3246329426765442,1133.6373
1.0,-0.001993251498788595,0.06758234649896622,1133.6373
1.0,-0.0014653508551418781,-0.011425464414060116,1133.6373
1.0,-0.0013718577101826668,0.23847630620002747,1133.6373
1.0,-0.0024845863226801157,0.32410210371017456,1133.6373
1.0,-0.0018008443294093013,0.08391774445772171,1133.6373
1.0,-0.001547852880321443,-0.08672288805246353,1133.6373
1.0,-0.00110858422704041,0.18178856372833252,1133.6373
1.0,-0.0023986606393009424,0.31093505024909973,1133.6373
1.0,-0.002033255295827985,0.04733167216181755,1133.6373
1.0,-0.0015574453864246607,-0.025678424164652824,1133.6373
1.0,-0.001094475039280951,0.2262517660856247,1133.6373
1.0,-0.0025150133296847343,0.35664623975753784,1133.6373
1.0,-0.001997030572965741,0.11119618266820908,1133.6373
1.0,-0.0015530429081991315,-0.013483687303960323,1133.6373
1.0,-0.0011492796475067735,0.26861947774887085,1133.6373
1.0,-0.002530438359826803,0.31990742683410645,1133.6373
1.0,-0.0019304328598082066,0.08897855132818222,1133.6373
1.0,-0.0015293745091184974,-0.028681008145213127,1133.6373
1.0,-0.0011895333882421255,0.19298306107521057,1133.6373
1.0,-0.002388471271842718,0.31592321395874023,1133.6373
1.0,-0.002197230001911521,0.069241963326931,1133.6373
1.0,-0.0014504734426736832,-0.06021931394934654,1133.6373
1.0,-0.001333926455117762,0.21381115913391113,1133.6373
1.0,-0.00250391592271626,0.3008376657962799,1133.6373
1.0,-0.0019926289096474648,0.07245875149965286,1133.6373
1.0,-0.0015779328532516956,-0.041460614651441574,1133.6373
1.0,-0.0011218729196116328,0.2344529926776886,1133.6373
1.0,-0.002545331371948123,0.33242812752723694,1133.6373
1.0,-0.002036759164184332,0.05742534622550011,1133.6373
1.0,-0.0014184637693688273,-0.036068256944417953,1133.6373
1.0,-0.0013206704752519727,0.20405834913253784,1133.6373
1.0,-0.0024968236684799194,0.30206140875816345,1133.6373
1.0,-0.0020299279130995274,0.08508934825658798,1133.6373
1.0,-0.0015691493172198534,-0.05046836659312248,1133.6373
1.0,-0.0011551447678357363,0.22915376722812653,1133.6373
1.0,-0.0025396691635251045,0.3169979751110077,1133.6373
1.0,-0.0019341417355462909,0.05979090556502342,1133.6373
1.0,-0.0014407135313376784,-0.032706182450056076,1133.6373
1.0,-0.0012482925085350871,0.17227044701576233,1133.6373
1.0,-0.002336932811886072,0.3031957745552063,1133.6373
1.0,-0.0021177437156438828,0.08700787276029587,1133.6373
1.0,-0.001504070358350873,-0.045996155589818954,1133.6373
1.0,-0.0011347387917339802,0.2305302619934082,1133.6373
1.0,-0.0025440689641982317,0.3092605471611023,1133.6373
1.0,-0.0018580594332888722,0.08693709224462509,1133.6373
1.0,-0.0015911865048110485,-0.013545154593884945,1133.6373
1.0,-0.001021206146106124,0.20282714068889618,1133.6373
1.0,-0.002416306408122182,0.31126847863197327,1133.6373
1.0,-0.0019098796183243394,0.08509121090173721,1133.6373
1.0,-0.0015170336700975895,-0.053022053092718124,1133.6373
1.0,-0.0012035367544740438,0.21889431774616241,1133.6373
1.0,-0.0024671885184943676,0.3137569725513458,1133.6373
1.0,-0.0020543935243040323,0.0718235895037651,1133.6373
1.0,-0.0014758487232029438,-0.04044361039996147,1133.6373
1.0,-0.0012766752624884248,0.24591198563575745,1133.6373
1.0,-0.002511202357709408,0.3156494200229645,1133.6373
1.0,-0.0018498996505513787,0.07439031451940536,1133.6373
1.0,-0.001546582323499024,-0.022858379408717155,1133.6373
1.0,-0.0012843499425798655,0.2126060277223587,1133.6373
1.0,-0.002465524710714817,0.33368539810180664,1133.6373
1.0,-0.0020293905399739742,0.09106657654047012,1133.6373
1.0,-0.001553684356622398,-0.04121474549174309,1133.6373
1.0,-0.0012579559115692973,0.2575926184654236,1133.6373
1.0,-0.002540312008932233,0.3327559530735016,1133.6373
1.0,-0.0018141132313758135,0.08476152271032333,1133.6373
1.0,-0.0015480024740099907,-0.01332163717597723,1133.6373
1.0,-0.0012270859442651272,0.21166911721229553,1133.6373
1.0,-0.002408814150840044,0.3286711573600769,1133.6373
1.0,-0.002066783607006073,0.08644349128007889,1133.6373
1.0,-0.0014786142855882645,-0.035056840628385544,1133.6373
1.0,-0.0012743552215397358,0.27850639820098877,1133.6373
1.0,-0.002539493143558502,0.3419201672077179,1133.6373
1.0,-0.0018835440278053284,0.08632055670022964,1133.6373
1.0,-0.001542767626233399,-0.006187706720083952,1133.6373
1.0,-0.0013538977364078164,0.22558866441249847,1133.6373
1.0,-0.002454346278682351,0.33642348647117615,1133.6373
1.0,-0.001957576023414731,0.08358433097600937,1133.6373
1.0,-0.0015685117105022073,-0.0572986863553524,1133.6373
1.0,-0.0011301509803161025,0.27384233474731445,1133.6373
1.0,-0.002533908933401108,0.36434826254844666,1133.6373
1.0,-0.002030991017818451,0.08064880222082138,1133.6373
1.0,-0.0014249187661334872,-0.0063814218156039715,1133.6373
1.0,-0.0013641680125147104,0.2256631702184677,1133.6373
1.0,-0.0024301589000970125,0.3195143938064575,1133.6373
1.0,-0.0018933549290522933,0.08425860852003098,1133.6373
1.0,-0.0015754569321870804,-0.047340985387563705,1133.6373
1.0,-0.001073501887731254,0.2614445686340332,1133.6373
1.0,-0.0025146626867353916,0.3376602828502655,1133.6373
1.0,-0.0018982067704200745,0.10235606878995895,1133.6373
1.0,-0.001547334948554635,-0.016666946932673454,1133.6373
1.0,-0.0011660471791401505,0.26996803283691406,1133.6373
1.0,-0.0024789448361843824,0.33222880959510803,1133.6373
1.0,-0.0019458535825833678,0.07523223012685776,1133.6373
1.0,-0.0014243479818105698,-0.02584233693778515,1133.6373
1.0,-0.0012676992919296026,0.19314883649349213,1133.6373
1.0,-0.0023983309511095285,0.34087520837783813,1133.6373
1.0,-0.002197563648223877,0.10565667599439621,1133.6373
1.0,-0.0015261213993653655,-0.020734963938593864,1133.6373
1.0,-0.0011374806053936481,0.2595856487751007,1133.6373
1.0,-0.002562453504651785,0.33418458700180054,1133.6373
1.0,-0.0018590441904962063,0.10254233330488205,1133.6373
1.0,-0.001600185758434236,0.012122093699872494,1133.6373
1.0,-0.0010475997114554048,0.24021415412425995,1133.6373
1.0,-0.002435586415231228,0.3252885937690735,1133.6373
1.0,-0.0018281672382727265,0.09778141230344772,1133.6373
1.0,-0.0015214100712910295,-0.024512408301234245,1133.6373
1.0,-0.0012239099014550447,0.20287929475307465,1133.6373
1.0,-0.002368863904848695,0.332817405462265,1133.6373
1.0,-0.002153900684788823,0.10342895239591599,1133.6373
1.0,-0.001509333960711956,-0.034749504178762436,1133.6373
1.0,-0.0012265731347724795,0.263515830039978,1133.6373
1.0,-0.002551811281591654,0.3510005474090576,1133.6373
1.0,-0.001905321259982884,0.0802464708685875,1133.6373
1.0,-0.0014656694838777184,0.014185904525220394,1133.6373
1.0,-0.0011798689374700189,0.2156384140253067,1133.6373
1.0,-0.002325341571122408,0.3098211884498596,1133.6373
1.0,-0.001825960585847497,0.11372192949056625,1133.6373
1.0,-0.0015659111086279154,-0.015478580258786678,1133.6373
1.0,-0.0010737564880400896,0.268653005361557,1133.6373
1.0,-0.0024901111610233784,0.3380588889122009,1133.6373
1.0,-0.0017889059381559491,0.10240822285413742,1133.6373
1.0,-0.0015392717905342579,-0.011719762347638607,1133.6373
1.0,-0.0011507264571264386,0.2155005782842636,1133.6373
1.0,-0.0023866072297096252,0.34937259554862976,1133.6373
1.0,-0.002175324596464634,0.09806080907583237,1133.6373
1.0,-0.0014641090529039502,-0.02831592969596386,1133.6373
1.0,-0.0012939564185217023,0.2781413197517395,1133.6373
1.0,-0.00255508441478014,0.34925711154937744,1133.6373
1.0,-0.0018193736905232072,0.09818001836538315,1133.6373
1.0,-0.001560428412631154,0.009581445716321468,1133.6373
1.0,-0.0012525225756689906,0.22950021922588348,1133.6373
1.0,-0.0024246845860034227,0.347293883562088,1133.6373
1.0,-0.002010237891227007,0.07978826016187668,1133.6373
1.0,-0.0014483740087598562,-0.016294417902827263,1133.6373
1.0,-0.0013507992262020707,0.2783275842666626,1133.6373
1.0,-0.00249437871389091,0.3311931788921356,1133.6373
1.0,-0.0018513298127800226,0.10760872811079025,1133.6373
1.0,-0.0015694526955485344,0.004395842086523771,1133.6373
1.0,-0.0012673911405727267,0.23401527106761932,1133.6373
1.0,-0.002449092222377658,0.3527737855911255,1133.6373
1.0,-0.002044792752712965,0.0861436054110527,1133.6373
1.0,-0.0015043221646919847,-0.046521421521902084,1133.6373
1.0,-0.0011722005438059568,0.27351078391075134,1133.6373
1.0,-0.00250720651820302,0.3435983955860138,1133.6373
1.0,-0.0020340189803391695,0.10235979408025742,1133.6373
1.0,-0.0015042312443256378,-0.0010356305865570903,1133.6373
1.0,-0.0012195263989269733,0.2257414013147354,1133.6373
1.0,-0.0024696614127606153,0.347930908203125,1133.6373
1.0,-0.002008950337767601,0.08124112337827682,1133.6373
1.0,-0.0015002909349277616,-0.04025920853018761,1133.6373
1.0,-0.001082769245840609,0.257991224527359,1133.6373
1.0,-0.0024991941172629595,0.3380924165248871,1133.6373
1.0,-0.0018862200668081641,0.10824202746152878,1133.6373
1.0,-0.0015568726230412722,-0.007264315616339445,1133.6373
1.0,-0.0010950019350275397,0.23644043505191803,1133.6373
1.0,-0.0024194505531340837,0.32288578152656555,1133.6373
1.0,-0.001827059080824256,0.09670852869749069,1133.6373
1.0,-0.0015422317665070295,-0.021692363545298576,1133.6373
1.0,-0.0011895544594153762,0.26058030128479004,1133.6373
1.0,-0.0024947654455900192,0.35155189037323,1133.6373
1.0,-0.0020272668916732073,0.07280334085226059,1133.6373
1.0,-0.0014401935040950775,-0.012237577699124813,1133.6373
1.0,-0.0013936596224084496,0.2767033576965332,1133.6373
1.0,-0.002522261580452323,0.32307949662208557,1133.6373
1.0,-0.0016308871563524008,0.08266418427228928,1133.6373
1.0,-0.0015654827002435923,0.02294778637588024,1133.6373
1.0,-0.00132929184474051,0.2889409363269806,1133.6373
1.0,-0.0025000162422657013,0.3509558439254761,1133.6373
1.0,-0.001926003023982048,0.090662382543087,1133.6373
1.0,-0.001456146128475666,-0.007823108695447445,1133.6373
1.0,-0.0012613588478416204,0.21383164823055267,1133.6373
1.0,-0.002364617306739092,0.3483108878135681,1133.6373
1.0,-0.0022501265630126,0.10950490087270737,1133.6373
1.0,-0.001515704090707004,-0.03098323754966259,1133.6373
1.0,-0.001316075911745429,0.2817511260509491,1133.6373
1.0,-0.0025637333746999502,0.3549121022224426,1133.6373
1.0,-0.001897936686873436,0.1049823984503746,1133.6373
1.0,-0.0015695038018748164,0.009562819264829159,1133.6373
1.0,-0.0012514576083049178,0.278484046459198,1133.6373
1.0,-0.002497418550774455,0.3331415057182312,1133.6373
1.0,-0.0018141588661819696,0.08600204437971115,1133.6373
1.0,-0.0014554631197825074,-0.023495404049754143,1133.6373
1.0,-0.0011456456268206239,0.19732488691806793,1133.6373
1.0,-0.0023489997256547213,0.3529004454612732,1133.6373
1.0,-0.002308550290763378,0.08619575947523117,1133.6373
1.0,-0.0014630128862336278,-0.007316469680517912,1133.6373
1.0,-0.0011342278448864818,0.25063377618789673,1133.6373
1.0,-0.0025462047196924686,0.34431737661361694,1133.6373
1.0,-0.00193198979832232,0.11782347410917282,1133.6373
1.0,-0.0016090377466753125,0.007856636308133602,1133.6373
1.0,-0.0010376896243542433,0.2288147658109665,1133.6373
1.0,-0.002451739041134715,0.3317817747592926,1133.6373
1.0,-0.0019029689719900489,0.09376927465200424,1133.6373
1.0,-0.001496699289418757,-0.03837793692946434,1133.6373
1.0,-0.0012633102014660835,0.24710221588611603,1133.6373
1.0,-0.002477693371474743,0.3226771652698517,1133.6373
1.0,-0.0019976068288087845,0.08239223808050156,1133.6373
1.0,-0.0014970599440857768,-0.01864135079085827,1133.6373
1.0,-0.0012886077165603638,0.24242697656154633,1133.6373
1.0,-0.002490469953045249,0.33457574248313904,1133.6373
1.0,-0.001985312672331929,0.08594616502523422,1133.6373
1.0,-0.0015500826993957162,-0.028818843886256218,1133.6373
1.0,-0.0013026496162638068,0.26661527156829834,1133.6373
1.0,-0.0025253344792872667,0.33868473768234253,1133.6373
1.0,-0.001831119880080223,0.0946149155497551,1133.6373
1.0,-0.0015480205183848739,-0.021975485607981682,1133.6373
1.0,-0.0011636146809905767,0.18479301035404205,1133.6373
1.0,-0.002376423915848136,0.34041327238082886,1133.6373
1.0,-0.0022102901712059975,0.09995698183774948,1133.6373
1.0,-0.0014862637035548687,-0.04392489418387413,1133.6373
1.0,-0.001293445355258882,0.2706497609615326,1133.6373
1.0,-0.002561511006206274,0.3398880064487457,1133.6373
1.0,-0.001921965624205768,0.09146331995725632,1133.6373
1.0,-0.001572303008288145,-0.004485249053686857,1133.6373
1.0,-0.0012188996188342571,0.25115904211997986,1133.6373
1.0,-0.0024993829429149628,0.3425627648830414,1133.6373
1.0,-0.0018769417656585574,0.08600204437971115,1133.6373
1.0,-0.0014370204880833626,-0.07828696817159653,1133.6373
1.0,-0.0010919187916442752,0.18854065239429474,1133.6373
1.0,-0.002343473955988884,0.3109164237976074,1133.6373
1.0,-0.0020234582480043173,0.04672258719801903,1133.6373
1.0,-0.0015513470862060785,0.013191252015531063,1133.6373
1.0,-0.0010878833709284663,0.21375341713428497,1133.6373
1.0,-0.0024883467704057693,0.35038214921951294,1133.6373
1.0,-0.0020683160983026028,0.12151896208524704,1133.6373
1.0,-0.001617116155102849,-0.016916541382670403,1133.6373
1.0,-0.0010497755138203502,0.2606808841228485,1133.6373
1.0,-0.0025299859698861837,0.338003009557724,1133.6373
1.0,-0.0019568318966776133,0.09963660687208176,1133.6373
1.0,-0.0015376199735328555,-0.027276573702692986,1133.6373
1.0,-0.0011748414253816009,0.19189341366291046,1133.6373
1.0,-0.002410844201222062,0.3266259729862213,1133.6373
1.0,-0.002153425943106413,0.08877738565206528,1133.6373
1.0,-0.0014792561996728182,-0.04502758011221886,1133.6373
1.0,-0.0012328404700383544,0.18470732867717743,1133.6373
1.0,-0.0024628895334899426,0.2979673147201538,1133.6373
1.0,-0.0019464377546682954,0.08732824772596359,1133.6373
1.0,-0.001578813185915351,-0.046424563974142075,1133.6373
1.0,-0.0010336637496948242,0.23235006630420685,1133.6373
1.0,-0.0025316488463431597,0.3402642607688904,1133.6373
1.0,-0.001969816628843546,0.08982419222593307,1133.6373
1.0,-0.0015180330956354737,-0.035781409591436386,1133.6373
1.0,-0.0011783679947257042,0.21354852616786957,1133.6373
1.0,-0.0024712132290005684,0.3110281825065613,1133.6373
1.0,-0.0021157576702535152,0.07675214856863022,1133.6373
1.0,-0.0014911844627931714,-0.04431232437491417,1133.6373
1.0,-0.0012412036303430796,0.18612293899059296,1133.6373
1.0,-0.002499526599422097,0.3127492666244507,1133.6373
1.0,-0.0020901139359921217,0.08339806646108627,1133.6373
1.0,-0.0015697147464379668,-0.08497386425733566,1133.6373
1.0,-0.001101909438148141,0.22824479639530182,1133.6373
1.0,-0.0025531197898089886,0.32272931933403015,1133.6373
1.0,-0.0019343453459441662,0.07857754081487656,1133.6373
1.0,-0.001581978052854538,-0.039324160665273666,1133.6373
1.0,-0.0010907925898209214,0.18697603046894073,1133.6373
1.0,-0.0024244296364486217,0.3059878647327423,1133.6373
1.0,-0.0021512573584914207,0.0477619431912899,1133.6373
1.0,-0.0013637255178764462,-0.06444751471281052,1133.6373
1.0,-0.001350685954093933,0.23958085477352142,1133.6373
1.0,-0.002501480747014284,0.28970834612846375,1133.6373
1.0,-0.0019361578160896897,0.07228925079107285,1133.6373
1.0,-0.00156246533151716,-0.03738328441977501,1133.6373
1.0,-0.0012725358828902245,0.1905411332845688,1133.6373
1.0,-0.0025086693931370974,0.32661107182502747,1133.6373
1.0,-0.002000437118113041,0.07235630601644516,1133.6373
1.0,-0.0015474902465939522,-0.05326419696211815,1133.6373
1.0,-0.001236820942722261,0.2615227997303009,1133.6373
1.0,-0.0025656840298324823,0.32609325647354126,1133.6373
1.0,-0.0017488168086856604,0.06603821367025375,1133.6373
1.0,-0.0015275796176865697,-0.02823769859969616,1133.6373
1.0,-0.0012057883432134986,0.17397849261760712,1133.6373
1.0,-0.002398240612819791,0.3455653488636017,1133.6373
1.0,-0.002242928370833397,0.06648897379636765,1133.6373
1.0,-0.0014556566020473838,-0.06110965833067894,1133.6373
1.0,-0.0013666350860148668,0.25809553265571594,1133.6373
1.0,-0.002570352517068386,0.31856444478034973,1133.6373
1.0,-0.0018598834285512567,0.08196382969617844,1133.6373
1.0,-0.001595181878656149,-0.016048548743128777,1133.6373
1.0,-0.0011657716240733862,0.24261324107646942,1133.6373
1.0,-0.0025325349997729063,0.3269314467906952,1133.6373
1.0,-0.0018645478412508965,0.05213915929198265,1133.6373
1.0,-0.0013558381469920278,-0.034630294889211655,1133.6373
1.0,-0.0012354295467957854,0.1883581131696701,1133.6373
1.0,-0.0022540134377777576,0.3027096092700958,1133.6373
1.0,-0.0020872519817203283,0.09398161619901657,1133.6373
1.0,-0.0015091834357008338,-0.02267211489379406,1133.6373
1.0,-0.0012600942282006145,0.24856625497341156,1133.6373
1.0,-0.0025448601227253675,0.35677847266197205,1133.6373
1.0,-0.0020217224955558777,0.08882581442594528,1133.6373
1.0,-0.0014744979562237859,0.005006789695471525,1133.6373
1.0,-0.0011576818069443107,0.1848861426115036,1133.6373
1.0,-0.0023415463510900736,0.3124326169490814,1133.6373
1.0,-0.0021157560404390097,0.07627158612012863,1133.6373
1.0,-0.0014147345209494233,-0.010505317710340023,1133.6373
1.0,-0.0010374303674325347,0.2240016907453537,1133.6373
1.0,-0.002505212789401412,0.32135096192359924,1133.6373
1.0,-0.0020826824475079775,0.11535733193159103,1133.6373
1.0,-0.0015930054942145944,0.010833143256604671,1133.6373
1.0,-0.0011416359338909388,0.14644114673137665,1133.6373
1.0,-0.0021705992985516787,0.3206580579280853,1133.6373
1.0,-0.002111840760335326,0.06651877611875534,1133.6373
1.0,-0.0013631859328597784,-0.06309150904417038,1133.6373
1.0,-0.001254024333320558,0.26006248593330383,1133.6373
1.0,-0.002488290425390005,0.33648309111595154,1133.6373
1.0,-0.0022059264592826366,0.07956474274396896,1133.6373
1.0,-0.0014871760504320264,-0.04351138696074486,1133.6373
1.0,-0.0012080613523721695,0.1525878757238388,1133.6373
1.0,-0.0025050549302250147,0.31478700041770935,1133.6373
1.0,-0.002060606377199292,0.08548795431852341,1133.6373
1.0,-0.0015685544349253178,-0.04322081431746483,1133.6373
1.0,-0.0010526890400797129,0.2370998114347458,1133.6373
1.0,-0.0025696142110973597,0.31807270646095276,1133.6373
1.0,-0.0019503837684169412,0.07605551928281784,1133.6373
1.0,-0.0015819419641047716,-0.03102421574294567,1133.6373
1.0,-0.0010949464049190283,0.23996083438396454,1133.6373
1.0,-0.0025004439521580935,0.3103017508983612,1133.6373
1.0,-0.0020005195401608944,0.047400590032339096,1133.6373
1.0,-0.0013765747426077724,-0.07662921398878098,1133.6373
1.0,-0.001285419100895524,0.16264615952968597,1133.6373
1.0,-0.0024233500007539988,0.30450519919395447,1133.6373
1.0,-0.002162267453968525,0.06943940371274948,1133.6373
1.0,-0.0015795088838785887,-0.07738172262907028,1133.6373
1.0,-0.0011962555581703782,0.2336948961019516,1133.6373
1.0,-0.002570905489847064,0.3340243995189667,1133.6373
1.0,-0.001980337779968977,0.05682557448744774,1133.6373
1.0,-0.0015230756253004074,-0.04458427056670189,1133.6373
1.0,-0.0012998173478990793,0.24318693578243256,1133.6373
1.0,-0.002527671866118908,0.2997666299343109,1133.6373
1.0,-0.00179767026565969,0.06748735159635544,1133.6373
1.0,-0.001541788806207478,-0.06555020064115524,1133.6373
1.0,-0.0011271745897829533,0.15462933480739594,1133.6373
1.0,-0.0024201814085245132,0.31656768918037415,1133.6373
1.0,-0.0022400731686502695,0.06216764077544212,1133.6373
1.0,-0.0014742001658305526,-0.06138532981276512,1133.6373
1.0,-0.001263028010725975,0.23017077147960663,1133.6373
1.0,-0.0025669930037111044,0.3220215141773224,1133.6373
1.0,-0.0019794185645878315,0.0676959678530693,1133.6373
1.0,-0.0015402077697217464,-0.02232193760573864,1133.6373
1.0,-0.0011069446336477995,0.2256259173154831,1133.6373
1.0,-0.0024910559877753258,0.294283002614975,1133.6373
1.0,-0.0017489667516201735,0.08778273314237595,1133.6373
1.0,-0.0015808881726115942,-0.0983998104929924,1133.6373
1.0,-0.0010103917447850108,0.1473352164030075,1133.6373
1.0,-0.002357612829655409,0.29061731696128845,1133.6373
1.0,-0.0015592349227517843,0.04703551158308983,1133.6373
1.0,-0.001402372377924621,0.036440785974264145,1133.6373
1.0,-0.0011446456192061305,0.2212524265050888,1133.6373
1.0,-0.002431622240692377,0.28820332884788513,1133.6373
1.0,-0.002048702910542488,0.06124376878142357,1133.6373
1.0,-0.0014249171363189816,-0.05238502845168114,1133.6373
1.0,-0.00115276372525841,0.22830812633037567,1133.6373
1.0,-0.002559778280556202,0.29765066504478455,1133.6373
1.0,-0.0018562644254416227,0.07339566200971603,1133.6373
1.0,-0.0015861678402870893,-0.024102626368403435,1133.6373
1.0,-0.0010275389067828655,0.16530601680278778,1133.6373
1.0,-0.002349580405279994,0.2927258312702179,1133.6373
1.0,-0.0019030271796509624,0.05404650792479515,1133.6373
1.0,-0.001527004293166101,-0.09724497050046921,1133.6373
1.0,-0.0011291621485725045,0.244609996676445,1133.6373
1.0,-0.002508287550881505,0.3249272406101227,1133.6373
1.0,-0.002131787594407797,0.03771483525633812,1133.6373
1.0,-0.0013817056315019727,-0.04547834023833275,1133.6373
1.0,-0.0014167283661663532,0.23489443957805634,1133.6373
1.0,-0.0025161257945001125,0.293597549200058,1133.6373
1.0,-0.001548514817841351,0.07336585968732834,1133.6373
1.0,-0.0015699007781222463,-0.05457549914717674,1133.6373
1.0,-0.0010332409292459488,0.17460434138774872,1133.6373
1.0,-0.002390142995864153,0.3352835476398468,1133.6373
1.0,-0.0022926710080355406,0.05153566226363182,1133.6373
1.0,-0.0013913755537942052,-0.028811393305659294,1133.6373
1.0,-0.0011170797515660524,0.22128967940807343,1133.6373
1.0,-0.002550759818404913,0.32097843289375305,1133.6373
1.0,-0.0019748066551983356,0.0976174995303154,1133.6373
1.0,-0.0016091240104287863,-0.007770955096930265,1133.6373
1.0,-0.001056819106452167,0.2281889170408249,1133.6373
1.0,-0.0024648860562592745,0.30778345465660095,1133.6373
1.0,-0.0019306618487462401,0.05949288234114647,1133.6373
1.0,-0.0012516097631305456,-0.07873772829771042,1133.6373
1.0,-0.0011931642657145858,0.15835462510585785,1133.6373
1.0,-0.002254856750369072,0.2862214744091034,1133.6373
1.0,-0.0021177949383854866,0.07090716809034348,1133.6373
1.0,-0.001447582500986755,-0.010058282874524593,1133.6373
1.0,-0.001078466302715242,0.21539627015590668,1133.6373
1.0,-0.0025429436936974525,0.3244653046131134,1133.6373
1.0,-0.001957901520654559,0.08881091326475143,1133.6373
1.0,-0.0015223610680550337,-0.0061616296879947186,1133.6373
1.0,-0.0010520474752411246,0.18748639523983002,1133.6373
1.0,-0.002334459451958537,0.29668208956718445,1133.6373
1.0,-0.0020262335892766714,0.08467584103345871,1133.6373
1.0,-0.0014009966980665922,-0.04965066537261009,1133.6373
1.0,-0.001141466316767037,0.23300199210643768,1133.6373
1.0,-0.0025068847462534904,0.3016963303089142,1133.6373
1.0,-0.0018381680129095912,0.08510052412748337,1133.6373
1.0,-0.001590241794474423,-0.02932548336684704,1133.6373
1.0,-0.0010698632104322314,0.18215177953243256,1133.6373
1.0,-0.00244920258410275,0.3349035680294037,1133.6373
1.0,-0.0021355501376092434,0.04337727651000023,1133.6373
1.0,-0.0012864758027717471,-0.046521421521902084,1133.6373
1.0,-0.0013231128687039018,0.24402140080928802,1133.6373
1.0,-0.0025239053647965193,0.30743327736854553,1133.6373
1.0,-0.0018420907435938716,0.07789581269025803,1133.6373
1.0,-0.0015617173630744219,-0.014603137038648129,1133.6373
1.0,-0.0011597679695114493,0.1908540576696396,1133.6373
1.0,-0.0024094043765217066,0.32692399621009827,1133.6373
1.0,-0.0020185974426567554,0.07557123154401779,1133.6373
1.0,-0.001430898904800415,-0.03422796353697777,1133.6373
1.0,-0.0012001428985968232,0.2608000934123993,1133.6373
1.0,-0.0025438652373850346,0.3297775685787201,1133.6373
1.0,-0.0018824096769094467,0.0751689001917839,1133.6373
1.0,-0.0014543188735842705,0.0007599591626785696,1133.6373
1.0,-0.001280495198443532,0.20159034430980682,1133.6373
1.0,-0.0023876908235251904,0.3259926736354828,1133.6373
1.0,-0.001963808434084058,0.07385759800672531,1133.6373
1.0,-0.0015090866945683956,-0.0481829009950161,1133.6373
1.0,-0.0010728408815339208,0.2353563755750656,1133.6373
1.0,-0.002492461586371064,0.3169029653072357,1133.6373
1.0,-0.0018658166518434882,0.10973214358091354,1133.6373
1.0,-0.0015981015749275684,-0.021889803931117058,1133.6373
1.0,-0.0010657071834430099,0.24837999045848846,1133.6373
1.0,-0.0024990630336105824,0.3241598308086395,1133.6373
1.0,-0.0017903030384331942,0.08131562918424606,1133.6373
1.0,-0.0015084054321050644,-0.018395481631159782,1133.6373
1.0,-0.0011494092177599669,0.22813676297664642,1133.6373
1.0,-0.0023563788272440434,0.32948699593544006,1133.6373
1.0,-0.0022518765181303024,0.06657838076353073,1133.6373
1.0,-0.0013484563678503036,-0.029362736269831657,1133.6373
1.0,-0.0013543640961870551,0.26150044798851013,1133.6373
1.0,-0.002534538973122835,0.3330036699771881,1133.6373
1.0,-0.0018527830252423882,0.09488313645124435,1133.6373
1.0,-0.0015751224709674716,0.0004321336455177516,1133.6373
1.0,-0.0011679442832246423,0.20290909707546234,1133.6373
1.0,-0.002419163705781102,0.3472193777561188,1133.6373
1.0,-0.002024757908657193,0.09010731428861618,1133.6373
1.0,-0.0014508197782561183,-0.02235919050872326,1133.6373
1.0,-0.0012205985840409994,0.2794041931629181,1133.6373
1.0,-0.002537630731239915,0.34207847714424133,1133.6373
1.0,-0.001894043292850256,0.0853910967707634,1133.6373
1.0,-0.001451155636459589,0.01246482040733099,1133.6373
1.0,-0.0013348122593015432,0.23850052058696747,1133.6373
1.0,-0.0024285316467285156,0.3270283043384552,1133.6373
1.0,-0.0018321666866540909,0.09768455475568771,1133.6373
1.0,-0.001556339324451983,-0.0053420658223330975,1133.6373
1.0,-0.0012595966691151261,0.20710377395153046,1133.6373
1.0,-0.0024103194009512663,0.3373101055622101,1133.6373
1.0,-0.0020182833541184664,0.12552736699581146,1133.6373
1.0,-0.001580679090693593,-0.017464159056544304,1133.6373
1.0,-0.0011492505436763167,0.2640857994556427,1133.6373
1.0,-0.0025343988090753555,0.3640576899051666,1133.6373
1.0,-0.001977964537218213,0.09544938057661057,1133.6373
1.0,-0.0014339967165142298,0.00443309498950839,1133.6373
1.0,-0.0012632844736799598,0.20612774789333344,1133.6373
1.0,-0.0022740797139704227,0.3300308883190155,1133.6373
1.0,-0.002106826053932309,0.1231953427195549,1133.6373
1.0,-0.001497554825618863,-0.005103647243231535,1133.6373
1.0,-0.0011108018225058913,0.22030620276927948,1133.6373
1.0,-0.002452670130878687,0.32700595259666443,1133.6373
1.0,-0.0019177370704710484,0.1307278722524643,1133.6373
1.0,-0.0016161781968548894,-0.002317130332812667,1133.6373
1.0,-0.0010319623397663236,0.26777383685112,1133.6373
1.0,-0.002492316300049424,0.3428160846233368,1133.6373
1.0,-0.0018817230593413115,0.0850781723856926,1133.6373
1.0,-0.0013319657882675529,-0.023230908438563347,1133.6373
1.0,-0.0011723554925993085,0.19114463031291962,1133.6373
1.0,-0.0022151425946503878,0.3317817747592926,1133.6373
1.0,-0.0023019954096525908,0.07589905709028244,1133.6373
1.0,-0.0013626770814880729,-0.0032857058104127645,1133.6373
1.0,-0.0010737009579315782,0.2327561229467392,1133.6373
1.0,-0.0025324570015072823,0.33111122250556946,1133.6373
1.0,-0.0019198505906388164,0.0982731506228447,1133.6373
1.0,-0.0015249036950990558,0.012204050086438656,1133.6373
1.0,-0.001121692475862801,0.2565532624721527,1133.6373
1.0,-0.002313031116500497,0.28835979104042053,1133.6373
1.0,-0.0015698338393121958,0.08800625056028366,1133.6373
1.0,-0.0014263719785958529,-0.03696232661604881,1133.6373
1.0,-0.0010982619132846594,0.2018287628889084,1133.6373
1.0,-0.0022183291148394346,0.3497227728366852,1133.6373
1.0,-0.002429012907668948,0.06882845610380173,1133.6373
1.0,-0.0013308848720043898,-0.026918945834040642,1133.6373
1.0,-0.0013175156200304627,0.24678556621074677,1133.6373
1.0,-0.0025489500258117914,0.3431066572666168,1133.6373
1.0,-0.002029253402724862,0.09969621151685715,1133.6373
1.0,-0.0015734999906271696,0.002838670974597335,1133.6373
1.0,-0.001078869798220694,0.2412944883108139,1133.6373
1.0,-0.002485104138031602,0.31657513976097107,1133.6373
1.0,-0.001816385774873197,0.11055915802717209,1133.6373
1.0,-0.0015817068051546812,-0.08739530295133591,1133.6373
1.0,-0.0010051514254882932,0.15887616574764252,1133.6373
1.0,-0.0023099780082702637,0.29533353447914124,1133.6373
1.0,-0.001755482517182827,0.06198882684111595,1133.6373
1.0,-0.0015801794361323118,-0.02037733606994152,1133.6373
1.0,-0.001063931966200471,0.23967771232128143,1133.6373
1.0,-0.0024729014839977026,0.3624856173992157,1133.6373
1.0,-0.0020297786686569452,0.1011192724108696,1133.6373
1.0,-0.0014177697012200952,-0.01761317066848278,1133.6373
1.0,-0.0013268612092360854,0.2672522962093353,1133.6373
1.0,-0.0025204552803188562,0.31435486674308777,1133.6373
1.0,-0.0021168699022382498,0.07536261528730392,1133.6373
1.0,-0.0014616212574765086,-0.03536045178771019,1133.6373
1.0,-0.0013149466831237078,0.20650772750377655,1133.6373
1.0,-0.0025035219732671976,0.30011680722236633,1133.6373
1.0,-0.0019020510371774435,0.08178501576185226,1133.6373
1.0,-0.001567232538945973,-0.05250423774123192,1133.6373
1.0,-0.0010892439167946577,0.16990302503108978,1133.6373
1.0,-0.002459185430780053,0.3141462504863739,1133.6373
1.0,-0.0021504871547222137,0.0604093037545681,1133.6373
1.0,-0.001466737361624837,-0.05809217318892479,1133.6373
1.0,-0.0012466043699532747,0.24000553786754608,1133.6373
1.0,-0.0025559458881616592,0.3231838047504425,1133.6373
1.0,-0.0019566102419048548,0.06686895340681076,1133.6373
1.0,-0.001542612910270691,-0.035077329725027084,1133.6373
1.0,-0.001269438536837697,0.170566126704216,1133.6373
1.0,-0.0024126532953232527,0.3034919202327728,1133.6373
1.0,-0.002038534265011549,0.0920221135020256,1133.6373
1.0,-0.001565705519169569,-0.07722526043653488,1133.6373
1.0,-0.0010902491630986333,0.23226438462734222,1133.6373
1.0,-0.0025432563852518797,0.3122985064983368,1133.6373
1.0,-0.0018787332810461521,0.07667391747236252,1133.6373
1.0,-0.0015847343020141125,-0.03553926572203636,1133.6373
1.0,-0.0010974741308018565,0.21585075557231903,1133.6373
1.0,-0.002487722784280777,0.3211125433444977,1133.6373
1.0,-0.002077195793390274,0.047944482415914536,1133.6373
1.0,-0.0013924313243478537,-0.054597850888967514,1133.6373
1.0,-0.0013916180469095707,0.2123117297887802,1133.6373
1.0,-0.0024780265521258116,0.2960487902164459,1133.6373
1.0,-0.0019623171538114548,0.08067487925291061,1133.6373
1.0,-0.0015737193170934916,-0.043682750314474106,1133.6373
1.0,-0.001184279564768076,0.2388506978750229,1133.6373
1.0,-0.0025437239091843367,0.32870468497276306,1133.6373
1.0,-0.0018775148782879114,0.06865709275007248,1133.6373
1.0,-0.0015144923236221075,-0.03915279731154442,1133.6373
1.0,-0.0012649832060560584,0.1954212635755539,1133.6373
1.0,-0.0024153096601366997,0.30424442887306213,1133.6373
1.0,-0.0020613623782992363,0.09351222962141037,1133.6373
1.0,-0.0015595292206853628,-0.05679577216506004,1133.6373
1.0,-0.0012462297454476357,0.26410070061683655,1133.6373
1.0,-0.0025605608243495226,0.3383233845233917,1133.6373
1.0,-0.0018737700302153826,0.07149576395750046,1133.6373
1.0,-0.0015281549422070384,-0.01786649040877819,1133.6373
1.0,-0.0013408081140369177,0.22260098159313202,1133.6373
1.0,-0.0024396274238824844,0.32666322588920593,1133.6373
1.0,-0.002064364729449153,0.05625933036208153,1133.6373
1.0,-0.0014457874931395054,-0.033810731023550034,1133.6373
1.0,-0.001377883250825107,0.26835498213768005,1133.6373
1.0,-0.002537069609388709,0.32514330744743347,1133.6373
1.0,-0.001786870532669127,0.08274614065885544,1133.6373
1.0,-0.0015606816159561276,-0.003747641807422042,1133.6373
1.0,-0.0012920416193082929,0.22588668763637543,1133.6373
1.0,-0.002453210763633251,0.3338679373264313,1133.6373
1.0,-0.0020515690557658672,0.0554695688188076,1133.6373
1.0,-0.0014546876773238182,-0.05438923463225365,1133.6373
1.0,-0.001215989119373262,0.2685188949108124,1133.6373
1.0,-0.00246476661413908,0.3302544057369232,1133.6373
1.0,-0.0021349492017179728,0.08320062607526779,1133.6373
1.0,-0.0014675422571599483,-0.022843478247523308,1133.6373
1.0,-0.0013519368367269635,0.21965055167675018,1133.6373
1.0,-0.00250303465873003,0.3280043303966522,1133.6373
1.0,-0.0019237861270084977,0.08647888153791428,1133.6373
1.0,-0.0015716886846348643,-0.023290513083338737,1133.6373
1.0,-0.0011660464806482196,0.27137991786003113,1133.6373
1.0,-0.0025531898718327284,0.34461167454719543,1133.6373
1.0,-0.0018640578491613269,0.06780772656202316,1133.6373
1.0,-0.0014263023622334003,0.0012069939402863383,1133.6373
1.0,-0.0013557362835854292,0.2219676822423935,1133.6373
1.0,-0.00239313836209476,0.3207176625728607,1133.6373
1.0,-0.0020025360863655806,0.08274614065885544,1133.6373
1.0,-0.0015031307702884078,-0.02059340290725231,1133.6373
1.0,-0.0012466745683923364,0.24386493861675262,1133.6373
1.0,-0.002516569569706917,0.33461299538612366,1133.6373
1.0,-0.0019251571502536535,0.09771435707807541,1133.6373
1.0,-0.0015605752123519778,-0.017695127055048943,1133.6373
1.0,-0.0012373481877148151,0.263959139585495,1133.6373
1.0,-0.002518109977245331,0.3330707252025604,1133.6373
1.0,-0.0018257643096148968,0.09074806421995163,1133.6373
1.0,-0.0015445939498022199,-0.005200504790991545,1133.6373
1.0,-0.0012911314843222499,0.2082437127828598,1133.6373
1.0,-0.0024203630164265633,0.33808496594429016,1133.6373
1.0,-0.0020859832875430584,0.1095309779047966,1133.6373
1.0,-0.0015584226930513978,-0.03930925950407982,1133.6373
1.0,-0.0012799168471246958,0.27591732144355774,1133.6373
1.0,-0.0025454754941165447,0.3522261679172516,1133.6373
1.0,-0.0018997960723936558,0.09156017750501633,1133.6373
1.0,-0.0015428215265274048,-0.0052973623387515545,1133.6373
1.0,-0.0013080418575555086,0.21447984874248505,1133.6373
1.0,-0.002349434420466423,0.32807883620262146,1133.6373
1.0,-0.002148567931726575,0.09372829645872116,1133.6373
1.0,-0.0014564638258889318,-0.027760861441493034,1133.6373
1.0,-0.0013204014394432306,0.2461671680212021,1133.6373
1.0,-0.0025026099756360054,0.32911446690559387,1133.6373
1.0,-0.0019746713805943727,0.1080632135272026,1133.6373
1.0,-0.0015767875593155622,-0.017568467184901237,1133.6373
1.0,-0.0011923423735424876,0.26262548565864563,1133.6373
1.0,-0.0025287666358053684,0.34177300333976746,1133.6373
1.0,-0.001922960625961423,0.09374319761991501,1133.6373
1.0,-0.0015300496015697718,-0.013299285434186459,1133.6373
1.0,-0.0013060917844995856,0.2089962214231491,1133.6373
1.0,-0.0023966378066688776,0.33261623978614807,1133.6373
1.0,-0.002168593928217888,0.08890777081251144,1133.6373
1.0,-0.0014666267670691013,-0.03366916999220848,1133.6373
1.0,-0.001306222751736641,0.27526167035102844,1133.6373
1.0,-0.0025465874932706356,0.34151968359947205,1133.6373
1.0,-0.001867334940470755,0.08417665213346481,1133.6373
1.0,-0.0015485555632039905,-0.0017955898074433208,1133.6373
1.0,-0.0013235242804512382,0.22882221639156342,1133.6373
1.0,-0.0024612252600491047,0.341035395860672,1133.6373
1.0,-0.0020067086443305016,0.06703286617994308,1133.6373
1.0,-0.001448326394893229,-0.017188487574458122,1133.6373
1.0,-0.0013086963444948196,0.2794041931629181,1133.6373
1.0,-0.0024856869131326675,0.33111122250556946,1133.6373
1.0,-0.0019323277520015836,0.0777318999171257,1133.6373
1.0,-0.001459881430491805,-0.00201165652833879,1133.6373
1.0,-0.0013877821620553732,0.2289712280035019,1133.6373
1.0,-0.0023763019125908613,0.3311931788921356,1133.6373
1.0,-0.0021223369985818863,0.08430331200361252,1133.6373
1.0,-0.0014852015301585197,-0.022582707926630974,1133.6373
1.0,-0.0012938440777361393,0.26978549361228943,1133.6373
1.0,-0.0025544294621795416,0.34667548537254333,1133.6373
1.0,-0.001841957913711667,0.10325013846158981,1133.6373
1.0,-0.0015551119577139616,0.01663714461028576,1133.6373
1.0,-0.0011771793942898512,0.23239104449748993,1133.6373
1.0,-0.002389318775385618,0.3324448764324188,1133.6373
1.0,-0.001954694278538227,0.07849185913801193,1133.6373
1.0,-0.0014444838743656874,-0.037178393453359604,1133.6373
1.0,-0.0011543502332642674,0.22874026000499725,1133.6373
1.0,-0.002428378676995635,0.3356039226055145,1133.6373
1.0,-0.002116772811859846,0.09382515400648117,1133.6373
1.0,-0.0014098414685577154,0.018499789759516716,1133.6373
1.0,-0.0010759305441752076,0.23595987260341644,1133.6373
1.0,-0.0024265514221042395,0.3217160403728485,1133.6373
1.0,-0.001873301574960351,0.11076777428388596,1133.6373
1.0,-0.0014704444911330938,0.005610286723822355,1133.6373
1.0,-0.0010574045591056347,0.2160891741514206,1133.6373
1.0,-0.002198419300839305,0.31910833716392517,1133.6373
1.0,-0.0020486589055508375,0.09306519478559494,1133.6373
1.0,-0.001377950655296445,-0.012636183761060238,1133.6373
1.0,-0.001104621565900743,0.25872138142585754,1133.6373
1.0,-0.0025095618329942226,0.3337263762950897,1133.6373
1.0,-0.00177328335121274,0.10583548992872238,1133.6373
1.0,-0.0015589710092172027,0.009842216037213802,1133.6373
1.0,-0.0010461013298481703,0.19696353375911713,1133.6373
1.0,-0.002260287059471011,0.3300234377384186,1133.6373
1.0,-0.001974094659090042,0.12627987563610077,1133.6373
1.0,-0.0015312469331547618,-0.032410021871328354,1133.6373
1.0,-0.0011404788820073009,0.2843513786792755,1133.6373
1.0,-0.002542526926845312,0.34367290139198303,1133.6373
1.0,-0.001776258577592671,0.10645388811826706,1133.6373
1.0,-0.001601971103809774,0.010833143256604671,1133.6373
1.0,-0.0011282112682238221,0.26053932309150696,1133.6373
1.0,-0.0024599176831543446,0.3504827320575714,1133.6373
1.0,-0.0019800078589469194,0.07069110125303268,1133.6373
1.0,-0.0013316855765879154,-0.03463774546980858,1133.6373
1.0,-0.0012523363111540675,0.19869206845760345,1133.6373
1.0,-0.0023377519100904465,0.33996251225471497,1133.6373
1.0,-0.002241304377093911,0.08825957030057907,1133.6373
1.0,-0.001517009804956615,0.00532716466113925,1133.6373
1.0,-0.0010511466534808278,0.2409219592809677,1133.6373
1.0,-0.002547529758885503,0.33295896649360657,1133.6373
1.0,-0.0021268269047141075,0.12185423821210861,1133.6373
1.0,-0.0015771465841680765,0.025987623259425163,1133.6373
1.0,-0.0012389395851641893,0.24747847020626068,1133.6373
1.0,-0.002443301025778055,0.33898648619651794,1133.6373
1.0,-0.0018267346313223243,0.05257874354720116,1133.6373
1.0,-0.0012763956328853965,-0.01800060085952282,1133.6373
1.0,-0.001380912959575653,0.2291649430990219,1133.6373
1.0,-0.0022537538316100836,0.3137066662311554,1133.6373
1.0,-0.002243257127702236,0.0748559758067131,1133.6373
1.0,-0.0014387236442416906,-0.022046266123652458,1133.6373
1.0,-0.001286409911699593,0.2504288852214813,1133.6373
1.0,-0.002537778113037348,0.3464072644710541,1133.6373
1.0,-0.001918185269460082,0.09705870598554611,1133.6373
1.0,-0.0015640303026884794,-0.005878507625311613,1133.6373
1.0,-0.0011723332572728395,0.18786637485027313,1133.6373
1.0,-0.0023554996587336063,0.3280862867832184,1133.6373
1.0,-0.0020673596300184727,0.10158120840787888,1133.6373
1.0,-0.0014642368769273162,-0.023104248568415642,1133.6373
1.0,-0.0011604662286117673,0.2661496102809906,1133.6373
1.0,-0.0025484696961939335,0.3294646441936493,1133.6373
1.0,-0.0017822221852838993,0.10426341742277145,1133.6373
1.0,-0.0016042727511376143,0.015810130164027214,1133.6373
1.0,-0.0010506740072742105,0.22426246106624603,1133.6373
1.0,-0.002378951059654355,0.33158060908317566,1133.6373
1.0,-0.001881430041976273,0.1004636213183403,1133.6373
1.0,-0.0015105881029739976,-0.030726192519068718,1133.6373
1.0,-0.0012521521421149373,0.23423133790493011,1133.6373
1.0,-0.0024405394215136766,0.3325640857219696,1133.6373
1.0,-0.0020698204170912504,0.09489058703184128,1133.6373
1.0,-0.0015017982805147767,-0.022232530638575554,1133.6373
1.0,-0.0012638057814911008,0.2662688195705414,1133.6373
1.0,-0.0025076214224100113,0.3353058993816376,1133.6373
1.0,-0.0019041169434785843,0.09594856947660446,1133.6373
1.0,-0.0015450945356860757,-0.018730757758021355,1133.6373
1.0,-0.0012671735603362322,0.2174377292394638,1133.6373
1.0,-0.002421310171484947,0.32876428961753845,1133.6373
1.0,-0.0021220543421804905,0.10013579577207565,1133.6373
1.0,-0.0014933767961338162,-0.02868473343551159,1133.6373
1.0,-0.0012699642684310675,0.2815574109554291,1133.6373
1.0,-0.0025402142200618982,0.3493278920650482,1133.6373
1.0,-0.0019416958093643188,0.0912696048617363,1133.6373
1.0,-0.0015404900768771768,-0.007182359229773283,1133.6373
1.0,-0.0013610979076474905,0.23339687287807465,1133.6373
1.0,-0.002471711253747344,0.34061071276664734,1133.6373
1.0,-0.0019384775077924132,0.09512900561094284,1133.6373
1.0,-0.0015643921215087175,-0.018343327566981316,1133.6373
1.0,-0.0012356507359072566,0.27208027243614197,1133.6373
1.0,-0.002528319600969553,0.3412216603755951,1133.6373
1.0,-0.0018560426542535424,0.09876488894224167,1133.6373
1.0,-0.0015462224837392569,-0.00047683712909929454,1133.6373
1.0,-0.0012777221854776144,0.22818146646022797,1133.6373
1.0,-0.002427477855235338,0.3425329625606537,1133.6373
1.0,-0.0020529432222247124,0.08027254790067673,1133.6373
1.0,-0.0014669208321720362,-0.022396443411707878,1133.6373
1.0,-0.0013436013832688332,0.29005107283592224,1133.6373
1.0,-0.0025371024385094643,0.34433600306510925,1133.6373
1.0,-0.0018228321569040418,0.10037421435117722,1133.6373
1.0,-0.0015522834146395326,0.012218951247632504,1133.6373
1.0,-0.0013784227194264531,0.24242697656154633,1133.6373
1.0,-0.0024123850744217634,0.3453492820262909,1133.6373
1.0,-0.0020711873658001423,0.057190652936697006,1133.6373
1.0,-0.001419305568560958,-0.03862380608916283,1133.6373
1.0,-0.001287790248170495,0.2672671973705292,1133.6373
1.0,-0.002458541886880994,0.3284364640712738,1133.6373
1.0,-0.0020912031177431345,0.10213255137205124,1133.6373
1.0,-0.001507665030658245,-0.009983777068555355,1133.6373
1.0,-0.0012720758095383644,0.2655833661556244,1133.6373
1.0,-0.0025252068880945444,0.34140047430992126,1133.6373
1.0,-0.0018757182406261563,0.09612738341093063,1133.6373
1.0,-0.001555470167659223,-0.003948807250708342,1133.6373
1.0,-0.0012765951687470078,0.20869074761867523,1133.6373
1.0,-0.002429310465231538,0.3397166430950165,1133.6373
1.0,-0.00208743242546916,0.11080502718687057,1133.6373
1.0,-0.0015575641300529242,-0.039204951375722885,1133.6373
1.0,-0.001277822651900351,0.28195974230766296,1133.6373
1.0,-0.002553412923589349,0.35558637976646423,1133.6373
1.0,-0.0018892580410465598,0.08791684359312057,1133.6373
1.0,-0.0015402865828946233,-0.0012814997462555766,1133.6373
1.0,-0.001330821425653994,0.21719931066036224,1133.6373
1.0,-0.0023619954008609056,0.3292709290981293,1133.6373
1.0,-0.002154925838112831,0.090613953769207,1133.6373
1.0,-0.001453230157494545,-0.02771615795791149,1133.6373
1.0,-0.0013358612777665257,0.23201106488704681,1133.6373
1.0,-0.0024800447281450033,0.32842156291007996,1133.6373
1.0,-0.002004785928875208,0.10970234125852585,1133.6373
1.0,-0.0015805907314643264,-0.022485850378870964,1133.6373
1.0,-0.0011613107053562999,0.26212629675865173,1133.6373
1.0,-0.002536406507715583,0.3439187705516815,1133.6373
1.0,-0.0019348219502717257,0.08080898970365524,1133.6373
1.0,-0.0014386464608833194,-0.011637805961072445,1133.6373
1.0,-0.0012621792266145349,0.21244584023952484,1133.6373
1.0,-0.0023831778671592474,0.3199279010295868,1133.6373
1.0,-0.002105667255818844,0.1116245910525322,1133.6373
1.0,-0.0015326612628996372,-0.024467704817652702,1133.6373
