healthy,ctrl,forward,cumulative
1.0,-0.001562756602652371,0.028703300282359123,1031.8564
1.0,-0.002189089311286807,0.0844087302684784,1031.8564
1.0,-0.001567905186675489,0.07136774063110352,1031.8564
1.0,-0.0022144883405417204,0.06791148334741592,1031.8564
1.0,-0.0024967927020043135,0.12153610587120056,1031.8564
1.0,-0.0022220839746296406,0.17978112399578094,1031.8564
1.0,-0.002530611352995038,0.18790601193904877,1031.8564
1.0,-0.002250387566164136,0.2673579454421997,1031.8564
1.0,-0.002579635940492153,0.28035882115364075,1031.8564
1.0,-0.0022067674435675144,0.34897398948669434,1031.8564
1.0,-0.0025140661746263504,0.3657578229904175,1031.8564
1.0,-0.0023299886379390955,0.431402325630188,1031.8564
1.0,-0.0025027981027960777,0.46146100759506226,1031.8564
1.0,-0.0024591677356511354,0.5130029320716858,1031.8564
1.0,-0.00247977371327579,0.5652191638946533,1031.8564
1.0,-0.0025596024934202433,0.6082020401954651,1031.8564
1.0,-0.002343808999285102,0.6800428628921509,1031.8564
1.0,-0.002467699581757188,0.7199448943138123,1031.8564
1.0,-0.0023004626855254173,0.49298766255378723,1031.8564
1.0,-0.0021750470623373985,0.07959408313035965,1031.8564
1.0,-0.002688023494556546,0.0023604368325322866,1031.8564
1.0,-0.003214700846001506,-0.22063076496124268,1031.8564
1.0,-0.0029689345974475145,-0.20961788296699524,1031.8564
1.0,-0.0029628623742610216,-0.11670449376106262,1031.8564
1.0,-0.0026815515011548996,-0.001119915279559791,1031.8564
1.0,-0.002881761873140931,0.060124319046735764,1031.8564
1.0,-0.0025077851023525,0.09270942956209183,1031.8564
1.0,-0.002291677752509713,0.15217064321041107,1031.8564
1.0,-0.003038747003301978,0.20301853120326996,1031.8564
1.0,-0.0016915184678509831,0.2990621030330658,1031.8564
1.0,-0.001987975090742111,0.21869920194149017,1031.8564
1.0,-0.0022336251568049192,0.21477973461151123,1031.8564
1.0,-0.001907031168229878,0.23108579218387604,1031.8564
1.0,-0.0027174395509064198,0.25296348333358765,1031.8564
1.0,-0.0032221837900578976,0.20689702033996582,1031.8564
1.0,-0.0031518111936748028,-0.23732426762580872,1031.8564
1.0,-0.0017530188197270036,-0.4409532845020294,1031.8564
1.0,-0.0025496510788798332,-0.43203866481781006,1031.8564
1.0,-0.0017708278028294444,-0.41546669602394104,1031.8564
1.0,-0.0032529362943023443,-0.33286166191101074,1031.8564
1.0,-0.0031925456132739782,-0.2853609323501587,1031.8564
1.0,-0.0016033211722970009,-0.2387002855539322,1031.8564
1.0,-0.002790298778563738,-0.22344662249088287,1031.8564
1.0,-0.0017219663131982088,-0.18184630572795868,1031.8564
1.0,-0.00214209733530879,-0.21495714783668518,1031.8564
1.0,-0.0016927319811657071,-0.19498959183692932,1031.8564
1.0,-0.001963079674169421,-0.19696633517742157,1031.8564
1.0,-0.0018275693291798234,-0.17089907824993134,1031.8564
1.0,-0.0017619282007217407,-0.14024274051189423,1031.8564
1.0,-0.0025296611711382866,-0.10679847747087479,1031.8564
1.0,-0.002597521524876356,-0.036716923117637634,1031.8564
1.0,-0.0024628271348774433,0.005756504368036985,1031.8564
1.0,-0.0021040593273937702,-0.016524454578757286,1031.8564
1.0,-0.0017807942349463701,-0.01671118475496769,1031.8564
1.0,-0.0018911730730906129,0.010020098648965359,1031.8564
1.0,-0.0024367014411836863,0.03430945426225662,1031.8564
1.0,-0.0025408410001546144,0.07392651587724686,1031.8564
1.0,-0.0018429434858262539,0.09776418656110764,1031.8564
1.0,-0.0019559499341994524,0.12112780660390854,1031.8564
1.0,-0.002705047372728586,0.14478711783885956,1031.8564
1.0,-0.0029927068389952183,0.08996808528900146,1031.8564
1.0,-0.003037296701222658,-0.20445369184017181,1031.8564
1.0,-0.001587952021509409,-0.23472960293293,1031.8564
1.0,-0.001688689924776554,-0.24838417768478394,1031.8564
1.0,-0.0029838092159479856,-0.12613436579704285,1031.8564
1.0,-0.0037475978024303913,0.12235226482152939,1031.8564
1.0,-0.0016982880188152194,0.19565269351005554,1031.8564
1.0,-0.0028541418723762035,0.22091622650623322,1031.8564
1.0,-0.0029319487512111664,0.2887239456176758,1031.8564
1.0,-0.0027548125945031643,0.31433019042015076,1031.8564
1.0,-0.002157138427719474,0.284417062997818,1031.8564
1.0,-0.0021278855856508017,0.29704299569129944,1031.8564
1.0,-0.0021215679589658976,0.32035958766937256,1031.8564
1.0,-0.002613707445561886,0.3442065715789795,1031.8564
1.0,-0.0025544418022036552,0.39662882685661316,1031.8564
1.0,-0.002750942250713706,0.39129188656806946,1031.8564
1.0,-0.0022660454269498587,0.42955249547958374,1031.8564
1.0,-0.002452878514304757,0.45450401306152344,1031.8564
1.0,-0.0020327630918473005,0.4916423559188843,1031.8564
1.0,-0.0028757252730429173,0.46227869391441345,1031.8564
1.0,-0.0030223943758755922,0.2600317597389221,1031.8564
1.0,-0.0017034764168784022,0.14484113454818726,1031.8564
1.0,-0.0016271744389086962,0.1724008321762085,1031.8564
1.0,-0.002721937373280525,0.2312036156654358,1031.8564
1.0,-0.0031975326128304005,0.28734278678894043,1031.8564
1.0,-0.0016289260238409042,0.28325241804122925,1031.8564
1.0,-0.002920842729508877,0.2448260635137558,1031.8564
1.0,-0.0016792594688013196,0.3214096426963806,1031.8564
1.0,-0.0028686022851616144,0.3421967625617981,1031.8564
1.0,-0.0017293106066063046,0.3837262988090515,1031.8564
1.0,-0.0019676813390105963,0.39971524477005005,1031.8564
1.0,-0.002732654334977269,0.4189368188381195,1031.8564
1.0,-0.0025855456478893757,0.46296975016593933,1031.8564
1.0,-0.00288306619040668,0.3777500092983246,1031.8564
1.0,-0.0027368632145226,0.2580042779445648,1031.8564
1.0,-0.0017671359237283468,0.24669894576072693,1031.8564
1.0,-0.0028635954950004816,0.3329850435256958,1031.8564
1.0,-0.0033045352902263403,0.42539647221565247,1031.8564
1.0,-0.0021174096036702394,0.48423463106155396,1031.8564
1.0,-0.002497665584087372,0.5214605331420898,1031.8564
1.0,-0.002854294842109084,0.5258219242095947,1031.8564
1.0,-0.0016981340013444424,0.542193591594696,1031.8564
1.0,-0.0028694600332528353,0.4687010943889618,1031.8564
1.0,-0.0018655506428331137,0.42320600152015686,1031.8564
1.0,-0.001722689368762076,0.4504956007003784,1031.8564
1.0,-0.0026792893186211586,0.48685815930366516,1031.8564
1.0,-0.002852437784895301,0.5449317097663879,1031.8564
1.0,-0.0020573774818331003,0.5347504615783691,1031.8564
1.0,-0.0026698894798755646,0.4483219087123871,1031.8564
1.0,-0.0020137641113251448,0.4020109474658966,1031.8564
1.0,-0.001886563841253519,0.3554280698299408,1031.8564
1.0,-0.0026457891799509525,0.3113373816013336,1031.8564
1.0,-0.0030697803013026714,0.3028157949447632,1031.8564
1.0,-0.002628656569868326,0.24972295761108398,1031.8564
1.0,-0.0020148202311247587,0.16327200829982758,1031.8564
1.0,-0.001903586438857019,0.1716241091489792,1031.8564
1.0,-0.0026681909803301096,0.2144705355167389,1031.8564
1.0,-0.0027913495432585478,0.22651253640651703,1031.8564
1.0,-0.0025801085866987705,0.1930631548166275,1031.8564
1.0,-0.0018922245362773538,0.20702368021011353,1031.8564
1.0,-0.002685749204829335,0.21347402036190033,1031.8564
1.0,-0.002103153383359313,0.2262033373117447,1031.8564
1.0,-0.002569256816059351,0.18511711061000824,1031.8564
1.0,-0.00198117783293128,0.14859995245933533,1031.8564
1.0,-0.0027266594115644693,0.12328661233186722,1031.8564
1.0,-0.00256726355291903,0.07569602876901627,1031.8564
1.0,-0.0025470489636063576,0.04372559115290642,1031.8564
1.0,-0.0026693870313465595,0.014660879038274288,1031.8564
1.0,-0.0025787977501749992,-0.003399327164515853,1031.8564
1.0,-0.0025766207836568356,-0.014709307812154293,1031.8564
1.0,-0.0020041274838149548,-0.005243345629423857,1031.8564
1.0,-0.002547773765400052,-0.026209278032183647,1031.8564
1.0,-0.0019725956954061985,-0.0065546478144824505,1031.8564
1.0,-0.0019403191981837153,-0.021051613613963127,1031.8564
1.0,-0.0019721086136996746,-0.04133768007159233,1031.8564
1.0,-0.0027352524921298027,-0.04913843795657158,1031.8564
1.0,-0.0019701248966157436,-0.08596479147672653,1031.8564
1.0,-0.002731521148234606,-0.12391991168260574,1031.8564
1.0,-0.002641957951709628,-0.16968882083892822,1031.8564
1.0,-0.002584157744422555,-0.186510369181633,1031.8564
1.0,-0.0019790828227996826,-0.20091047883033752,1031.8564
1.0,-0.0019745442550629377,-0.20227952301502228,1031.8564
1.0,-0.0025551514700055122,-0.21082720160484314,1031.8564
1.0,-0.0026130981277674437,-0.2003442347049713,1031.8564
1.0,-0.0019611145835369825,-0.21807289123535156,1031.8564
1.0,-0.002596170175820589,-0.2260356992483139,1031.8564
1.0,-0.0025536466855555773,-0.19571742415428162,1031.8564
1.0,-0.0026237377896904945,-0.19041074812412262,1031.8564
1.0,-0.0025751369539648294,-0.18313711881637573,1031.8564
1.0,-0.001978064188733697,-0.1797713190317154,1031.8564
1.0,-0.0019433893030509353,-0.14585068821907043,1031.8564
1.0,-0.00260396720841527,-0.1388992965221405,1031.8564
1.0,-0.0019915560260415077,-0.11083296686410904,1031.8564
1.0,-0.0026392657309770584,-0.09175016731023788,1031.8564
1.0,-0.002566189970821142,-0.06759538501501083,1031.8564
1.0,-0.0026177058462053537,-0.031460072845220566,1031.8564
1.0,-0.0020826482214033604,-0.008322297595441341,1031.8564
1.0,-0.002583359135314822,-0.005109235178679228,1031.8564
1.0,-0.001967785181477666,0.026650724932551384,1031.8564
1.0,-0.0026272237300872803,0.04291534051299095,1031.8564
1.0,-0.0019795249681919813,0.060517337173223495,1031.8564
1.0,-0.002566353650763631,0.058159228414297104,1031.8564
1.0,-0.0019523492082953453,0.1146029606461525,1031.8564
1.0,-0.002598516410216689,0.10251811891794205,1031.8564
1.0,-0.0020066266879439354,0.13671627640724182,1031.8564
1.0,-0.00280204345472157,0.151565283536911,1031.8564
1.0,-0.0020297362934798002,0.17156822979450226,1031.8564
1.0,-0.002600449603050947,0.15422886610031128,1031.8564
1.0,-0.0020930662285536528,0.19514186680316925,1031.8564
1.0,-0.0026413090527057648,0.18311290442943573,1031.8564
1.0,-0.001985254930332303,0.20325182378292084,1031.8564
1.0,-0.0026703360490500927,0.17712636291980743,1031.8564
1.0,-0.0019197578076273203,0.19090993702411652,1031.8564
1.0,-0.0026315883733332157,0.18417274951934814,1031.8564
1.0,-0.0019898663740605116,0.17656198143959045,1031.8564
1.0,-0.0019636820070445538,0.15545262396335602,1031.8564
1.0,-0.0019617972429841757,0.14972126483917236,1031.8564
1.0,-0.0025573652237653732,0.12508592009544373,1031.8564
1.0,-0.0026607862673699856,0.1270584613084793,1031.8564
1.0,-0.0019660720136016607,0.08774920552968979,1031.8564
1.0,-0.0025475036818534136,0.06954371184110641,1031.8564
1.0,-0.0025491821579635143,0.06066262349486351,1031.8564
1.0,-0.0025830480735749006,0.018654389306902885,1031.8564
1.0,-0.001907122670672834,0.015256925486028194,1031.8564
1.0,-0.0025894581340253353,0.0006221234216354787,1031.8564
1.0,-0.0019480405608192086,-0.0176504235714674,1031.8564
1.0,-0.0019624782726168633,-0.03457814082503319,1031.8564
1.0,-0.001974057871848345,-0.06560980528593063,1031.8564
1.0,-0.0027399605605751276,-0.05642510578036308,1031.8564
1.0,-0.002677444601431489,-0.07108970731496811,1031.8564
1.0,-0.001972255762666464,-0.10864435881376266,1031.8564
1.0,-0.0019440235337242484,-0.12275948375463486,1031.8564
1.0,-0.0019802756141871214,-0.1276228427886963,1031.8564
1.0,-0.002525659976527095,-0.13575515151023865,1031.8564
1.0,-0.002617951249703765,-0.14095938205718994,1031.8564
1.0,-0.0019820155575871468,-0.16224941611289978,1031.8564
1.0,-0.002633353229612112,-0.14883092045783997,1031.8564
1.0,-0.0025702763814479113,-0.15056876838207245,1031.8564
1.0,-0.0020059163216501474,-0.14115309715270996,1031.8564
1.0,-0.001961562316864729,-0.1560523957014084,1031.8564
1.0,-0.002764496486634016,-0.13002192974090576,1031.8564
1.0,-0.002575141843408346,-0.13253650069236755,1031.8564
1.0,-0.002587835071608424,-0.11978111416101456,1031.8564
1.0,-0.0027345623821020126,-0.11204927414655685,1031.8564
1.0,-0.0025505961384624243,-0.08198804408311844,1031.8564
1.0,-0.002010344062000513,-0.07994285970926285,1031.8564
1.0,-0.002749036531895399,-0.053273510187864304,1031.8564
1.0,-0.0025270646438002586,-0.039596106857061386,1031.8564
1.0,-0.002009375486522913,-0.025503335520625114,1031.8564
1.0,-0.002588216681033373,-0.0053662802092731,1031.8564
1.0,-0.0026572421193122864,0.030744818970561028,1031.8564
1.0,-0.00197879527695477,0.03008916787803173,1031.8564
1.0,-0.0019684594590216875,0.04824250563979149,1031.8564
1.0,-0.002543235896155238,0.0766068622469902,1031.8564
1.0,-0.0027268577832728624,0.0902712270617485,1031.8564
1.0,-0.00190752896014601,0.08188746124505997,1031.8564
1.0,-0.0027450700290501118,0.10559893399477005,1031.8564
1.0,-0.0019378290744498372,0.12582725286483765,1031.8564
1.0,-0.002579465974122286,0.11560133844614029,1031.8564
1.0,-0.0019158227369189262,0.13104265928268433,1031.8564
1.0,-0.0025561165530234575,0.1337788850069046,1031.8564
1.0,-0.0020051265601068735,0.13255326449871063,1031.8564
1.0,-0.0027460164856165648,0.132249653339386,1031.8564
1.0,-0.0025437043514102697,0.1372750699520111,1031.8564
1.0,-0.0019971595611423254,0.12524983286857605,1031.8564
1.0,-0.0026396079920232296,0.12360326200723648,1031.8564
1.0,-0.0019782125018537045,0.11272168904542923,1031.8564
1.0,-0.0025743746664375067,0.0964924618601799,1031.8564
1.0,-0.00196141772903502,0.10172276943922043,1031.8564
1.0,-0.0025657108053565025,0.06985663622617722,1031.8564
1.0,-0.0026017373893409967,0.07558427006006241,1031.8564
1.0,-0.0025694360956549644,0.044904645532369614,1031.8564
1.0,-0.0019574768375605345,0.034259628504514694,1031.8564
1.0,-0.002607472939416766,0.017838550731539726,1031.8564
1.0,-0.0019632165785878897,-0.006809830199927092,1031.8564
1.0,-0.0026938626542687416,-0.007495283614844084,1031.8564
1.0,-0.002559034386649728,-0.045413147658109665,1031.8564
1.0,-0.002561386674642563,-0.04065967723727226,1031.8564
1.0,-0.002574234502390027,-0.06617791205644608,1031.8564
1.0,-0.002549019642174244,-0.07759406417608261,1031.8564
1.0,-0.002601924818009138,-0.08676759153604507,1031.8564
1.0,-0.001978369662538171,-0.10071507841348648,1031.8564
1.0,-0.0025573407765477896,-0.10850466042757034,1031.8564
1.0,-0.0019960482604801655,-0.11118873208761215,1031.8564
1.0,-0.0025712084025144577,-0.12853553891181946,1031.8564
1.0,-0.0026967469602823257,-0.1118592843413353,1031.8564
1.0,-0.002630628179758787,-0.1260172426700592,1031.8564
1.0,-0.001980851637199521,-0.11908448487520218,1031.8564
1.0,-0.002668564673513174,-0.11982395499944687,1031.8564
1.0,-0.002005174057558179,-0.106582410633564,1031.8564
1.0,-0.0026260223239660263,-0.1225210651755333,1031.8564
1.0,-0.0019414940616115928,-0.07662735134363174,1031.8564
1.0,-0.002613460412248969,-0.09818374365568161,1031.8564
1.0,-0.001999698346480727,-0.06840191036462784,1031.8564
1.0,-0.002684489358216524,-0.0663902536034584,1031.8564
1.0,-0.001987075200304389,-0.04470720514655113,1031.8564
1.0,-0.002613367047160864,-0.05036219581961632,1031.8564
1.0,-0.0019545003306120634,-0.0014640389708802104,1031.8564
1.0,-0.002620449522510171,-0.018494201824069023,1031.8564
1.0,-0.0019955839961767197,0.017326323315501213,1031.8564
1.0,-0.0026929874438792467,0.022627411410212517,1031.8564
1.0,-0.0019935956224799156,0.04423223063349724,1031.8564
1.0,-0.0026132434140890837,0.034552063792943954,1031.8564
1.0,-0.0019531059078872204,0.0846814289689064,1031.8564
1.0,-0.0026122252456843853,0.0647474005818367,1031.8564
1.0,-0.0019991493318229914,0.09235552698373795,1031.8564
1.0,-0.0026950915344059467,0.0890679582953453,1031.8564
1.0,-0.0019873210694640875,0.10720080882310867,1031.8564
1.0,-0.0026387511752545834,0.08518620580434799,1031.8564
1.0,-0.0020248016808182,0.12860631942749023,1031.8564
1.0,-0.0025982509832829237,0.09685195237398148,1031.8564
1.0,-0.001977698877453804,0.11189839988946915,1031.8564
1.0,-0.0026548930909484625,0.10177306085824966,1031.8564
1.0,-0.001983427442610264,0.0998917892575264,1031.8564
1.0,-0.002591407625004649,0.09043700248003006,1031.8564
1.0,-0.0019694026559591293,0.10000168532133102,1031.8564
1.0,-0.0025626467540860176,0.0698678120970726,1031.8564
1.0,-0.0026202909648418427,0.0845789834856987,1031.8564
1.0,-0.0019746951293200254,0.05282088741660118,1031.8564
1.0,-0.0019642505794763565,0.05229748412966728,1031.8564
1.0,-0.002553374506533146,0.041346993297338486,1031.8564
1.0,-0.002598781604319811,0.031018627807497978,1031.8564
1.0,-0.0020777841564267874,0.002833083039149642,1031.8564
1.0,-0.001940163434483111,-0.008957459591329098,1031.8564
1.0,-0.002615575911477208,-0.002272426849231124,1031.8564
1.0,-0.0026094901841133833,-0.018283722922205925,1031.8564
1.0,-0.0019813557155430317,-0.04605203494429588,1031.8564
1.0,-0.0019463289063423872,-0.05388445779681206,1031.8564
1.0,-0.001970718614757061,-0.06590410321950912,1031.8564
1.0,-0.002748222555965185,-0.0650118961930275,1031.8564
1.0,-0.0026428024284541607,-0.06586312502622604,1031.8564
1.0,-0.0019670899491757154,-0.0987611636519432,1031.8564
1.0,-0.0026252821553498507,-0.0900179073214531,1031.8564
1.0,-0.0019576470367610455,-0.08522532135248184,1031.8564
1.0,-0.0025521116331219673,-0.10085663944482803,1031.8564
1.0,-0.0019651895854622126,-0.09929201751947403,1031.8564
1.0,-0.0025877419393509626,-0.1016426756978035,1031.8564
1.0,-0.0019507379038259387,-0.09160301834344864,1031.8564
1.0,-0.0019536239560693502,-0.08522532135248184,1031.8564
1.0,-0.0025914006400853395,-0.0866427943110466,1031.8564
1.0,-0.0019818462897092104,-0.07062032073736191,1031.8564
1.0,-0.0026330100372433662,-0.06454064697027206,1031.8564
1.0,-0.0019709994085133076,-0.05972385033965111,1031.8564
1.0,-0.002550996607169509,-0.048644836992025375,1031.8564
1.0,-0.002598151797428727,-0.024668870493769646,1031.8564
1.0,-0.00200261315330863,-0.023264436051249504,1031.8564
1.0,-0.0025875105056911707,-0.009641050361096859,1031.8564
1.0,-0.0026136511005461216,0.012299044989049435,1031.8564
1.0,-0.001987597905099392,0.014519318006932735,1031.8564
1.0,-0.0025613619945943356,0.017713753506541252,1031.8564
1.0,-0.0019777484703809023,0.05661509558558464,1031.8564
1.0,-0.0025780359283089638,0.030562279745936394,1031.8564
1.0,-0.0019826670177280903,0.0613480769097805,1031.8564
1.0,-0.002597881481051445,0.05949660763144493,1031.8564
1.0,-0.001993523444980383,0.07217935472726822,1031.8564
1.0,-0.0026057849172502756,0.06079487130045891,1031.8564
1.0,-0.00196758727543056,0.09609199315309525,1031.8564
1.0,-0.0025957555044442415,0.06800516694784164,1031.8564
1.0,-0.002746353391557932,0.09811482578516006,1031.8564
1.0,-0.002622912870720029,0.06955302506685257,1031.8564
1.0,-0.0019843599293380976,0.08760205656290054,1031.8564
1.0,-0.002796015003696084,0.07764249294996262,1031.8564
1.0,-0.001999909756705165,0.08956528455018997,1031.8564
1.0,-0.002570984186604619,0.05927495285868645,1031.8564
1.0,-0.0019255109364166856,0.07832980901002884,1031.8564
1.0,-0.002591327065601945,0.056330110877752304,1031.8564
1.0,-0.002618887461721897,0.056702639907598495,1031.8564
1.0,-0.0020351074635982513,0.052494924515485764,1031.8564
1.0,-0.0025788492057472467,0.026250256225466728,1031.8564
1.0,-0.002755234483629465,0.03020465187728405,1031.8564
1.0,-0.002612675540149212,0.00935234036296606,1031.8564
1.0,-0.002009376185014844,-0.00027753409813158214,1031.8564
1.0,-0.002794997300952673,-0.012675299309194088,1031.8564
1.0,-0.001996267819777131,-0.011790542863309383,1031.8564
1.0,-0.002663237974047661,-0.03632902726531029,1031.8564
1.0,-0.0019473794382065535,-0.031085683032870293,1031.8564
1.0,-0.0026408424600958824,-0.052379440516233444,1031.8564
1.0,-0.0019752001389861107,-0.049464400857686996,1031.8564
1.0,-0.0025937051977962255,-0.061584632843732834,1031.8564
1.0,-0.0019715260714292526,-0.06609595566987991,1031.8564
1.0,-0.0027570391539484262,-0.06697884947061539,1031.8564
1.0,-0.0019762443844228983,-0.06735510379076004,1031.8564
1.0,-0.002575599355623126,-0.08062086254358292,1031.8564
1.0,-0.002599898958578706,-0.06274319440126419,1031.8564
1.0,-0.0026018281932920218,-0.07446109503507614,1031.8564
1.0,-0.001971348887309432,-0.0649336650967598,1031.8564
1.0,-0.002616593148559332,-0.06313993781805038,1031.8564
1.0,-0.002563970163464546,-0.05809962376952171,1031.8564
1.0,-0.0027550808154046535,-0.05591660365462303,1031.8564
1.0,-0.0025953599251806736,-0.04717148467898369,1031.8564
1.0,-0.0019625748973339796,-0.037161629647016525,1031.8564
1.0,-0.002562114503234625,-0.021807847544550896,1031.8564
1.0,-0.0025963017251342535,-0.019980592653155327,1031.8564
1.0,-0.0019778083078563213,-0.019336117431521416,1031.8564
1.0,-0.002659493125975132,0.0020656732376664877,1031.8564
1.0,-0.0019637197256088257,0.009667127393186092,1031.8564
1.0,-0.002774032298475504,0.012505798600614071,1031.8564
1.0,-0.0019724061712622643,0.03217346593737602,1031.8564
1.0,-0.0019780811853706837,0.026073304936289787,1031.8564
1.0,-0.0025402801111340523,0.04934146627783775,1031.8564
1.0,-0.001995612168684602,0.047866251319646835,1031.8564
1.0,-0.0025821675080806017,0.046754252165555954,1031.8564
1.0,-0.002619724255055189,0.07019563764333725,1031.8564
1.0,-0.0019669425673782825,0.0537726990878582,1031.8564
1.0,-0.002776589011773467,0.07033533602952957,1031.8564
1.0,-0.0019696797244250774,0.07118842750787735,1031.8564
1.0,-0.0026127358432859182,0.05505978688597679,1031.8564
1.0,-0.0027258063200861216,0.08118338137865067,1031.8564
1.0,-0.002583531429991126,0.05653500184416771,1031.8564
1.0,-0.00254646479152143,0.0624190978705883,1031.8564
1.0,-0.00193208537530154,0.05297176167368889,1031.8564
1.0,-0.001986708492040634,0.046618279069662094,1031.8564
1.0,-0.0025173546746373177,0.0485740564763546,1031.8564
1.0,-0.0026169209741055965,0.04960409924387932,1031.8564
1.0,-0.001962744863703847,0.014828517101705074,1031.8564
1.0,-0.002769612008705735,0.020638106390833855,1031.8564
1.0,-0.0019535610917955637,0.024668870493769646,1031.8564
1.0,-0.002551141893491149,-0.0003669410652946681,1031.8564
1.0,-0.0019127880223095417,-0.0009648501290939748,1031.8564
1.0,-0.0025607356801629066,-0.010767950676381588,1031.8564
1.0,-0.002575301332399249,-0.01973286084830761,1031.8564
1.0,-0.0027542305178940296,-0.02216361276805401,1031.8564
1.0,-0.0019650389440357685,-0.027660278603434563,1031.8564
1.0,-0.002591612981632352,-0.04375166818499565,1031.8564
1.0,-0.002597539220005274,-0.030562279745936394,1031.8564
1.0,-0.002622376661747694,-0.05170516297221184,1031.8564
1.0,-0.0019710033666342497,-0.04215165600180626,1031.8564
1.0,-0.002686771797016263,-0.057054679840803146,1031.8564
1.0,-0.0019699065014719963,-0.04725716635584831,1031.8564
1.0,-0.002823056187480688,-0.06295739859342575,1031.8564
1.0,-0.0019554581958800554,-0.039534639567136765,1031.8564
1.0,-0.0025939864572137594,-0.06240978464484215,1031.8564
1.0,-0.001938068657182157,-0.02944841794669628,1031.8564
1.0,-0.0026108636520802975,-0.05842744931578636,1031.8564
1.0,-0.001976469997316599,-0.030910594388842583,1031.8564
1.0,-0.002634871518239379,-0.02860836498439312,1031.8564
1.0,-0.0026066976133733988,-0.02641044370830059,1031.8564
1.0,-0.0019729766063392162,-0.015655530616641045,1031.8564
1.0,-0.0025807376950979233,-0.017063690349459648,1031.8564
1.0,-0.0019917527679353952,0.0014230607775971293,1031.8564
1.0,-0.0025701450649648905,-0.012362374924123287,1031.8564
1.0,-0.0025847782380878925,0.02362765185534954,1031.8564
1.0,-0.00256683980114758,-0.006934627424925566,1031.8564
1.0,-0.0027663337532430887,0.026658175513148308,1031.8564
1.0,-0.0026409237179905176,0.012097879312932491,1031.8564
1.0,-0.002008906565606594,0.03382004424929619,1031.8564
1.0,-0.002800803864374757,0.02800859324634075,1031.8564
1.0,-0.0019322381122037768,0.05554593726992607,1031.8564
1.0,-0.002609868301078677,0.027526168152689934,1031.8564
1.0,-0.002748181577771902,0.06410665065050125,1031.8564
1.0,-0.0026634461246430874,0.03239884600043297,1031.8564
1.0,-0.0019918966572731733,0.045411285012960434,1031.8564
1.0,-0.0027812065090984106,0.04925205931067467,1031.8564
1.0,-0.001986606977880001,0.05979276821017265,1031.8564
1.0,-0.0026218725834041834,0.032296400517225266,1031.8564
1.0,-0.0026560425758361816,0.06370804458856583,1031.8564
1.0,-0.002584276022389531,0.037567686289548874,1031.8564
1.0,-0.0019788285717368126,0.03252550587058067,1031.8564
1.0,-0.002546626375988126,0.03881193324923515,1031.8564
1.0,-0.0025770976208150387,0.03507174178957939,1031.8564
1.0,-0.0025788734201341867,0.017272306606173515,1031.8564
1.0,-0.0026465265545994043,0.02913176827132702,1031.8564
1.0,-0.0019631015602499247,0.0056009734980762005,1031.8564
1.0,-0.0027697349432855844,0.019922850653529167,1031.8564
1.0,-0.0025987462140619755,-0.0029485670384019613,1031.8564
1.0,-0.0020182665903121233,-0.010894610546529293,1031.8564
1.0,-0.0028220145031809807,-0.012455507181584835,1031.8564
1.0,-0.001984957605600357,-0.006219371687620878,1031.8564
1.0,-0.0026202378794550896,-0.033948566764593124,1031.8564
1.0,-0.0019378174329176545,-0.013621523045003414,1031.8564
1.0,-0.0026098720263689756,-0.03748759254813194,1031.8564
1.0,-0.002561474684625864,-0.020662320777773857,1031.8564
1.0,-0.002574031474068761,-0.030621884390711784,1031.8564
1.0,-0.0026069318410009146,-0.037042420357465744,1031.8564
1.0,-0.002741183852776885,-0.022318212315440178,1031.8564
1.0,-0.002637780737131834,-0.04748999699950218,1031.8564
1.0,-0.001968878088518977,-0.037396322935819626,1031.8564
1.0,-0.0026851582806557417,-0.035038214176893234,1031.8564
1.0,-0.0019914705771952868,-0.025134531781077385,1031.8564
1.0,-0.0026110943872481585,-0.04487298056483269,1031.8564
1.0,-0.0019356862176209688,-0.00876746978610754,1031.8564
1.0,-0.002619697479531169,-0.03059394471347332,1031.8564
1.0,-0.001997167943045497,-0.010697170160710812,1031.8564
1.0,-0.0027252871077507734,-0.010548158548772335,1031.8564
1.0,-0.001979144988581538,-0.0021979210432618856,1031.8564
1.0,-0.002593104261904955,-0.018518416211009026,1031.8564
1.0,-0.001941172406077385,0.017644835636019707,1031.8564
1.0,-0.0026363965589553118,-0.0012759118108078837,1031.8564
1.0,-0.0027600638568401337,0.021256504580378532,1031.8564
1.0,-0.002601204439997673,0.012535600923001766,1031.8564
1.0,-0.002019825391471386,0.016728414222598076,1031.8564
1.0,-0.0025660835672169924,0.017873940989375114,1031.8564
1.0,-0.002002706518396735,0.04322640225291252,1031.8564
1.0,-0.00265530520118773,0.011442228220403194,1031.8564
1.0,-0.0019637304358184338,0.044945623725652695,1031.8564
1.0,-0.002650969196110964,0.028770415112376213,1031.8564
1.0,-0.001965004252269864,0.04505179449915886,1031.8564
1.0,-0.0027835816144943237,0.0307671707123518,1031.8564
1.0,-0.001971762627363205,0.04627368971705437,1031.8564
1.0,-0.0026078152004629374,0.028287990018725395,1031.8564
1.0,-0.002782321535050869,0.04208087548613548,1031.8564
1.0,-0.001967694377526641,0.03736279532313347,1031.8564
1.0,-0.0026110655162483454,0.02610124461352825,1031.8564
1.0,-0.002003937494009733,0.032296400517225266,1031.8564
1.0,-0.0026064205449074507,0.007696449290961027,1031.8564
1.0,-0.0019565920811146498,0.02557225339114666,1031.8564
1.0,-0.0025816927663981915,0.012693925760686398,1031.8564
1.0,-0.002616340760141611,0.007614492904394865,1031.8564
1.0,-0.0020799271296709776,0.012272967956960201,1031.8564
1.0,-0.002610150957480073,-0.006804242264479399,1031.8564
1.0,-0.001973229693248868,-0.0025629994925111532,1031.8564
1.0,-0.0026492637116461992,-0.010820104740560055,1031.8564
1.0,-0.001961068483069539,-0.018475575372576714,1031.8564
1.0,-0.0027181939221918583,-0.015595926903188229,1031.8564
1.0,-0.0026330072432756424,-0.01675821654498577,1031.8564
1.0,-0.001969576347619295,-0.023417172953486443,1031.8564
1.0,-0.0026445528492331505,-0.019254161044955254,1031.8564
1.0,-0.001986901741474867,-0.017585230991244316,1031.8564
1.0,-0.0026131123304367065,-0.03594718500971794,1031.8564
1.0,-0.0020113938953727484,-0.0080671152099967,1031.8564
1.0,-0.0026307774242013693,-0.037727873772382736,1031.8564
1.0,-0.001956469379365444,-0.008117406629025936,1031.8564
1.0,-0.0026454944163560867,-0.02568773739039898,1031.8564
1.0,-0.0019739093258976936,-0.011425464414060116,1031.8564
1.0,-0.002785865915939212,-0.01928396336734295,1031.8564
1.0,-0.0019752110820263624,-0.0014994292287155986,1031.8564
1.0,-0.002622041152790189,-0.02382322959601879,1031.8564
1.0,-0.002734276233240962,0.01153163518756628,1031.8564
1.0,-0.002643248764798045,-0.014124437235295773,1031.8564
1.0,-0.0019807566422969103,-0.0028423962648957968,1031.8564
1.0,-0.0027727223932743073,0.0023432073649019003,1031.8564
1.0,-0.0020086776930838823,0.011565162800252438,1031.8564
1.0,-0.0026778129395097494,-0.00778026832267642,1031.8564
1.0,-0.002081766724586487,0.029547138139605522,1031.8564
1.0,-0.002638759557157755,0.00575557304546237,1031.8564
1.0,-0.002002648077905178,0.01870468072593212,1031.8564
1.0,-0.0027047651819884777,0.017404554411768913,1031.8564
1.0,-0.0019981535151600838,0.024083999916911125,1031.8564
1.0,-0.0026596058160066605,0.012986361049115658,1031.8564
1.0,-0.0019748364575207233,0.033736225217580795,1031.8564
1.0,-0.002597938757389784,0.017696989700198174,1031.8564
1.0,-0.002741814125329256,0.030275432392954826,1031.8564
1.0,-0.001972203841432929,0.02364441566169262,1031.8564
1.0,-0.002594333840534091,0.02109631709754467,1031.8564
1.0,-0.002021258929744363,0.03069452755153179,1031.8564
1.0,-0.002599002793431282,0.015215947292745113,1031.8564
1.0,-0.0019622561521828175,0.02061202935874462,1031.8564
1.0,-0.0026497971266508102,0.015411525033414364,1031.8564
1.0,-0.001964002847671509,0.01086853351444006,1031.8564
1.0,-0.0027811951003968716,0.011034308932721615,1031.8564
1.0,-0.00197111489251256,0.013981013558804989,1031.8564
1.0,-0.002613660180941224,-0.00433437479659915,1031.8564
1.0,-0.002725844504311681,0.014180316589772701,1031.8564
1.0,-0.0026202520821243525,0.0007580965175293386,1031.8564
1.0,-0.0019656785298138857,-0.005809589754790068,1031.8564
1.0,-0.001928589423187077,0.0023897734936326742,1031.8564
1.0,-0.0026017604395747185,0.0037141141947358847,1031.8564
1.0,-0.0025582858361303806,0.012766568921506405,1031.8564
1.0,-0.001965072937309742,-0.005021690856665373,1031.8564
1.0,-0.0025291123893111944,-0.018635762855410576,1031.8564
1.0,-0.0027497210539877415,0.006111338268965483,1031.8564
1.0,-0.0025644756387919188,-0.007925554178655148,1031.8564
1.0,-0.00265704607591033,-0.014707445167005062,1031.8564
1.0,-0.002731869462877512,0.004051252733916044,1031.8564
1.0,-0.002624155953526497,-0.019982455298304558,1031.8564
1.0,-0.001969629665836692,-0.00993534829467535,1031.8564
1.0,-0.0026029106229543686,-0.007532536517828703,1031.8564
1.0,-0.002722023753449321,0.005504115950316191,1031.8564
1.0,-0.002557135885581374,-0.03072991780936718,1031.8564
1.0,-0.0027532344684004784,0.0008624046458862722,1031.8564
1.0,-0.0026906784623861313,-0.009316950105130672,1031.8564
1.0,-0.0020427906420081854,-0.0006053596152924001,1031.8564
1.0,-0.002741909818723798,-0.008519737981259823,1031.8564
1.0,-0.0019773931708186865,0.020347533747553825,1031.8564
1.0,-0.002705939346924424,-0.006698071490973234,1031.8564
1.0,-0.0019798448774963617,0.024318693205714226,1031.8564
1.0,-0.002647300949320197,0.009376554749906063,1031.8564
1.0,-0.0019708035979419947,0.018211079761385918,1031.8564
1.0,-0.002848596777766943,0.01548044290393591,1031.8564
1.0,-0.0019831638783216476,0.03223120793700218,1031.8564
1.0,-0.0026570349000394344,0.00028125938843004405,1031.8564
1.0,-0.0018733431352302432,0.03855488821864128,1031.8564
1.0,-0.0026253964751958847,0.016395000740885735,1031.8564
1.0,-0.001969515345990658,0.02843513898551464,1031.8564
1.0,-0.0027489005587995052,0.025548039004206657,1031.8564
1.0,-0.0019951574504375458,0.03139115497469902,1031.8564
1.0,-0.002640268299728632,0.004978850018233061,1031.8564
1.0,-0.002650962211191654,0.04157423600554466,1031.8564
1.0,-0.002610648749396205,0.008633359335362911,1031.8564
1.0,-0.0019805796910077333,0.03300793096423149,1031.8564
1.0,-0.0026522327680140734,0.013504176400601864,1031.8564
1.0,-0.0019623716361820698,0.01764856092631817,1031.8564
1.0,-0.0027801820542663336,0.016182659193873405,1031.8564
1.0,-0.0026016170158982277,0.018363816663622856,1031.8564
1.0,-0.002003310713917017,0.006200745236128569,1031.8564
1.0,-0.0027754276525229216,0.012727453373372555,1031.8564
1.0,-0.0019966447725892067,0.007828696630895138,1031.8564
1.0,-0.0025952402502298355,-0.00884383823722601,1031.8564
1.0,-0.0026603739243000746,0.013636424206197262,1031.8564
1.0,-0.0025768615305423737,-0.005763023626059294,1031.8564
1.0,-0.0026251499075442553,-0.0029951331671327353,1031.8564
1.0,-0.002009339863434434,0.0003781169361900538,1031.8564
1.0,-0.0026105856522917747,-0.013329087756574154,1031.8564
1.0,-0.001880901399999857,-0.0013336538104340434,1031.8564
1.0,-0.0025783490855246782,-0.01515261735767126,1031.8564
1.0,-0.0025698922108858824,-0.012723728083074093,1031.8564
1.0,-0.0027365912683308125,-0.006061046849936247,1031.8564
1.0,-0.002597260056063533,-0.009968875907361507,1031.8564
1.0,-0.002559754066169262,-0.018848104402422905,1031.8564
1.0,-0.0026634258683770895,0.001348554971627891,1031.8564
1.0,-0.0026027776766568422,-0.0078324219211936,1031.8564
1.0,-0.002569489413872361,0.0025965271051973104,1031.8564
1.0,-0.0025713611394166946,-0.005656852852553129,1031.8564
1.0,-0.0026159442495554686,0.00032968816231004894,1031.8564
1.0,-0.002766616642475128,0.017194075509905815,1031.8564
1.0,-0.0025810410734266043,0.0025406477507203817,1031.8564
1.0,-0.002584740286692977,6.89178632455878e-05,1031.8564
1.0,-0.002736524911597371,0.01751258783042431,1031.8564
1.0,-0.0026317667216062546,0.014025717042386532,1031.8564
1.0,-0.0019699649419635534,0.011771916411817074,1031.8564
1.0,-0.0025644090492278337,0.01887418143451214,1031.8564
1.0,-0.0019953472074121237,0.016614792868494987,1031.8564
1.0,-0.0026045714039355516,0.013655050657689571,1031.8564
1.0,-0.002615902805700898,0.02574734203517437,1031.8564
1.0,-0.001971473451703787,0.017037613317370415,1031.8564
1.0,-0.00258496031165123,0.01845136098563671,1031.8564
1.0,-0.001997159793972969,0.024214385077357292,1031.8564
1.0,-0.0025878192391246557,0.008499248884618282,1031.8564
1.0,-0.00275307334959507,0.027950851246714592,1031.8564
1.0,-0.0020006343256682158,0.019213182851672173,1031.8564
1.0,-0.0026037900242954493,0.00900216307491064,1031.8564
1.0,-0.0025997995398938656,0.027982516214251518,1031.8564
1.0,-0.002641754923388362,0.007875262759625912,1031.8564
1.0,-0.001977399690076709,0.015180557034909725,1031.8564
1.0,-0.002675495808944106,0.00670924736186862,1031.8564
1.0,-0.0019816996064037085,0.012962146662175655,1031.8564
1.0,-0.002851424738764763,-6.705521809635684e-05,1031.8564
1.0,-0.0019767298363149166,0.021450219675898552,1031.8564
1.0,-0.002639642683789134,-0.014603137038648129,1031.8564
1.0,-0.002718343399465084,0.026924533769488335,1031.8564
1.0,-0.0026104061398655176,-0.009858979843556881,1031.8564
1.0,-0.0019684829749166965,0.00010989605652866885,1031.8564
1.0,-0.0026159752160310745,0.0023804602678865194,1031.8564
1.0,-0.0019929406698793173,0.011596827767789364,1031.8564
1.0,-0.0026430219877511263,-0.010820104740560055,1031.8564
1.0,-0.0026053637266159058,0.017130745574831963,1031.8564
1.0,-0.00260133296251297,-0.004421919118613005,1031.8564
1.0,-0.0025553852319717407,0.010685994289815426,1031.8564
1.0,-0.0025870506651699543,0.002218410139903426,1031.8564
1.0,-0.002578211482614279,0.008108093403279781,1031.8564
1.0,-0.0019724885933101177,0.0037141141947358847,1031.8564
1.0,-0.0026225633919239044,0.009031965397298336,1031.8564
1.0,-0.001973459031432867,0.0039543951861560345,1031.8564
1.0,-0.002771216444671154,0.007219612132757902,1031.8564
1.0,-0.0019364567706361413,0.010984017513692379,1031.8564
1.0,-0.0026172043289989233,-0.0062938774935901165,1031.8564
1.0,-0.002742099342867732,0.02207048051059246,1031.8564
1.0,-0.0025930043775588274,0.00447034789249301,1031.8564
1.0,-0.002613518852740526,0.006267800461500883,1031.8564
1.0,-0.002029232680797577,0.017039475962519646,1031.8564
1.0,-0.0026228122878819704,0.003613531356677413,1031.8564
1.0,-0.001961893867701292,0.018006188794970512,1031.8564
1.0,-0.0026215265970677137,0.005841254722326994,1031.8564
1.0,-0.0025619512889534235,0.011522321961820126,1031.8564
1.0,-0.0027346902061253786,0.015003605745732784,1031.8564
1.0,-0.0026494828052818775,0.012744217179715633,1031.8564
1.0,-0.0019656498916447163,0.010086222551763058,1031.8564
1.0,-0.002572478260844946,0.01538544800132513,1031.8564
1.0,-0.0019955842290073633,0.0188779067248106,1031.8564
1.0,-0.002653368515893817,0.0036321578081697226,1031.8564
1.0,-0.0020332462154328823,0.028047708794474602,1031.8564
1.0,-0.002630422590300441,-0.0019799915608018637,1031.8564
1.0,-0.002749756444245577,0.025469807907938957,1031.8564
1.0,-0.0025935498997569084,0.007739290129393339,1031.8564
1.0,-0.0020038133952766657,0.004917382728308439,1031.8564
1.0,-0.0027942718006670475,0.007474794518202543,1031.8564
1.0,-0.001993149518966675,0.012792645953595638,1031.8564
1.0,-0.0026241312734782696,0.005450099240988493,1031.8564
1.0,-0.0026470492593944073,0.013196839950978756,1031.8564
1.0,-0.002571175806224346,0.014305113814771175,1031.8564
1.0,-0.0025741856079548597,0.0026263294275850058,1031.8564
1.0,-0.0026301101315766573,0.019360331818461418,1031.8564
1.0,-0.0025596744380891323,0.0023674217518419027,1031.8564
1.0,-0.002760521601885557,0.013271345756947994,1031.8564
1.0,-0.002576466416940093,0.007146968971937895,1031.8564
1.0,-0.002586310962215066,0.002793967491015792,1031.8564
1.0,-0.0027468849439173937,0.011231749318540096,1031.8564
1.0,-0.002587206894531846,0.008946283720433712,1031.8564
1.0,-0.002570529468357563,0.0001378357264911756,1031.8564
1.0,-0.0026103102136403322,0.019105149433016777,1031.8564
1.0,-0.0026243168395012617,0.007899477146565914,1031.8564
1.0,-0.002558414125815034,0.014467163942754269,1031.8564
1.0,-0.0025873954873532057,0.016674397513270378,1031.8564
1.0,-0.0026214357931166887,0.012744217179715633,1031.8564
1.0,-0.0019734064117074013,0.01799873821437359,1031.8564
1.0,-0.0026351106353104115,0.013720243237912655,1031.8564
1.0,-0.0019716620445251465,0.013753770850598812,1031.8564
1.0,-0.0027658850885927677,0.013099982403218746,1031.8564
1.0,-0.0025786154437810183,0.020660458132624626,1031.8564
1.0,-0.0019921755883842707,0.010438262484967709,1031.8564
1.0,-0.002777540823444724,0.01790746860206127,1031.8564
1.0,-0.0020026532001793385,0.01524947490543127,1031.8564
1.0,-0.0025849873200058937,0.0038091090973466635,1031.8564
1.0,-0.0027116737328469753,0.022921709343791008,1031.8564
1.0,-0.0025707741733640432,0.02097897045314312,1031.8564
1.0,-0.002577793085947633,0.005275010596960783,1031.8564
1.0,-0.0025851118844002485,0.02119131200015545,1031.8564
1.0,-0.002596993697807193,0.0013820825843140483,1031.8564
1.0,-0.002765662968158722,0.013733281753957272,1031.8564
1.0,-0.002564717549830675,0.01489929761737585,1031.8564
1.0,-0.0026390256825834513,0.0011082737473770976,1031.8564
1.0,-0.0027258938644081354,0.019915400072932243,1031.8564
1.0,-0.0026387041434645653,0.000325962872011587,1031.8564
1.0,-0.0025465372018516064,0.003475695615634322,1031.8564
1.0,-0.0025360144209116697,0.014532356522977352,1031.8564
1.0,-0.0026390787679702044,0.008460133336484432,1031.8564
1.0,-0.0019904475193470716,0.009650363586843014,1031.8564
1.0,-0.0026703469920903444,0.009182839654386044,1031.8564
1.0,-0.0019615134224295616,0.005498528014868498,1031.8564
1.0,-0.0027928028721362352,0.006781890522688627,1031.8564
1.0,-0.002615303499624133,0.01308694388717413,1031.8564
1.0,-0.0019971481524407864,0.0025015322025865316,1031.8564
1.0,-0.0027617947198450565,0.012286006473004818,1031.8564
1.0,-0.0020008471328765154,0.010643153451383114,1031.8564
1.0,-0.002588843461126089,0.0005736946477554739,1031.8564
1.0,-0.002714363159611821,0.020546836778521538,1031.8564
1.0,-0.001987241907045245,0.01153163518756628,1031.8564
1.0,-0.002626344794407487,0.007690861355513334,1031.8564
1.0,-0.002003962406888604,0.021826473996043205,1031.8564
1.0,-0.002610216150060296,0.00470504118129611,1031.8564
1.0,-0.001957017695531249,0.015497206710278988,1031.8564
1.0,-0.0026092941407114267,0.015024094842374325,1031.8564
1.0,-0.0025905517395585775,0.01077353861182928,1031.8564
1.0,-0.002668253378942609,0.029139218851923943,1031.8564
1.0,-0.0025855274870991707,0.008190049789845943,1031.8564
1.0,-0.002579334657639265,0.019349155947566032,1031.8564
1.0,-0.0026341313496232033,0.021889803931117058,1031.8564
1.0,-0.0026366643141955137,0.014772637747228146,1031.8564
1.0,-0.0019611436873674393,0.020021570846438408,1031.8564
1.0,-0.002598877064883709,0.02121366374194622,1031.8564
1.0,-0.0025803588796406984,0.01695379428565502,1031.8564
1.0,-0.0027716842014342546,0.012703238986432552,1031.8564
1.0,-0.0026487926952540874,0.021476296707987785,1031.8564
1.0,-0.001995665719732642,0.014249234460294247,1031.8564
1.0,-0.0027313753962516785,0.01737661473453045,1031.8564
1.0,-0.001980971312150359,0.018756834790110588,1031.8564
1.0,-0.00260376650840044,0.007562338840216398,1031.8564
1.0,-0.0025649608578532934,0.024005768820643425,1031.8564
1.0,-0.0019879669416695833,0.013563781045377254,1031.8564
1.0,-0.002636978402733803,0.012759118340909481,1031.8564
1.0,-0.002615892793983221,0.022746620699763298,1031.8564
1.0,-0.0026440604124218225,0.004248693119734526,1031.8564
1.0,-0.001964286668226123,0.015448777936398983,1031.8564
1.0,-0.0026445044204592705,0.006239860784262419,1031.8564
1.0,-0.001983498688787222,0.017257405444979668,1031.8564
1.0,-0.002761321607977152,0.007258727680891752,1031.8564
1.0,-0.0019893934950232506,0.020444391295313835,1031.8564
1.0,-0.002616991987451911,-0.005353241693228483,1031.8564
1.0,-0.0026264896150678396,0.03378651663661003,1031.8564
1.0,-0.0026063851546496153,0.0014044343261048198,1031.8564
1.0,-0.001966828713193536,0.01825764589011669,1031.8564
1.0,-0.002669527428224683,0.014349817298352718,1031.8564
1.0,-0.0019844332709908485,0.021880490705370903,1031.8564
1.0,-0.002836828352883458,0.01215375866740942,1031.8564
1.0,-0.0019724920857697725,0.03323517367243767,1031.8564
1.0,-0.0026549261528998613,0.005550682079046965,1031.8564
1.0,-0.0027166754007339478,0.0401865653693676,1031.8564
1.0,-0.0026315962895751,0.015947965905070305,1031.8564
1.0,-0.0019660983234643936,0.018518416211009026,1031.8564
1.0,-0.002677708864212036,0.019349155947566032,1031.8564
1.0,-0.0019824658520519733,0.028206033632159233,1031.8564
1.0,-0.0026418794877827168,0.010795890353620052,1031.8564
1.0,-0.0019440259784460068,0.033268701285123825,1031.8564
1.0,-0.002672534203156829,0.0046454365365207195,1031.8564
1.0,-0.001973785925656557,0.03316253051161766,1031.8564
1.0,-0.0026813328731805086,0.01578591577708721,1031.8564
1.0,-0.0019767971243709326,0.029264016076922417,1031.8564
1.0,-0.002811144106090069,0.015284865163266659,1031.8564
1.0,-0.0019718229304999113,0.0354330949485302,1031.8564
1.0,-0.0026395961176604033,0.003438442712649703,1031.8564
1.0,-0.0027258126065135,0.03401375934481621,1031.8564
1.0,-0.0026207291521131992,0.017879528924822807,1031.8564
1.0,-0.0026149465702474117,0.020185483619570732,1031.8564
1.0,-0.0019254275830462575,0.03177299723029137,1031.8564
1.0,-0.002779286587610841,0.016078351065516472,1031.8564
1.0,-0.0019040857441723347,0.015903262421488762,1031.8564
1.0,-0.002651333110406995,0.01755542866885662,1031.8564
1.0,-0.002770053455606103,0.01963414065539837,1031.8564
1.0,-0.0025599671062082052,0.013817100785672665,1031.8564
1.0,-0.002759099705144763,0.023514030501246452,1031.8564
1.0,-0.0026514616329222918,-0.00378303206525743,1031.8564
1.0,-0.002749402541667223,0.03282539173960686,1031.8564
1.0,-0.0026538365054875612,0.005828216206282377,1031.8564
1.0,-0.002011821372434497,0.005887820851057768,1031.8564
1.0,-0.0028605489060282707,0.015215947292745113,1031.8564
1.0,-0.002572955098003149,0.028869135305285454,1031.8564
1.0,-0.002641715109348297,0.006647780071943998,1031.8564
1.0,-0.0019929197151213884,0.025056300684809685,1031.8564
1.0,-0.002576914383098483,0.015806404873728752,1031.8564
1.0,-0.0025383734609931707,0.034088265150785446,1031.8564
1.0,-0.002602103864774108,0.015275551937520504,1031.8564
1.0,-0.0026487880386412144,0.02531893365085125,1031.8564
1.0,-0.0020310613326728344,0.0271871667355299,1031.8564
1.0,-0.0026197335682809353,0.017158685252070427,1031.8564
1.0,-0.00270601874217391,0.035759057849645615,1031.8564
1.0,-0.002609140705317259,0.011088325642049313,1031.8564
1.0,-0.0025827891658991575,0.020390374585986137,1031.8564
1.0,-0.0025990859139710665,0.02981349639594555,1031.8564
1.0,-0.0026332468260079622,0.019768251106142998,1031.8564
1.0,-0.0025878949090838432,0.007921828888356686,1031.8564
1.0,-0.0027353239711374044,0.030256805941462517,1031.8564
1.0,-0.0026443253736943007,0.02082064561545849,1031.8564
1.0,-0.002565725240856409,0.020740551874041557,1031.8564
1.0,-0.00252601969987154,0.02775341086089611,1031.8564
1.0,-0.002663671039044857,0.020215285941958427,1031.8564
1.0,-0.0019837033469229937,0.022176651284098625,1031.8564
1.0,-0.0026858369819819927,0.02594105713069439,1031.8564
1.0,-0.0025551370345056057,0.02214684896171093,1031.8564
1.0,-0.002780868671834469,0.010898335836827755,1031.8564
1.0,-0.0025660437531769276,0.02444535307586193,1031.8564
1.0,-0.0027809550520032644,0.023871658369898796,1031.8564
1.0,-0.002562284003943205,0.02191588096320629,1031.8564
1.0,-0.002633981639519334,0.005980953108519316,1031.8564
1.0,-0.002728917868807912,0.027220694348216057,1031.8564
1.0,-0.0026605792809277773,0.014999880455434322,1031.8564
1.0,-0.0019630449824035168,0.020401550456881523,1031.8564
1.0,-0.002615095116198063,0.022094694897532463,1031.8564
1.0,-0.0027172998525202274,0.030871478840708733,1031.8564
1.0,-0.002616599667817354,0.0005923210992477834,1031.8564
1.0,-0.002747592283412814,0.031480561941862106,1031.8564
1.0,-0.0027796707581728697,0.01679174415767193,1031.8564
1.0,-0.0019854314159601927,0.027995554730296135,1031.8564
1.0,-0.0028218445368111134,0.01104362215846777,1031.8564
1.0,-0.0019414621638134122,0.048315148800611496,1031.8564
1.0,-0.0028692465275526047,0.022063029929995537,1031.8564
1.0,-0.0019032310228794813,0.029006971046328545,1031.8564
1.0,-0.002784564159810543,0.03403983637690544,1031.8564
1.0,-0.0027946296613663435,0.04962831363081932,1031.8564
1.0,-0.001987486146390438,0.03065541200339794,1031.8564
1.0,-0.0025566411204636097,0.026550142094492912,1031.8564
1.0,-0.0019495900487527251,0.04732794687151909,1031.8564
1.0,-0.002690499182790518,0.03362260386347771,1031.8564
1.0,-0.002545091323554516,0.024294478818774223,1031.8564
1.0,-0.0026374985463917255,0.039674337953329086,1031.8564
1.0,-0.0027989165391772985,0.03792345151305199,1031.8564
1.0,-0.0019415467977523804,0.028811393305659294,1031.8564
1.0,-0.0026065977290272713,0.013414769433438778,1031.8564
1.0,-0.002522483468055725,0.03781355544924736,1031.8564
1.0,-0.002792607992887497,0.020384786650538445,1031.8564
1.0,-0.001902602263726294,0.01724436692893505,1031.8564
1.0,-0.0026974480133503675,0.012069939635694027,1031.8564
1.0,-0.0027600047178566456,0.03393366560339928,1031.8564
1.0,-0.002630130620673299,0.0004041939682792872,1031.8564
1.0,-0.001981424167752266,0.0062957401387393475,1031.8564
1.0,-0.0027589499950408936,0.02029724232852459,1031.8564
1.0,-0.0026272109244018793,0.035624947398900986,1031.8564
1.0,-0.0026000074576586485,0.000612810195889324,1031.8564
1.0,-0.0027678257320076227,0.026343388482928276,1031.8564
1.0,-0.0025787577033042908,0.026004387065768242,1031.8564
1.0,-0.0025988423731178045,0.01963786594569683,1031.8564
1.0,-0.002777728484943509,0.023655591532588005,1031.8564
1.0,-0.0025308497715741396,0.032898034900426865,1031.8564
1.0,-0.002649556379765272,0.02232007496058941,1031.8564
1.0,-0.0027546791825443506,0.037606801837682724,1031.8564
1.0,-0.0025998165365308523,0.030685214325785637,1031.8564
1.0,-0.002579936757683754,0.027179716154932976,1031.8564
1.0,-0.001936824177391827,0.045474614948034286,1031.8564
1.0,-0.002770759863778949,0.02991407923400402,1031.8564
1.0,-0.0019118825439363718,0.026987863704562187,1031.8564
1.0,-0.0027742027305066586,0.031631436198949814,1031.8564
1.0,-0.0027780847158282995,0.04233419522643089,1031.8564
1.0,-0.002587559400126338,0.031193716451525688,1031.8564
1.0,-0.0027416562661528587,0.03612041100859642,1031.8564
1.0,-0.0025725881569087505,0.03349780663847923,1031.8564
1.0,-0.0028598092030733824,0.04257633909583092,1031.8564
1.0,-0.001970658078789711,0.03657303377985954,1031.8564
1.0,-0.0026802110951393843,0.021968035027384758,1031.8564
1.0,-0.002726377220824361,0.0439230315387249,1031.8564
1.0,-0.0026843382511287928,0.02641044370830059,1031.8564
1.0,-0.001962310867384076,0.02701394073665142,1031.8564
1.0,-0.0027266053948551416,0.025678424164652824,1031.8564
1.0,-0.0019849708769470453,0.0320337675511837,1031.8564
1.0,-0.002689334098249674,0.02004392258822918,1031.8564
1.0,-0.00198275875300169,0.03069452755153179,1031.8564
1.0,-0.0026558972895145416,0.019175929948687553,1031.8564
1.0,-0.0019420890603214502,0.03851577267050743,1031.8564
1.0,-0.0027135219424962997,0.015836207196116447,1031.8564
1.0,-0.0027360273525118828,0.04606134817004204,1031.8564
1.0,-0.002719451440498233,0.018207354471087456,1031.8564
1.0,-0.001962323673069477,0.029120592400431633,1031.8564
1.0,-0.0026878509670495987,0.03994814679026604,1031.8564
1.0,-0.0027228158432990313,0.051230188459157944,1031.8564
1.0,-0.0025968009140342474,0.02549215964972973,1031.8564
1.0,-0.002737112808972597,0.04796869680285454,1031.8564
1.0,-0.0026240870356559753,0.040490176528692245,1031.8564
1.0,-0.0026080135721713305,0.050768252462148666,1031.8564
1.0,-0.0025909447576850653,0.043272968381643295,1031.8564
1.0,-0.00265700020827353,0.040100883692502975,1031.8564
1.0,-0.002760486211627722,0.050803642719984055,1031.8564
1.0,-0.0026335360016673803,0.03607943281531334,1031.8564
1.0,-0.0020091580227017403,0.03428943082690239,1031.8564
1.0,-0.0028664327692240477,0.03919750079512596,1031.8564
1.0,-0.0025816895067691803,0.04669278487563133,1031.8564
1.0,-0.002664867090061307,0.019853932783007622,1031.8564
1.0,-0.0026294284034520388,0.042999159544706345,1031.8564
1.0,-0.002633772324770689,0.029763204976916313,1031.8564
1.0,-0.002599724568426609,0.04036910459399223,1031.8564
1.0,-0.00265149911865592,0.030295921489596367,1031.8564
1.0,-0.002584637375548482,0.02716854028403759,1031.8564
1.0,-0.002780405106022954,0.029068438336253166,1031.8564
1.0,-0.0025708330795168877,0.0344887338578701,1031.8564
1.0,-0.002666124841198325,0.023260710760951042,1031.8564
1.0,-0.002761926269158721,0.038446854799985886,1031.8564
1.0,-0.0026073423214256763,0.030528752133250237,1031.8564
1.0,-0.002631017006933689,0.024983657523989677,1031.8564
1.0,-0.0019270045449957252,0.033777203410863876,1031.8564
1.0,-0.0026574842631816864,0.028925014659762383,1031.8564
1.0,-0.002550326520577073,0.042825933545827866,1031.8564
1.0,-0.0025924250949174166,0.020870937034487724,1031.8564
1.0,-0.002669715089723468,0.02701021544635296,1031.8564
1.0,-0.002617649035528302,0.04943832382559776,1031.8564
1.0,-0.0025935459416359663,0.026453284546732903,1031.8564
1.0,-0.0026249357033520937,0.04092231020331383,1031.8564
1.0,-0.002662464277818799,0.028291715309023857,1031.8564
1.0,-0.002646267879754305,0.04032626375555992,1031.8564
1.0,-0.002565538976341486,0.04158354923129082,1031.8564
1.0,-0.0026152408681809902,0.02718530409038067,1031.8564
1.0,-0.0027127661742269993,0.04396773502230644,1031.8564
1.0,-0.0026781829074025154,0.03578327223658562,1031.8564
1.0,-0.0025782936718314886,0.03265775367617607,1031.8564
1.0,-0.002638279227539897,0.04491954669356346,1031.8564
1.0,-0.0026753994170576334,0.0379122756421566,1031.8564
1.0,-0.00196466245688498,0.03875232860445976,1031.8564
1.0,-0.0026420624926686287,0.03878585621714592,1031.8564
1.0,-0.002574903890490532,0.04248693212866783,1031.8564
1.0,-0.002899518935009837,0.034984197467565536,1031.8564
1.0,-0.0019482382340356708,0.03987922891974449,1031.8564
1.0,-0.002814125968143344,0.029530374333262444,1031.8564
1.0,-0.0025995902251452208,0.05459412559866905,1031.8564
1.0,-0.0026967208832502365,0.026324762031435966,1031.8564
1.0,-0.0025856622960418463,0.032138075679540634,1031.8564
1.0,-0.002746314276009798,0.042298804968595505,1031.8564
1.0,-0.0026137216482311487,0.04226527735590935,1031.8564
1.0,-0.0026415889151394367,0.04198029264807701,1031.8564
1.0,-0.0026637520641088486,0.04480033740401268,1031.8564
1.0,-0.002589442068710923,0.03888457641005516,1031.8564
1.0,-0.0026735966093838215,0.04624202474951744,1031.8564
1.0,-0.001989116659387946,0.043116506189107895,1031.8564
1.0,-0.0026545622386038303,0.03778934106230736,1031.8564
1.0,-0.002624174812808633,0.05705654248595238,1031.8564
1.0,-0.0026162525173276663,0.02992898039519787,1031.8564
1.0,-0.0026060461532324553,0.044157724827528,1031.8564
1.0,-0.0026043832767754793,0.0491999052464962,1031.8564
1.0,-0.002657294273376465,0.034594904631376266,1031.8564
1.0,-0.002795422449707985,0.05589425191283226,1031.8564
1.0,-0.002588616218417883,0.03834068402647972,1031.8564
1.0,-0.0025949627161026,0.034375112503767014,1031.8564
1.0,-0.0028144943062216043,0.04042312130331993,1031.8564
1.0,-0.0026016051415354013,0.0501684807240963,1031.8564
1.0,-0.0026252958923578262,0.026324762031435966,1031.8564
1.0,-0.0025294877123087645,0.05838460847735405,1031.8564
1.0,-0.002658405341207981,0.029901040717959404,1031.8564
1.0,-0.002586409216746688,0.05482136830687523,1031.8564
1.0,-0.00269118370488286,0.038700174540281296,1031.8564
1.0,-0.002569955075159669,0.051915641874074936,1031.8564
1.0,-0.002832509810104966,0.040255483239889145,1031.8564
1.0,-0.002569240052253008,0.061625611037015915,1031.8564
1.0,-0.002669958397746086,0.03216974064707756,1031.8564
1.0,-0.002744037192314863,0.06742029637098312,1031.8564
1.0,-0.0026591711211949587,0.03898702189326286,1031.8564
1.0,-0.002564189024269581,0.05801207944750786,1031.8564
1.0,-0.002586465096101165,0.05166604742407799,1031.8564
1.0,-0.0027427219320088625,0.06274505704641342,1031.8564
1.0,-0.0025669424794614315,0.03624334558844566,1031.8564
1.0,-0.002616006415337324,0.0612214170396328,1031.8564
1.0,-0.0028386819176375866,0.05746632441878319,1031.8564
1.0,-0.0025557854678481817,0.05197897180914879,1031.8564
1.0,-0.002811529440805316,0.057876106351614,1031.8564
1.0,-0.0025838676374405622,0.046271827071905136,1031.8564
1.0,-0.002803526585921645,0.06344913691282272,1031.8564
1.0,-0.002600208856165409,0.051289793103933334,1031.8564
1.0,-0.0026148823089897633,0.040918584913015366,1031.8564
1.0,-0.0027992266695946455,0.04976987466216087,1031.8564
1.0,-0.0026050093583762646,0.04832818731665611,1031.8564
1.0,-0.002677859039977193,0.04077329859137535,1031.8564
1.0,-0.00193570158444345,0.05383044108748436,1031.8564
1.0,-0.002713858149945736,0.036850567907094955,1031.8564
1.0,-0.001919039525091648,0.06140768155455589,1031.8564
1.0,-0.0026694582775235176,0.03469735011458397,1031.8564
1.0,-0.0025801837909966707,0.05324557051062584,1031.8564
1.0,-0.002812849124893546,0.048350539058446884,1031.8564
1.0,-0.002613157732412219,0.06288289278745651,1031.8564
1.0,-0.002636014949530363,0.040937211364507675,1031.8564
1.0,-0.0025346700567752123,0.07135047763586044,1031.8564
1.0,-0.002665676875039935,0.0430084727704525,1031.8564
1.0,-0.0025887731462717056,0.06886943429708481,1031.8564
1.0,-0.0026986587326973677,0.05386769399046898,1031.8564
1.0,-0.0025813542306423187,0.06669013947248459,1031.8564
1.0,-0.0028415240813046694,0.05473196133971214,1031.8564
1.0,-0.0025761902797967196,0.07447227090597153,1031.8564
1.0,-0.0026785193476825953,0.04467740282416344,1031.8564
1.0,-0.002750412793830037,0.07950886338949203,1031.8564
1.0,-0.0026721416506916285,0.051349397748708725,1031.8564
1.0,-0.002575405640527606,0.06945803016424179,1031.8564
1.0,-0.002597828395664692,0.06239115819334984,1031.8564
1.0,-0.0027519569266587496,0.07209181040525436,1031.8564
1.0,-0.002576313680037856,0.04532932862639427,1031.8564
1.0,-0.002625573193654418,0.07069110125303268,1031.8564
1.0,-0.002769815968349576,0.06530805677175522,1031.8564
1.0,-0.00257697282359004,0.05542486533522606,1031.8564
1.0,-0.002677991520613432,0.07559730857610703,1031.8564
1.0,-0.00262569822371006,0.05361809954047203,1031.8564
1.0,-0.002602791180834174,0.060148533433675766,1031.8564
1.0,-0.002670254558324814,0.060174610465765,1031.8564
1.0,-0.002657822333276272,0.056039538234472275,1031.8564
1.0,-0.0028195511549711227,0.06711482256650925,1031.8564
1.0,-0.002600009785965085,0.05461275205016136,1031.8564
1.0,-0.00264326436445117,0.05389004573225975,1031.8564
1.0,-0.0027812982443720102,0.05635991320014,1031.8564
1.0,-0.0026426445692777634,0.055123116821050644,1031.8564
1.0,-0.00261962553486228,0.047165896743535995,1031.8564
1.0,-0.0025445062201470137,0.05961209163069725,1031.8564
1.0,-0.002712177811190486,0.04689767584204674,1031.8564
1.0,-0.0025749995838850737,0.06223469600081444,1031.8564
1.0,-0.0027568386867642403,0.046171244233846664,1031.8564
1.0,-0.0025675231590867043,0.06437673419713974,1031.8564
1.0,-0.0028855681885033846,0.051755454391241074,1031.8564
1.0,-0.0025778324343264103,0.07345154136419296,1031.8564
1.0,-0.002694114577025175,0.044029202312231064,1031.8564
1.0,-0.002720506628975272,0.07903202623128891,1031.8564
1.0,-0.0028071291744709015,0.05792080983519554,1031.8564
1.0,-0.001967652468010783,0.06369500607252121,1031.8564
1.0,-0.0027686653193086386,0.07236375659704208,1031.8564
1.0,-0.00261817523278296,0.09156017750501633,1031.8564
1.0,-0.002651232061907649,0.06898119300603867,1031.8564
1.0,-0.0026694999542087317,0.08657573908567429,1031.8564
1.0,-0.0026354638393968344,0.07729976624250412,1031.8564
1.0,-0.0027011223137378693,0.09391456097364426,1031.8564
1.0,-0.0026190928183496,0.07983668893575668,1031.8564
1.0,-0.0026266789063811302,0.07911025732755661,1031.8564
