healthy,ctrl,forward,cumulative
1.0,-0.002142799086868763,0.048314064741134644,206.6936
1.0,-0.0016539860516786575,0.12430134415626526,206.6936
1.0,-0.0009274702169932425,0.01380791887640953,206.6936
1.0,-0.0011180120054632425,0.042681898921728134,206.6936
1.0,-0.002183231059461832,0.0686933770775795,206.6936
1.0,-0.0021531214006245136,0.09803752601146698,206.6936
1.0,-0.002171868924051523,0.14676068723201752,206.6936
1.0,-0.002241549314931035,0.16509415209293365,206.6936
1.0,-0.0009720409289002419,0.18769024312496185,206.6936
1.0,-0.0010007318342104554,0.18740659952163696,206.6936
1.0,-0.0022191081661731005,0.2133251279592514,206.6936
1.0,-0.002234888728708029,0.24841654300689697,206.6936
1.0,-0.0022725833114236593,0.2994871139526367,206.6936
1.0,-0.0023067528381943703,0.3323071599006653,206.6936
1.0,-0.0023427933920174837,0.35384899377822876,206.6936
1.0,-0.0023882200475782156,0.40964943170547485,206.6936
1.0,-0.0024350204039365053,0.4505910575389862,206.6936
1.0,-0.0024891102220863104,0.49945685267448425,206.6936
1.0,-0.002581849927082658,0.5396143198013306,206.6936
1.0,-0.002593590412288904,0.2921740412712097,206.6936
1.0,-0.0020070266909897327,-0.04223454371094704,206.6936
1.0,-0.0013880665646865964,-0.018994787707924843,206.6936
1.0,-0.0024158512242138386,-0.1252042055130005,206.6936
1.0,-0.0022883068304508924,-0.21659116446971893,206.6936
1.0,-0.0014781325589865446,-0.1761261224746704,206.6936
1.0,-0.0019833187106996775,-0.207979217171669,206.6936
1.0,-0.0020184603054076433,-0.16948533058166504,206.6936
1.0,-0.001925215357914567,-0.11106906086206436,206.6936
1.0,-0.0013373947003856301,-0.06860517710447311,206.6936
1.0,-0.0019166892161592841,-0.032134585082530975,206.6936
1.0,-0.0018773657502606511,-0.0016321426955983043,206.6936
1.0,-0.0019446678925305605,-0.02174801006913185,206.6936
1.0,-0.0029434047173708677,-0.021225305274128914,206.6936
1.0,-0.0020583616569638252,0.04551349952816963,206.6936
1.0,-0.0013193927006796002,0.026453284546732903,206.6936
1.0,-0.0025451085530221462,0.023676080629229546,206.6936
1.0,-0.0025534075684845448,0.08356524258852005,206.6936
1.0,-0.001992675242945552,0.10653631389141083,206.6936
1.0,-0.0025750421918928623,0.07955822348594666,206.6936
1.0,-0.0019416232826188207,-0.02729124203324318,206.6936
1.0,-0.0019429691601544619,-0.12381630390882492,206.6936
1.0,-0.0013558437349274755,-0.15789805352687836,206.6936
1.0,-0.0013563719112426043,-0.12158019840717316,206.6936
1.0,-0.001340396935120225,-0.11349864304065704,206.6936
1.0,-0.001914028893224895,-0.09519373625516891,206.6936
1.0,-0.0025516068562865257,-0.07478147000074387,206.6936
1.0,-0.001965931849554181,-0.03759586066007614,206.6936
1.0,-0.0014138973783701658,-0.053978290408849716,206.6936
1.0,-0.0019822430331259966,-0.047134000808000565,206.6936
1.0,-0.001980818808078766,-0.05793873965740204,206.6936
1.0,-0.001973446225747466,-0.051044389605522156,206.6936
1.0,-0.0019532095175236464,-0.1131589487195015,206.6936
1.0,-0.001343876007013023,-0.1604815423488617,206.6936
1.0,-0.0018984487978741527,-0.13307015597820282,206.6936
1.0,-0.00190795271191746,-0.06986478716135025,206.6936
1.0,-0.0025234147906303406,-0.017004551365971565,206.6936
1.0,-0.0023645327892154455,-0.0234507005661726,206.6936
1.0,-0.0019492958672344685,-0.04231882840394974,206.6936
1.0,-0.0025770938955247402,0.0007026828243397176,206.6936
1.0,-0.0025443213526159525,0.029101500287652016,206.6936
1.0,-0.001980970613658428,0.04381918907165527,206.6936
1.0,-0.001992354169487953,0.07625947892665863,206.6936
1.0,-0.002577876439318061,0.07652118057012558,206.6936
1.0,-0.0013614229392260313,-0.08859787881374359,206.6936
1.0,-0.0019434507703408599,-0.17212167382240295,206.6936
1.0,-0.0019365317421033978,-0.1748918890953064,206.6936
1.0,-0.0013523949310183525,-0.11515407264232635,206.6936
1.0,-0.0013463838258758187,-0.10751629620790482,206.6936
1.0,-0.0019190245075151324,-0.0976417139172554,206.6936
1.0,-0.001340177608653903,-0.08885399252176285,206.6936
1.0,-0.0013333223760128021,-0.10534759610891342,206.6936
1.0,-0.0019711239729076624,-0.06467127054929733,206.6936
1.0,-0.0024120123125612736,-0.04397553578019142,206.6936
1.0,-0.0013419671449810266,-0.060401272028684616,206.6936
1.0,-0.002566111972555518,-0.03326823562383652,206.6936
1.0,-0.0023978115059435368,-0.012601724825799465,206.6936
1.0,-0.002985673490911722,-0.011550028808414936,206.6936
1.0,-0.0014254439156502485,0.035153117030858994,206.6936
1.0,-0.002011275151744485,-0.027371453121304512,206.6936
1.0,-0.0013622571714222431,-0.14153878390789032,206.6936
1.0,-0.001944201998412609,-0.17658597230911255,206.6936
1.0,-0.0019362015882506967,-0.11845724284648895,206.6936
1.0,-0.0013693247456103563,-0.0641200989484787,206.6936
1.0,-0.0013585368869826198,-0.09791971743106842,206.6936
1.0,-0.0024120155721902847,-0.10863684862852097,206.6936
1.0,-0.001932759303599596,-0.09631650149822235,206.6936
1.0,-0.002417556010186672,-0.042368773370981216,206.6936
1.0,-0.002416019793599844,-0.08633598685264587,206.6936
1.0,-0.00194364448543638,-0.1056518480181694,206.6936
1.0,-0.0025950793642550707,-0.12832006812095642,206.6936
1.0,-0.0024227891117334366,-0.1105562373995781,206.6936
1.0,-0.001944733434356749,-0.09640524536371231,206.6936
1.0,-0.0029925790149718523,-0.04860909283161163,206.6936
1.0,-0.003036671783775091,-0.0843794196844101,206.6936
1.0,-0.0020242570899426937,-0.11415448784828186,206.6936
1.0,-0.0025805742479860783,-0.12421467155218124,206.6936
1.0,-0.003006592858582735,-0.08202172070741653,206.6936
1.0,-0.0030005723237991333,-0.08798771351575851,206.6936
1.0,-0.002574295736849308,-0.09356153011322021,206.6936
1.0,-0.002473929664120078,-0.09261903166770935,206.6936
1.0,-0.0019940948113799095,-0.10671355575323105,206.6936
1.0,-0.001996459672227502,-0.07468514144420624,206.6936
1.0,-0.0025740028358995914,-0.08402258157730103,206.6936
1.0,-0.0029936335049569607,-0.07177993655204773,206.6936
1.0,-0.003060529939830303,-0.07235747575759888,206.6936
1.0,-0.00259024347178638,-0.09057309478521347,206.6936
1.0,-0.0024341570679098368,-0.09209778159856796,206.6936
1.0,-0.002580320928245783,-0.06181653216481209,206.6936
1.0,-0.002034285804256797,-0.057739317417144775,206.6936
1.0,-0.002587052760645747,-0.07345166057348251,206.6936
1.0,-0.003016225527971983,-0.07277482002973557,206.6936
1.0,-0.0019948449917137623,-0.06766337156295776,206.6936
1.0,-0.0025728519540280104,-0.07402151077985764,206.6936
1.0,-0.0029981762636452913,-0.06374285370111465,206.6936
1.0,-0.003052846062928438,-0.05934061110019684,206.6936
1.0,-0.0026253999676555395,-0.07816636562347412,206.6936
1.0,-0.0030314652249217033,-0.05774746835231781,206.6936
1.0,-0.0030179955065250397,-0.04478543624281883,206.6936
1.0,-0.0019955469761043787,-0.06254645437002182,206.6936
1.0,-0.0019930070266127586,-0.05535641312599182,206.6936
1.0,-0.0025989499408751726,-0.06066704913973808,206.6936
1.0,-0.002582272980362177,-0.04623643681406975,206.6936
1.0,-0.0025753567460924387,-0.04707462713122368,206.6936
1.0,-0.002578222658485174,-0.040817536413669586,206.6936
1.0,-0.001997001003473997,-0.05137384682893753,206.6936
1.0,-0.001994819613173604,-0.060701508074998856,206.6936
1.0,-0.001994243124499917,-0.04491885006427765,206.6936
1.0,-0.002580370521172881,-0.036714594811201096,206.6936
1.0,-0.0029963995330035686,-0.038062918931245804,206.6936
1.0,-0.0024195434525609016,-0.04123220965266228,206.6936
1.0,-0.002576239872723818,-0.05710962787270546,206.6936
1.0,-0.001993610756471753,-0.06001954525709152,206.6936
1.0,-0.0025728843174874783,-0.036523908376693726,206.6936
1.0,-0.0030025711748749018,-0.006250570993870497,206.6936
1.0,-0.0024149261880666018,-0.04119611904025078,206.6936
1.0,-0.0025777423288673162,-0.05224812403321266,206.6936
1.0,-0.001996765611693263,-0.062423985451459885,206.6936
1.0,-0.001992181409150362,-0.06976024806499481,206.6936
1.0,-0.0019949122797697783,-0.043656907975673676,206.6936
1.0,-0.0025950900744646788,-0.04789605364203453,206.6936
1.0,-0.0030055653769522905,-0.011162598617374897,206.6936
1.0,-0.001937478082254529,0.025331972166895866,206.6936
1.0,-0.0025757940020412207,-0.02152961492538452,206.6936
1.0,-0.001995439175516367,-0.07705879211425781,206.6936
1.0,-0.0025734207592904568,-0.0943867415189743,206.6936
1.0,-0.002002335386350751,-0.047137726098299026,206.6936
1.0,-0.002578902291134,-0.03250967338681221,206.6936
1.0,-0.0024123250041157007,-0.008730216883122921,206.6936
1.0,-0.002423908794298768,-0.03012106567621231,206.6936
1.0,-0.002994371112436056,-0.04704692214727402,206.6936
1.0,-0.001994139514863491,-0.0685739740729332,206.6936
1.0,-0.001992566743865609,-0.06355530768632889,206.6936
1.0,-0.002588963368907571,-0.0441756546497345,206.6936
1.0,-0.002412952948361635,-0.01991330459713936,206.6936
1.0,-0.002421705750748515,-0.0267929844558239,206.6936
1.0,-0.002413930371403694,-0.03178580477833748,206.6936
1.0,-0.0019933944568037987,-0.06380676478147507,206.6936
1.0,-0.0019962771330028772,-0.06001628562808037,206.6936
1.0,-0.002024671994149685,-0.04245200753211975,206.6936
1.0,-0.0025810222141444683,-0.04903622716665268,206.6936
1.0,-0.002994310576468706,-0.016453208401799202,206.6936
1.0,-0.003033880377188325,-0.029916640371084213,206.6936
1.0,-0.0024173299316316843,-0.05638179928064346,206.6936
1.0,-0.0019952883012592793,-0.07527507096529007,206.6936
1.0,-0.0019947963301092386,-0.058457717299461365,206.6936
1.0,-0.002570879412814975,-0.05301832780241966,206.6936
1.0,-0.002990979701280594,-0.012349802069365978,206.6936
1.0,-0.0020513860508799553,0.005731824319809675,206.6936
1.0,-0.0019992205779999495,-0.0529121570289135,206.6936
1.0,-0.001999142114073038,-0.08779390901327133,206.6936
1.0,-0.0019970375578850508,-0.08573988080024719,206.6936
1.0,-0.0020208850037306547,-0.06369640678167343,206.6936
1.0,-0.0025699161924421787,-0.06271293014287949,206.6936
1.0,-0.002994545502588153,-0.010284594260156155,206.6936
1.0,-0.00199269806034863,0.006705522071570158,206.6936
1.0,-0.00299519463442266,-0.04132510721683502,206.6936
1.0,-0.0019961465150117874,-0.07828184962272644,206.6936
1.0,-0.0025741641875356436,-0.08115078508853912,206.6936
1.0,-0.0025744710583239794,-0.08303066343069077,206.6936
1.0,-0.0024271945003420115,-0.06943195313215256,206.6936
1.0,-0.0020032122265547514,-0.0911313071846962,206.6936
1.0,-0.001993173034861684,-0.10865553468465805,206.6936
1.0,-0.0025739637203514576,-0.10945926606655121,206.6936
1.0,-0.0024170312099158764,-0.08337059617042542,206.6936
1.0,-0.0025898695457726717,-0.11144763976335526,206.6936
1.0,-0.0030164248310029507,-0.11669052392244339,206.6936
1.0,-0.0025732223875820637,-0.12398417294025421,206.6936
1.0,-0.002994398819282651,-0.12440931797027588,206.6936
1.0,-0.0019956431351602077,-0.12955348193645477,206.6936
1.0,-0.0025881552137434483,-0.1448611617088318,206.6936
1.0,-0.0013597876532003284,-0.14227581024169922,206.6936
1.0,-0.0019348127534613013,-0.16231368482112885,206.6936
1.0,-0.001994624501094222,-0.16511742770671844,206.6936
1.0,-0.001354755717329681,-0.16594165563583374,206.6936
1.0,-0.0019389060325920582,-0.17384392023086548,206.6936
1.0,-0.0013546660775318742,-0.17405347526073456,206.6936
1.0,-0.001354624517261982,-0.17165857553482056,206.6936
1.0,-0.0019340409198775887,-0.17467884719371796,206.6936
1.0,-0.002575967228040099,-0.16292695701122284,206.6936
1.0,-0.0019937343895435333,-0.17621228098869324,206.6936
1.0,-0.001354983658529818,-0.20257754623889923,206.6936
1.0,-0.0019370629452168941,-0.20475497841835022,206.6936
1.0,-0.001937186112627387,-0.18130894005298615,206.6936
1.0,-0.0025805337354540825,-0.1890249401330948,206.6936
1.0,-0.0019371479284018278,-0.2024797648191452,206.6936
1.0,-0.002574692713096738,-0.2008732259273529,206.6936
1.0,-0.0013761650770902634,-0.21061952412128448,206.6936
1.0,-0.0013569367583841085,-0.20416173338890076,206.6936
1.0,-0.0013644944410771132,-0.2122633010149002,206.6936
1.0,-0.0013588687870651484,-0.21703633666038513,206.6936
1.0,-0.0019322612788528204,-0.21211615204811096,206.6936
1.0,-0.002575402846559882,-0.18264073133468628,206.6936
1.0,-0.0025921666529029608,-0.2066427767276764,206.6936
1.0,-0.0013562740059569478,-0.2456856667995453,206.6936
1.0,-0.0019368270877748728,-0.26822367310523987,206.6936
1.0,-0.001993328332901001,-0.24058295786380768,206.6936
1.0,-0.0013557163765653968,-0.2503748834133148,206.6936
1.0,-0.0013539183419197798,-0.24945007264614105,206.6936
1.0,-0.0018099427688866854,-0.24828127026557922,206.6936
1.0,-0.0019319152925163507,-0.2555660605430603,206.6936
1.0,-0.0025732594076544046,-0.22585688531398773,206.6936
1.0,-0.002602681517601013,-0.24999582767486572,206.6936
1.0,-0.001935945707373321,-0.2820817530155182,206.6936
1.0,-0.0019349694484844804,-0.3049997389316559,206.6936
1.0,-0.0019340470898896456,-0.30233243107795715,206.6936
1.0,-0.0025789602659642696,-0.2753361761569977,206.6936
1.0,-0.0020486065186560154,-0.30626076459884644,206.6936
1.0,-0.001836083480156958,-0.31131038069725037,206.6936
1.0,-0.0013661424163728952,-0.32471585273742676,206.6936
1.0,-0.00195325817912817,-0.31111758947372437,206.6936
1.0,-0.0024139743763953447,-0.30123066902160645,206.6936
1.0,-0.0025740135461091995,-0.3348141610622406,206.6936
1.0,-0.0019945395179092884,-0.3549763858318329,206.6936
1.0,-0.001992970472201705,-0.3690980076789856,206.6936
1.0,-0.0019508692203089595,-0.3552548289299011,206.6936
1.0,-0.0019943779334425926,-0.34429502487182617,206.6936
1.0,-0.002002837834879756,-0.3642309308052063,206.6936
1.0,-0.001997145125642419,-0.38771700859069824,206.6936
1.0,-0.0022062775678932667,-0.41068342328071594,206.6936
1.0,-0.0019962871447205544,-0.4105549156665802,206.6936
1.0,-0.0013802011962980032,-0.4117637574672699,206.6936
1.0,-0.0019565860275179148,-0.41041892766952515,206.6936
1.0,-0.002994199050590396,-0.40580329298973083,206.6936
1.0,-0.001993197714909911,-0.43124890327453613,206.6936
1.0,-0.003023316618055105,-0.463442862033844,206.6936
1.0,-0.0020055542699992657,-0.4841237962245941,206.6936
1.0,-0.0020467694848775864,-0.4918779730796814,206.6936
1.0,-0.001993224723264575,-0.49655136466026306,206.6936
1.0,-0.002571655437350273,-0.5011744499206543,206.6936
1.0,-0.0029980274848639965,-0.4693045914173126,206.6936
1.0,-0.0024118837900459766,-0.4535205364227295,206.6936
1.0,-0.0020168437622487545,-0.5142595171928406,206.6936
1.0,-0.0013577967183664441,-0.5661081075668335,206.6936
1.0,-0.0019383988110348582,-0.5888584852218628,206.6936
1.0,-0.0019923571962863207,-0.5937758684158325,206.6936
1.0,-0.0019423644989728928,-0.5760136842727661,206.6936
1.0,-0.00299795251339674,-0.5529149770736694,206.6936
1.0,-0.0029973299242556095,-0.5683395862579346,206.6936
1.0,-0.0024182540364563465,-0.6206538081169128,206.6936
1.0,-0.0026324880309402943,-0.6594843864440918,206.6936
1.0,-0.002575609600171447,-0.682454526424408,206.6936
1.0,-0.0024134707637131214,-0.6528310179710388,206.6936
1.0,-0.0013725045137107372,-0.6811394691467285,206.6936
1.0,-0.002576616359874606,-0.6803739666938782,206.6936
1.0,-0.0029936267528682947,-0.6844102740287781,206.6936
1.0,-0.0024139443412423134,-0.7203295230865479,206.6936
1.0,-0.0025803919415920973,-0.7618590593338013,206.6936
1.0,-0.0019998843781650066,-0.7844231724739075,206.6936
1.0,-0.0020493671763688326,-0.7963366508483887,206.6936
1.0,-0.001993366051465273,-0.8130668997764587,206.6936
1.0,-0.0025669424794614315,-0.8202567100524902,206.6936
1.0,-0.0024097531568259,-0.823311448097229,206.6936
1.0,-0.0019884654320776463,-0.8378810882568359,206.6936
1.0,-0.0025757215917110443,-0.8564255833625793,206.6936
1.0,-0.0029986181762069464,-0.8346549868583679,206.6936
1.0,-0.00243114004842937,-0.8803307414054871,206.6936
1.0,-0.00193772092461586,-0.9462274312973022,206.6936
1.0,-0.00193591951392591,-0.983916163444519,206.6936
1.0,-0.0025760154239833355,-1.0240225791931152,206.6936
1.0,-0.002428758190944791,-1.0303034782409668,206.6936
1.0,-0.0024149694945663214,-1.0275020599365234,206.6936
1.0,-0.002573970705270767,-1.0478272438049316,206.6936
1.0,-0.001996253849938512,-1.0671614408493042,206.6936
1.0,-0.0019931511487811804,-1.0974891185760498,206.6936
1.0,-0.0019932850264012814,-1.1112167835235596,206.6936
1.0,-0.0019511834252625704,-1.1216959953308105,206.6936
1.0,-0.0029936390928924084,-1.1456458568572998,206.6936
1.0,-0.002003609901294112,-1.172032117843628,206.6936
1.0,-0.0019372235983610153,-1.2071951627731323,206.6936
1.0,-0.001993056619539857,-1.2392102479934692,206.6936
1.0,-0.001993609592318535,-1.254778265953064,206.6936
1.0,-0.001953887054696679,-1.2658722400665283,206.6936
1.0,-0.002414586255326867,-1.2672468423843384,206.6936
1.0,-0.002592351520434022,-1.3159103393554688,206.6936
1.0,-0.0019438392482697964,-1.3569108247756958,206.6936
1.0,-0.0019507709657773376,-1.4154835939407349,206.6936
1.0,-0.0019400634337216616,-1.440927267074585,206.6936
1.0,-0.002043144078925252,-1.4474912881851196,206.6936
1.0,-0.0019360928563401103,-1.489624261856079,206.6936
1.0,-0.0019344392931088805,-1.490607738494873,206.6936
1.0,-0.0025788210332393646,-1.5087424516677856,206.6936
1.0,-0.0019358288263902068,-1.545660138130188,206.6936
1.0,-0.001996642677113414,-1.5720127820968628,206.6936
1.0,-0.0019946149550378323,-1.5861241817474365,206.6936
1.0,-0.001964777009561658,-1.6004070043563843,206.6936
1.0,-0.002417478011921048,-1.604080080986023,206.6936
1.0,-0.002593561541289091,-1.663833737373352,206.6936
1.0,-0.0019431542605161667,-1.701958417892456,206.6936
1.0,-0.0019832144025713205,-1.7267241477966309,206.6936
1.0,-0.0020232638344168663,-1.7564221620559692,206.6936
1.0,-0.002599286148324609,-1.7789899110794067,206.6936
1.0,-0.0019383273320272565,-1.7943828105926514,206.6936
1.0,-0.002574347425252199,-1.818090558052063,206.6936
1.0,-0.0019369882065802813,-1.844964861869812,206.6936
1.0,-0.0019346674671396613,-1.8517969846725464,206.6936
1.0,-0.0025744785089045763,-1.8571540117263794,206.6936
1.0,-0.0025736482348293066,-1.8847211599349976,206.6936
1.0,-0.0013563897227868438,-1.8975733518600464,206.6936
1.0,-0.001992574194446206,-1.9133089780807495,206.6936
1.0,-0.0019336362602189183,-1.9195600748062134,206.6936
1.0,-0.0024137496948242188,-1.866094708442688,206.6936
1.0,-0.0015514575643464923,-1.8101929426193237,206.6936
1.0,-0.003009539796039462,-1.8014832735061646,206.6936
1.0,-0.0023728394880890846,-1.8661394119262695,206.6936
1.0,-0.0025740154087543488,-1.8961503505706787,206.6936
1.0,-0.0026715523563325405,-1.8237977027893066,206.6936
1.0,-0.00199896446429193,-1.8322094678878784,206.6936
1.0,-0.0029940998647361994,-1.868151068687439,206.6936
1.0,-0.0025790755171328783,-1.8597021102905273,206.6936
1.0,-0.0024396181106567383,-1.8556936979293823,206.6936
1.0,-0.00257503311149776,-1.8394663333892822,206.6936
1.0,-0.002993261907249689,-1.7929075956344604,206.6936
1.0,-0.00200319429859519,-1.8069742918014526,206.6936
1.0,-0.0013694820227101445,-1.7981081008911133,206.6936
1.0,-0.0024419077672064304,-1.7635374069213867,206.6936
1.0,-0.001993714366108179,-1.732706904411316,206.6936
1.0,-0.0019947330001741648,-1.6821770668029785,206.6936
1.0,-0.0019512425642460585,-1.647218942642212,206.6936
1.0,-0.0024201073683798313,-1.5875695943832397,206.6936
1.0,-0.002573058707639575,-1.5441923141479492,206.6936
1.0,-0.0025740088894963264,-1.507148027420044,206.6936
1.0,-0.0026245340704917908,-1.4654098749160767,206.6936
1.0,-0.0019966778345406055,-1.4058648347854614,206.6936
1.0,-0.0019388216314837337,-1.303017020225525,206.6936
1.0,-0.0024133645929396152,-1.2164859771728516,206.6936
1.0,-0.0026162886060774326,-1.1219679117202759,206.6936
1.0,-0.0030381737742573023,-1.0085551738739014,206.6936
1.0,-0.003001132048666477,-0.9159594178199768,206.6936
1.0,-0.002575542777776718,-0.8114277720451355,206.6936
1.0,-0.0030220968183130026,-0.7357894778251648,206.6936
1.0,-0.0019954245071858168,-0.6568282246589661,206.6936
1.0,-0.0019986173138022423,-0.5138664841651917,206.6936
1.0,-0.0029965436551719904,-0.22049246728420258,206.6936
1.0,-0.003375288564711809,-0.006020068656653166,206.6936
1.0,-0.00215680873952806,-0.18583236634731293,206.6936
1.0,-0.0019445898942649364,-0.13087688386440277,206.6936
1.0,-0.0019467343809083104,-0.00950693991035223,206.6936
1.0,-0.0019375549163669348,-0.013098119758069515,206.6936
1.0,-0.0020103403367102146,-0.05848705396056175,206.6936
1.0,-0.001956937136128545,-0.0581890307366848,206.6936
1.0,-0.0026399323251098394,-0.051409002393484116,206.6936
1.0,-0.002984924940392375,-0.05576014146208763,206.6936
1.0,-0.002460826886817813,-0.06537138670682907,206.6936
1.0,-0.0015374175272881985,-0.06632506102323532,206.6936
1.0,-0.0020062841940671206,-0.0610649548470974,206.6936
1.0,-0.0027934471145272255,-0.05258619412779808,206.6936
1.0,-0.0030760462395846844,-0.05257129296660423,206.6936
1.0,-0.0031900403555482626,-0.05091726407408714,206.6936
1.0,-0.0029448061250150204,-0.06733833998441696,206.6936
1.0,-0.0019390794914215803,-0.08155404776334763,206.6936
1.0,-0.003003319026902318,-0.059440728276968,206.6936
1.0,-0.001357466564513743,-0.03574788197875023,206.6936
1.0,-0.0031077100429683924,-0.054016705602407455,206.6936
1.0,-0.002020276850089431,-0.05106627568602562,206.6936
1.0,-0.003038769355043769,-0.02175569348037243,206.6936
1.0,-0.0030229513067752123,-0.003620981937274337,206.6936
1.0,-0.0024140235036611557,-0.014543532393872738,206.6936
1.0,-0.0020043898839503527,0.0049918885342776775,206.6936
1.0,-0.0029935718048363924,0.009596346877515316,206.6936
1.0,-0.002572540193796158,0.014513730071485043,206.6936
1.0,-0.00257619540207088,0.023886559531092644,206.6936
1.0,-0.0025769539643079042,0.024199483916163445,206.6936
1.0,-0.0024186084046959877,0.02251565270125866,206.6936
1.0,-0.002607175847515464,0.022590158507227898,206.6936
1.0,-0.002405729843303561,0.0324547253549099,206.6936
1.0,-0.0029846683610230684,0.03650784119963646,206.6936
1.0,-0.0025626083370298147,0.03826617822051048,206.6936
1.0,-0.002568062860518694,0.035017725080251694,206.6936
1.0,-0.002007128205150366,-0.02199411205947399,206.6936
1.0,-0.0030000582337379456,-0.13546644151210785,206.6936
1.0,-0.0026071493048220873,-0.11153518408536911,206.6936
1.0,-0.002574323443695903,-0.03923475369811058,206.6936
1.0,-0.002656100317835808,-0.028952954337000847,206.6936
1.0,-0.001988261006772518,-0.04667043313384056,206.6936
1.0,-0.0025670011527836323,-0.030621884390711784,206.6936
1.0,-0.001999098341912031,-0.028967855498194695,206.6936
1.0,-0.002586215967312455,-0.0346451960504055,206.6936
1.0,-0.002589570125564933,-0.018671153113245964,206.6936
1.0,-0.0028514210134744644,-0.03175437077879906,206.6936
1.0,-0.002051697811111808,-0.04954635724425316,206.6936
1.0,-0.0025868176016956568,-0.049814578145742416,206.6936
1.0,-0.002890668110921979,-2.980232056870591e-05,206.6936
1.0,-0.0021241630893200636,0.014990567229688168,206.6936
1.0,-0.0015568163944408298,-0.013723968528211117,206.6936
1.0,-0.002829981269314885,-0.024959443137049675,206.6936
1.0,-0.003017252078279853,-0.009596346877515316,206.6936
1.0,-0.003029230749234557,-0.006139277946203947,206.6936
1.0,-0.0029963976703584194,-0.013157724402844906,206.6936
1.0,-0.0024144381750375032,-0.006958841811865568,206.6936
1.0,-0.001997125567868352,0.02148747257888317,206.6936
1.0,-0.0024158188607543707,0.040039416402578354,206.6936
1.0,-0.002574111567810178,0.030487773939967155,206.6936
1.0,-0.0029936872888356447,0.004574656020849943,206.6936
1.0,-0.002003241330385208,0.014796852134168148,206.6936
1.0,-0.0024141103494912386,0.020265577360987663,206.6936
1.0,-0.0019934310112148523,0.02917647175490856,206.6936
1.0,-0.002413296839222312,0.0330805741250515,206.6936
1.0,-0.002413296839222312,0.02422928623855114,206.6936
1.0,-0.0029932577162981033,0.019371507689356804,206.6936
1.0,-0.001993698300793767,0.01806020550429821,206.6936
1.0,-0.0029934216290712357,0.017002223059535027,206.6936
1.0,-0.0019933306612074375,0.016063449904322624,206.6936
1.0,-0.0024136677384376526,0.016391275450587273,206.6936
1.0,-0.001993602141737938,0.01722574047744274,206.6936
1.0,-0.001993532758206129,0.018283722922205925,206.6936
1.0,-0.00199325243011117,0.018864868208765984,206.6936
1.0,-0.001992939505726099,0.018551943823695183,206.6936
1.0,-0.001993009354919195,0.017583368346095085,206.6936
1.0,-0.0019933406729251146,0.016003845259547234,206.6936
1.0,-0.00199345825240016,0.0162124615162611,206.6936
1.0,-0.001993355108425021,0.01887976936995983,206.6936
1.0,-0.001993306912481785,0.01907348446547985,206.6936
1.0,-0.0019932629074901342,0.018090007826685905,206.6936
1.0,-0.001993216574192047,0.017061827704310417,206.6936
1.0,-0.00199318234808743,0.01597404293715954,206.6936
1.0,-0.0019931767601519823,0.0147819509729743,206.6936
1.0,-0.0019932046998292208,0.013440846465528011,206.6936
1.0,-0.001993238227441907,0.012144445441663265,206.6936
1.0,-0.0019932519644498825,0.010922550223767757,206.6936
1.0,-0.0019932487048208714,0.009879468940198421,206.6936
1.0,-0.0019932189024984837,0.008970498107373714,206.6936
1.0,-0.001993186306208372,0.008180736564099789,206.6936
1.0,-0.0019931585993617773,0.007316469680517912,206.6936
1.0,-0.0019931551069021225,0.0064224000088870525,206.6936
1.0,-0.0019931660499423742,0.0054687256924808025,206.6936
1.0,-0.0019931781571358442,0.0045150513760745525,206.6936
1.0,-0.0019931821152567863,0.003620981937274337,206.6936
1.0,-0.0019931718707084656,0.0028014180716127157,206.6936
1.0,-0.001993159530684352,0.0021159646566957235,206.6936
1.0,-0.0019931418355554342,0.0013858078746125102,206.6936
1.0,-0.0013547437265515327,0.0006854533567093313,206.6936
1.0,-0.0013547387206926942,-1.4901160284352954e-05,206.6936
1.0,-0.0013547410489991307,-0.0007301568402908742,206.6936
1.0,-0.0013547450071200728,-0.0015050171641632915,206.6936
1.0,-0.001354752341285348,-0.0022798774298280478,206.6936
1.0,-0.0013547539710998535,-0.0029355285223573446,206.6936
1.0,-0.0013547551352530718,-0.0035464761313050985,206.6936
1.0,-0.0013547604903578758,-0.0041723246686160564,206.6936
1.0,-0.001354766427539289,-0.004753469955176115,206.6936
1.0,-0.0013547752751037478,-0.005394219886511564,206.6936
1.0,-0.0013547898270189762,-0.006020068656653166,206.6936
1.0,-0.0013548030983656645,-0.006601213943213224,206.6936
1.0,-0.001354812877252698,-0.007197260390967131,206.6936
1.0,-0.0013548234710469842,-0.007733702193945646,206.6936
1.0,-0.0013548358110710979,-0.008270143531262875,206.6936
1.0,-0.0013548426795750856,-0.00880658533424139,206.6936
1.0,-0.0013548539718613029,-0.009357928298413754,206.6936
1.0,-0.0013548634015023708,-0.009909271262586117,206.6936
1.0,-0.0013548772549256682,-0.010311602614820004,206.6936
1.0,-0.00135488819796592,-0.01077353861182928,206.6936
1.0,-0.0013549044961109757,-0.011250375770032406,206.6936
1.0,-0.0013549133436754346,-0.011697410605847836,206.6936
1.0,-0.001354925218038261,-0.012144445441663265,206.6936
1.0,-0.0013549228897318244,-0.012546776793897152,206.6936
1.0,-0.0013549388386309147,-0.012964009307324886,206.6936
1.0,-0.0013549536233767867,-0.01338124182075262,206.6936
1.0,-0.001354964217171073,-0.013783573172986507,206.6936
1.0,-0.0013549719005823135,-0.01421570684760809,206.6936
1.0,-0.0013549845898523927,-0.014647840522229671,206.6936
1.0,-0.001354996464215219,-0.015050171874463558,206.6936
1.0,-0.0013550019357353449,-0.015392898581922054,206.6936
1.0,-0.0013550125295296311,-0.015795229002833366,206.6936
1.0,-0.0013550261501222849,-0.016197560355067253,206.6936
1.0,-0.0013550298754125834,-0.01654028706252575,206.6936
1.0,-0.0013550430303439498,-0.01692771725356579,206.6936
1.0,-0.0013550565345212817,-0.01730024628341198,206.6936
1.0,-0.0013550601433962584,-0.01767277531325817,206.6936
1.0,-0.0013550762087106705,-0.018015502020716667,206.6936
1.0,-0.0013550856383517385,-0.01838803105056286,206.6936
1.0,-0.0013550955336540937,-0.018745658919215202,206.6936
1.0,-0.001355107524432242,-0.019103286787867546,206.6936
1.0,-0.0013551111333072186,-0.019446013495326042,206.6936
1.0,-0.0013551185838878155,-0.019758937880396843,206.6936
1.0,-0.0013551367446780205,-0.020131466910243034,206.6936
1.0,-0.0013551426818594337,-0.02047419361770153,206.6936
1.0,-0.0013551537413150072,-0.020816920325160027,206.6936
1.0,-0.001355165964923799,-0.021144745871424675,206.6936
1.0,-0.0013551684096455574,-0.02150237374007702,206.6936
1.0,-0.001355183427222073,-0.021800396963953972,206.6936
1.0,-0.0013551887823268771,-0.022143123671412468,206.6936
1.0,-0.0013552041491493583,-0.02244114689528942,206.6936
1.0,-0.0013552081072703004,-0.022783873602747917,206.6936
1.0,-0.0013552153250202537,-0.023096797987818718,206.6936
1.0,-0.0013552226591855288,-0.02340972237288952,206.6936
1.0,-0.001355235930532217,-0.02372264675796032,206.6936
1.0,-0.0013552398886531591,-0.024050472304224968,206.6936
1.0,-0.001355261541903019,-0.02232193760573864,206.6936
1.0,-0.0013551943702623248,-0.020265577360987663,206.6936
1.0,-0.0013552139280363917,-0.01913308911025524,206.6936
1.0,-0.0013552289456129074,-0.022798774763941765,206.6936
1.0,-0.0013552054297178984,-0.02366304211318493,206.6936
1.0,-0.0013551500160247087,-0.022098420187830925,206.6936
1.0,-0.0013552105519920588,-0.020682809874415398,206.6936
1.0,-0.0013552616583183408,-0.0222474317997694,206.6936
1.0,-0.0013551813317462802,-0.022754071280360222,206.6936
1.0,-0.001355206361040473,-0.022023914381861687,206.6936
1.0,-0.001355250715278089,-0.023439524695277214,206.6936
1.0,-0.0013551885494962335,-0.021725891157984734,206.6936
1.0,-0.0013552018208429217,-0.021338460966944695,206.6936
1.0,-0.0013551984447985888,-0.02169608883559704,206.6936
1.0,-0.0013551883166655898,-0.02220272831618786,206.6936
1.0,-0.001355186803266406,-0.022664664313197136,206.6936
1.0,-0.0013551963493227959,-0.023007391020655632,206.6936
1.0,-0.001355165964923799,-0.02111494354903698,206.6936
1.0,-0.0014634953113272786,-0.020310280844569206,206.6936
1.0,-0.0020476814825087786,-0.018030403181910515,206.6936
1.0,-0.0026057446375489235,-0.0069439406506717205,206.6936
1.0,-0.0024773436598479748,0.007361173164099455,206.6936
1.0,-0.002447916194796562,0.017702577635645866,206.6936
1.0,-0.0024470335338264704,0.01326203253120184,206.6936
1.0,-0.002993510803207755,0.01141428854316473,206.6936
1.0,-0.002413505222648382,0.012889503501355648,206.6936
1.0,-0.0025726871099323034,0.011980532668530941,206.6936
1.0,-0.002413785085082054,0.009551643393933773,206.6936
1.0,-0.002993971109390259,0.005707144271582365,206.6936
1.0,-0.0019951369613409042,0.00523030711337924,206.6936
1.0,-0.0024136642459779978,0.005275010596960783,206.6936
1.0,-0.0025728726759552956,0.005379318725317717,206.6936
1.0,-0.0024133760016411543,0.005111097823828459,206.6936
1.0,-0.0019930063281208277,0.003054737811908126,206.6936
1.0,-0.0019940664060413837,0.0014305113581940532,206.6936
1.0,-0.0013555689947679639,-0.0003874301619362086,206.6936
1.0,-0.001354672946035862,-0.0015497206477448344,206.6936
1.0,-0.0013546701520681381,-0.0021606681402772665,206.6936
1.0,-0.0013546849368140101,-0.002697109943255782,206.6936
1.0,-0.0013548220740631223,-0.0034123656805604696,206.6936
1.0,-0.001354859210550785,-0.004380940925329924,206.6936
1.0,-0.001354777137748897,-0.005573033820837736,206.6936
1.0,-0.0013547309208661318,-0.006720423232764006,206.6936
1.0,-0.0013547624694183469,-0.007778405677527189,206.6936
1.0,-0.0013548329006880522,-0.008642672561109066,206.6936
1.0,-0.0013548833085224032,-0.009492038749158382,206.6936
1.0,-0.0013548672432079911,-0.010117887519299984,206.6936
1.0,-0.0013548359274864197,-0.010818242095410824,206.6936
1.0,-0.0013548420974984765,-0.011369585059583187,206.6936
1.0,-0.0020275344140827656,-0.011041759513318539,206.6936
1.0,-0.0019930924754589796,-0.007241963874548674,206.6936
1.0,-0.0025779898278415203,-0.0023841855581849813,206.6936
1.0,-0.002999749267473817,0.0020861623343080282,206.6936
1.0,-0.002413413720205426,0.004768371116369963,206.6936
1.0,-0.001994260586798191,0.005707144271582365,206.6936
1.0,-0.0024139422457665205,0.0056028361432254314,206.6936
1.0,-0.002413179026916623,0.004336237441748381,206.6936
1.0,-0.001992636825889349,0.002354383235797286,206.6936
1.0,-0.002412814646959305,0.0005811452283523977,206.6936
1.0,-0.0013547638664022088,-0.0008344649686478078,206.6936
1.0,-0.0013549949508160353,-0.0020414588507264853,206.6936
1.0,-0.001355063053779304,-0.002831220394000411,206.6936
1.0,-0.0013548796996474266,-0.0034570691641420126,206.6936
1.0,-0.0013546519912779331,-0.003948807250708342,206.6936
1.0,-0.0013606925494968891,-0.004410743247717619,206.6936
1.0,-0.0019940726924687624,-0.004187225829809904,206.6936
1.0,-0.0019935222808271646,-0.0022798774298280478,206.6936
1.0,-0.0019939367193728685,-0.00026822087238542736,206.6936
1.0,-0.0024136316496878862,0.0010281800059601665,206.6936
1.0,-0.0019933218136429787,0.0016391276149079204,206.6936
1.0,-0.0013551304582506418,0.0016391276149079204,206.6936
1.0,-0.001354858512058854,0.0009536742581985891,206.6936
1.0,-0.0013545985566452146,-0.00029802319477312267,206.6936
1.0,-0.0019944028463214636,-0.0018030403880402446,206.6936
1.0,-0.0019932135473936796,-0.0024139878805726767,206.6936
1.0,-0.001993111101910472,-0.0019222496775910258,206.6936
1.0,-0.0013547611888498068,-0.0009387730970047414,206.6936
1.0,-0.0013548037968575954,0.0,206.6936
1.0,-0.0013547006528824568,0.00047683712909929454,206.6936
1.0,-0.001354831038042903,0.00047683712909929454,206.6936
1.0,-0.0013549659634009004,5.960464113741182e-05,206.6936
1.0,-0.0013548053102567792,-0.0005364417447708547,206.6936
1.0,-0.001354685635305941,-0.0010281800059601665,206.6936
1.0,-0.0013546913396567106,-0.0011026858119294047,206.6936
1.0,-0.0013547270791605115,-0.0008940696134231985,206.6936
1.0,-0.0013547373237088323,-0.00044703480671159923,206.6936
1.0,-0.0013547386042773724,-0.000163912758580409,206.6936
1.0,-0.0013547284761443734,-7.450579869328067e-05,206.6936
1.0,-0.001354710664600134,-0.00017881391977425665,206.6936
1.0,-0.0013546963455155492,-0.0004172324843239039,206.6936
1.0,-0.0013546992558985949,-0.000610947550740093,206.6936
1.0,-0.0013547125272452831,-0.0006854533567093313,206.6936
1.0,-0.001354728825390339,-0.0006854533567093313,206.6936
1.0,-0.001354737556539476,-0.0005364417447708547,206.6936
1.0,-0.00135473208501935,-0.0003874301619362086,206.6936
1.0,-0.0013547141570597887,-0.000327825517160818,206.6936
1.0,-0.001354696461930871,-0.00034272667835466564,206.6936
1.0,-0.0013546920381486416,-0.00040233132313005626,206.6936
1.0,-0.0013547020498663187,-0.00047683712909929454,206.6936
1.0,-0.001354719395749271,-0.0005364417447708547,206.6936
1.0,-0.0013547340640798211,-0.0005364417447708547,206.6936
1.0,-0.0013547332491725683,-0.0005215405835770071,206.6936
1.0,-0.0013547216076403856,-0.0004619359679054469,206.6936
1.0,-0.00135470659006387,-0.00047683712909929454,206.6936
1.0,-0.0013546994887292385,-0.0004321336455177516,206.6936
1.0,-0.001354701817035675,-0.0004172324843239039,206.6936
1.0,-0.001354709966108203,-0.00044703480671159923,206.6936
1.0,-0.0013547209091484547,-0.00047683712909929454,206.6936
1.0,-0.0013547263806685805,-0.0004917382611893117,206.6936
1.0,-0.0013547232374548912,-0.0004917382611893117,206.6936
1.0,-0.0013547161361202598,-0.0004917382611893117,206.6936
1.0,-0.0013547075213864446,-0.00044703480671159923,206.6936
1.0,-0.0013547068228945136,-0.0004321336455177516,206.6936
1.0,-0.0013547086855396628,-0.00044703480671159923,206.6936
1.0,-0.001354713924229145,-0.00044703480671159923,206.6936
1.0,-0.0013547198614105582,-0.0004619359679054469,206.6936
1.0,-0.0013547198614105582,-0.00047683712909929454,206.6936
1.0,-0.0013547169510275126,-0.00047683712909929454,206.6936
1.0,-0.001354713924229145,-0.0004619359679054469,206.6936
1.0,-0.0013547097332775593,-0.00044703480671159923,206.6936
1.0,-0.0013547100825235248,-0.0004619359679054469,206.6936
1.0,-0.0013547127600759268,-0.00044703480671159923,206.6936
1.0,-0.0013547171838581562,-0.00044703480671159923,206.6936
1.0,-0.0013547177659347653,-0.00044703480671159923,206.6936
1.0,-0.001354716601781547,-0.00047683712909929454,206.6936
1.0,-0.001354713924229145,-0.0004619359679054469,206.6936
1.0,-0.0013547129929065704,-0.0004619359679054469,206.6936
1.0,-0.0013547127600759268,-0.0004619359679054469,206.6936
1.0,-0.0013547134585678577,-0.0004619359679054469,206.6936
1.0,-0.001354713924229145,-0.0004321336455177516,206.6936
1.0,-0.0013547142734751105,-0.0004619359679054469,206.6936
1.0,-0.0013547147391363978,-0.00044703480671159923,206.6936
1.0,-0.001354716601781547,-0.0004619359679054469,206.6936
1.0,-0.001354713225737214,-0.00047683712909929454,206.6936
1.0,-0.0013547122944146395,-0.0004619359679054469,206.6936
1.0,-0.0013547136913985014,-0.00044703480671159923,206.6936
1.0,-0.0013547147391363978,-0.0004619359679054469,206.6936
1.0,-0.0013547152047976851,-0.00047683712909929454,206.6936
1.0,-0.001354713225737214,-0.0004619359679054469,206.6936
1.0,-0.0013547149719670415,-0.00044703480671159923,206.6936
1.0,-0.0013547127600759268,-0.00044703480671159923,206.6936
1.0,-0.0013547148555517197,-0.0004619359679054469,206.6936
1.0,-0.0013547142734751105,-0.0004619359679054469,206.6936
1.0,-0.0013547136913985014,-0.00047683712909929454,206.6936
1.0,-0.0013547125272452831,-0.00047683712909929454,206.6936
1.0,-0.0013547149719670415,-0.00044703480671159923,206.6936
1.0,-0.0013547152047976851,-0.00044703480671159923,206.6936
1.0,-0.001354713225737214,-0.00047683712909929454,206.6936
1.0,-0.001354715321213007,-0.00047683712909929454,206.6936
1.0,-0.0013547157868742943,-0.00047683712909929454,206.6936
1.0,-0.0013547136913985014,-0.00044703480671159923,206.6936
1.0,-0.001354713924229145,-0.0004619359679054469,206.6936
1.0,-0.0013547124108299613,-0.0004619359679054469,206.6936
1.0,-0.001354713924229145,-0.00047683712909929454,206.6936
1.0,-0.0013547149719670415,-0.0004619359679054469,206.6936
1.0,-0.0013547136913985014,-0.0004172324843239039,206.6936
1.0,-0.0013547154376283288,-0.00044703480671159923,206.6936
1.0,-0.001354713924229145,-0.00044703480671159923,206.6936
1.0,-0.0013547124108299613,-0.0004917382611893117,206.6936
1.0,-0.0013547134585678577,-0.0004917382611893117,206.6936
1.0,-0.001354716019704938,-0.00047683712909929454,206.6936
1.0,-0.001354713924229145,-0.0004321336455177516,206.6936
1.0,-0.0013547134585678577,-0.00044703480671159923,206.6936
1.0,-0.001354714622721076,-0.00047683712909929454,206.6936
1.0,-0.001354713225737214,-0.00047683712909929454,206.6936
1.0,-0.0013547154376283288,-0.00047683712909929454,206.6936
1.0,-0.0013547134585678577,-0.00047683712909929454,206.6936
1.0,-0.0013547156704589725,-0.0004619359679054469,206.6936
1.0,-0.0013547129929065704,-0.0004619359679054469,206.6936
1.0,-0.0013547136913985014,-0.0004619359679054469,206.6936
1.0,-0.0013547164853662252,-0.00044703480671159923,206.6936
1.0,-0.0013547136913985014,-0.00044703480671159923,206.6936
1.0,-0.0013547145063057542,-0.0004619359679054469,206.6936
1.0,-0.0013547120615839958,-0.0004917382611893117,206.6936
1.0,-0.0013547154376283288,-0.00047683712909929454,206.6936
1.0,-0.001354713924229145,-0.00044703480671159923,206.6936
1.0,-0.0013547157868742943,-0.00044703480671159923,206.6936
1.0,-0.0013547145063057542,-0.0004619359679054469,206.6936
1.0,-0.0013547122944146395,-0.0004619359679054469,206.6936
1.0,-0.0013547150883823633,-0.0004619359679054469,206.6936
1.0,-0.001354713924229145,-0.0004619359679054469,206.6936
1.0,-0.0013547131093218923,-0.00044703480671159923,206.6936
1.0,-0.0013547142734751105,-0.00044703480671159923,206.6936
1.0,-0.0013547136913985014,-0.00044703480671159923,206.6936
1.0,-0.0013547138078138232,-0.0004917382611893117,206.6936
1.0,-0.0013547145063057542,-0.00047683712909929454,206.6936
1.0,-0.0013547129929065704,-0.00044703480671159923,206.6936
1.0,-0.0013547148555517197,-0.0004619359679054469,206.6936
1.0,-0.001354713342152536,-0.0004619359679054469,206.6936
1.0,-0.0013547147391363978,-0.0004619359679054469,206.6936
1.0,-0.0013547145063057542,-0.00044703480671159923,206.6936
1.0,-0.0013547127600759268,-0.0004619359679054469,206.6936
1.0,-0.0013547135749831796,-0.0004321336455177516,206.6936
1.0,-0.001354713924229145,-0.00047683712909929454,206.6936
1.0,-0.0013547148555517197,-0.0004619359679054469,206.6936
1.0,-0.0013547147391363978,-0.00047683712909929454,206.6936
1.0,-0.0013547122944146395,-0.0004619359679054469,206.6936
1.0,-0.001354713225737214,-0.0004619359679054469,206.6936
1.0,-0.0013547156704589725,-0.0004321336455177516,206.6936
1.0,-0.0013547129929065704,-0.00044703480671159923,206.6936
1.0,-0.001354713924229145,-0.0004619359679054469,206.6936
1.0,-0.0013547120615839958,-0.00047683712909929454,206.6936
1.0,-0.0013547147391363978,-0.00047683712909929454,206.6936
1.0,-0.0013547128764912486,-0.00047683712909929454,206.6936
1.0,-0.0013547156704589725,-0.00047683712909929454,206.6936
1.0,-0.0013547136913985014,-0.00044703480671159923,206.6936
1.0,-0.0013547148555517197,-0.00044703480671159923,206.6936
1.0,-0.0013547148555517197,-0.00044703480671159923,206.6936
1.0,-0.001354713225737214,-0.00044703480671159923,206.6936
1.0,-0.0013547145063057542,-0.00047683712909929454,206.6936
1.0,-0.001354713924229145,-0.00047683712909929454,206.6936
1.0,-0.0013547149719670415,-0.0004619359679054469,206.6936
1.0,-0.0013547142734751105,-0.0004619359679054469,206.6936
1.0,-0.0013547134585678577,-0.00044703480671159923,206.6936
1.0,-0.0013547145063057542,-0.00047683712909929454,206.6936
1.0,-0.001354713924229145,-0.0004619359679054469,206.6936
1.0,-0.001354713225737214,-0.00044703480671159923,206.6936
1.0,-0.0013547136913985014,-0.00044703480671159923,206.6936
1.0,-0.0013547145063057542,-0.0004619359679054469,206.6936
1.0,-0.0013547157868742943,-0.00047683712909929454,206.6936
1.0,-0.0013547131093218923,-0.00047683712909929454,206.6936
1.0,-0.0013547136913985014,-0.0004619359679054469,206.6936
1.0,-0.0013547162525355816,-0.00044703480671159923,206.6936
1.0,-0.0013547127600759268,-0.0004619359679054469,206.6936
1.0,-0.0013547138078138232,-0.00044703480671159923,206.6936
1.0,-0.0013547152047976851,-0.0004619359679054469,206.6936
1.0,-0.0013547122944146395,-0.0004619359679054469,206.6936
1.0,-0.0013547150883823633,-0.0004619359679054469,206.6936
1.0,-0.0013547145063057542,-0.00047683712909929454,206.6936
1.0,-0.0013547148555517197,-0.00047683712909929454,206.6936
1.0,-0.0013547147391363978,-0.0004321336455177516,206.6936
1.0,-0.0013547136913985014,-0.0004619359679054469,206.6936
1.0,-0.0013547142734751105,-0.0004619359679054469,206.6936
1.0,-0.0013547134585678577,-0.00044703480671159923,206.6936
1.0,-0.0013547142734751105,-0.00044703480671159923,206.6936
1.0,-0.0013547129929065704,-0.00044703480671159923,206.6936
1.0,-0.0013547156704589725,-0.0004321336455177516,206.6936
1.0,-0.0013547142734751105,-0.0004619359679054469,206.6936
1.0,-0.001354713342152536,-0.00047683712909929454,206.6936
1.0,-0.0013547145063057542,-0.0004917382611893117,206.6936
1.0,-0.001354713225737214,-0.00044703480671159923,206.6936
1.0,-0.0013547152047976851,-0.00044703480671159923,206.6936
1.0,-0.0013547149719670415,-0.00044703480671159923,206.6936
1.0,-0.0013547147391363978,-0.00044703480671159923,206.6936
1.0,-0.0013547136913985014,-0.00044703480671159923,206.6936
1.0,-0.0013547131093218923,-0.0004619359679054469,206.6936
1.0,-0.0013547134585678577,-0.00047683712909929454,206.6936
1.0,-0.0013547150883823633,-0.00044703480671159923,206.6936
1.0,-0.0013547152047976851,-0.0004619359679054469,206.6936
1.0,-0.001354713225737214,-0.0004619359679054469,206.6936
1.0,-0.0013547147391363978,-0.0004917382611893117,206.6936
1.0,-0.001354713924229145,-0.00047683712909929454,206.6936
1.0,-0.0013547134585678577,-0.00047683712909929454,206.6936
1.0,-0.0013547162525355816,-0.0004321336455177516,206.6936
1.0,-0.0013547152047976851,-0.0004619359679054469,206.6936
1.0,-0.0013547145063057542,-0.0004619359679054469,206.6936
1.0,-0.0013547142734751105,-0.00047683712909929454,206.6936
1.0,-0.0013547125272452831,-0.00047683712909929454,206.6936
1.0,-0.0013547142734751105,-0.00047683712909929454,206.6936
1.0,-0.0013547152047976851,-0.00047683712909929454,206.6936
1.0,-0.001354713924229145,-0.00044703480671159923,206.6936
1.0,-0.0013547145063057542,-0.0004619359679054469,206.6936
1.0,-0.0013547142734751105,-0.00044703480671159923,206.6936
1.0,-0.0013547134585678577,-0.00044703480671159923,206.6936
1.0,-0.0013547134585678577,-0.00044703480671159923,206.6936
1.0,-0.0013547118287533522,-0.00044703480671159923,206.6936
1.0,-0.0013547149719670415,-0.00044703480671159923,206.6936
1.0,-0.0013547142734751105,-0.00044703480671159923,206.6936
1.0,-0.0013547161361202598,-0.0004619359679054469,206.6936
1.0,-0.0013547150883823633,-0.0004619359679054469,206.6936
1.0,-0.0013547152047976851,-0.00047683712909929454,206.6936
1.0,-0.0013547127600759268,-0.0004619359679054469,206.6936
1.0,-0.001354713225737214,-0.00044703480671159923,206.6936
1.0,-0.0013547129929065704,-0.00047683712909929454,206.6936
1.0,-0.0013547148555517197,-0.0004619359679054469,206.6936
1.0,-0.0013547142734751105,-0.0004619359679054469,206.6936
1.0,-0.0013547148555517197,-0.00044703480671159923,206.6936
1.0,-0.001354713225737214,-0.00044703480671159923,206.6936
1.0,-0.0013547142734751105,-0.00047683712909929454,206.6936
1.0,-0.0013547157868742943,-0.0004619359679054469,206.6936
1.0,-0.0013547120615839958,-0.0004619359679054469,206.6936
1.0,-0.0013547148555517197,-0.00044703480671159923,206.6936
1.0,-0.0013547134585678577,-0.00044703480671159923,206.6936
1.0,-0.0013547149719670415,-0.00044703480671159923,206.6936
1.0,-0.0013547145063057542,-0.00047683712909929454,206.6936
1.0,-0.001354713225737214,-0.00047683712909929454,206.6936
1.0,-0.0013547157868742943,-0.00047683712909929454,206.6936
1.0,-0.001354716601781547,-0.0004619359679054469,206.6936
1.0,-0.0013547122944146395,-0.00044703480671159923,206.6936
1.0,-0.0013547142734751105,-0.00047683712909929454,206.6936
1.0,-0.0013547134585678577,-0.0004321336455177516,206.6936
1.0,-0.001354716019704938,-0.0004619359679054469,206.6936
1.0,-0.0013547145063057542,-0.0004619359679054469,206.6936
1.0,-0.001354713225737214,-0.0004619359679054469,206.6936
1.0,-0.0013547145063057542,-0.00044703480671159923,206.6936
1.0,-0.0013547149719670415,-0.00044703480671159923,206.6936
1.0,-0.001354713225737214,-0.00044703480671159923,206.6936
1.0,-0.0013547127600759268,-0.0004619359679054469,206.6936
1.0,-0.0013547150883823633,-0.0004917382611893117,206.6936
1.0,-0.0013547149719670415,-0.0004619359679054469,206.6936
1.0,-0.0013547147391363978,-0.00047683712909929454,206.6936
1.0,-0.0013547157868742943,-0.0004619359679054469,206.6936
1.0,-0.0013547142734751105,-0.00044703480671159923,206.6936
1.0,-0.0013547142734751105,-0.0004619359679054469,206.6936
1.0,-0.001354713225737214,-0.00044703480671159923,206.6936
1.0,-0.001354713924229145,-0.0004321336455177516,206.6936
1.0,-0.0013547145063057542,-0.0004619359679054469,206.6936
1.0,-0.0013547134585678577,-0.00044703480671159923,206.6936
1.0,-0.001354713342152536,-0.00044703480671159923,206.6936
1.0,-0.001354713924229145,-0.0004321336455177516,206.6936
1.0,-0.001354713924229145,-0.0004917382611893117,206.6936
1.0,-0.0013547127600759268,-0.00044703480671159923,206.6936
1.0,-0.0013547161361202598,-0.00044703480671159923,206.6936
1.0,-0.001354712643660605,-0.00044703480671159923,206.6936
1.0,-0.0013547154376283288,-0.00044703480671159923,206.6936
1.0,-0.0013547136913985014,-0.00047683712909929454,206.6936
1.0,-0.001354716019704938,-0.0004917382611893117,206.6936
1.0,-0.0013547122944146395,-0.00047683712909929454,206.6936
1.0,-0.0013547142734751105,-0.00044703480671159923,206.6936
1.0,-0.0013547155540436506,-0.00044703480671159923,206.6936
1.0,-0.0013547150883823633,-0.00044703480671159923,206.6936
1.0,-0.0013547127600759268,-0.00044703480671159923,206.6936
1.0,-0.0013547131093218923,-0.0004619359679054469,206.6936
1.0,-0.001354713225737214,-0.00044703480671159923,206.6936
1.0,-0.0013547136913985014,-0.0004619359679054469,206.6936
1.0,-0.0013547161361202598,-0.0004619359679054469,206.6936
1.0,-0.0013547148555517197,-0.00044703480671159923,206.6936
1.0,-0.0013547152047976851,-0.00047683712909929454,206.6936
1.0,-0.0013547156704589725,-0.00047683712909929454,206.6936
1.0,-0.0013547134585678577,-0.0004619359679054469,206.6936
1.0,-0.0013547127600759268,-0.00044703480671159923,206.6936
1.0,-0.0013547134585678577,-0.00044703480671159923,206.6936
1.0,-0.0013547138078138232,-0.00044703480671159923,206.6936
1.0,-0.0013547145063057542,-0.00044703480671159923,206.6936
1.0,-0.0013547148555517197,-0.00044703480671159923,206.6936
1.0,-0.0013547149719670415,-0.00044703480671159923,206.6936
1.0,-0.0013547147391363978,-0.0004619359679054469,206.6936
1.0,-0.001354713225737214,-0.00047683712909929454,206.6936
1.0,-0.001354713924229145,-0.00047683712909929454,206.6936
1.0,-0.0013547134585678577,-0.0004619359679054469,206.6936
1.0,-0.0013547134585678577,-0.00044703480671159923,206.6936
1.0,-0.0013547145063057542,-0.00044703480671159923,206.6936
1.0,-0.0013547148555517197,-0.00044703480671159923,206.6936
1.0,-0.0013547145063057542,-0.00047683712909929454,206.6936
1.0,-0.0013547131093218923,-0.00044703480671159923,206.6936
1.0,-0.001354716019704938,-0.0004619359679054469,206.6936
1.0,-0.0013547148555517197,-0.00047683712909929454,206.6936
1.0,-0.001354713342152536,-0.0004619359679054469,206.6936
1.0,-0.0013547131093218923,-0.00047683712909929454,206.6936
1.0,-0.0013547156704589725,-0.0004917382611893117,206.6936
1.0,-0.0013547145063057542,-0.0004321336455177516,206.6936
1.0,-0.0013547142734751105,-0.00044703480671159923,206.6936
1.0,-0.0013547122944146395,-0.0004619359679054469,206.6936
1.0,-0.0013547127600759268,-0.00047683712909929454,206.6936
1.0,-0.0013547142734751105,-0.00044703480671159923,206.6936
1.0,-0.0013547142734751105,-0.00044703480671159923,206.6936
1.0,-0.0013547145063057542,-0.0004619359679054469,206.6936
1.0,-0.001354715903289616,-0.0004619359679054469,206.6936
1.0,-0.0013547145063057542,-0.0004619359679054469,206.6936
1.0,-0.0013547125272452831,-0.0004321336455177516,206.6936
1.0,-0.0013547129929065704,-0.00047683712909929454,206.6936
1.0,-0.0013547129929065704,-0.00047683712909929454,206.6936
1.0,-0.0013547145063057542,-0.0004619359679054469,206.6936
1.0,-0.0013547152047976851,-0.00044703480671159923,206.6936
1.0,-0.0013547145063057542,-0.0004321336455177516,206.6936
1.0,-0.0013547152047976851,-0.0004619359679054469,206.6936
1.0,-0.0013547161361202598,-0.0004619359679054469,206.6936
1.0,-0.001354713924229145,-0.00044703480671159923,206.6936
1.0,-0.0013547117123380303,-0.0004619359679054469,206.6936
1.0,-0.0013547147391363978,-0.00047683712909929454,206.6936
1.0,-0.0013547150883823633,-0.0004917382611893117,206.6936
1.0,-0.001354713342152536,-0.00047683712909929454,206.6936
1.0,-0.0013547147391363978,-0.0004619359679054469,206.6936
1.0,-0.0013547145063057542,-0.00044703480671159923,206.6936
1.0,-0.0013547148555517197,-0.00044703480671159923,206.6936
1.0,-0.0013547148555517197,-0.00047683712909929454,206.6936
1.0,-0.0013547127600759268,-0.00047683712909929454,206.6936
1.0,-0.0013547147391363978,-0.0004619359679054469,206.6936
1.0,-0.0013547127600759268,-0.0004619359679054469,206.6936
1.0,-0.0013547142734751105,-0.00044703480671159923,206.6936
1.0,-0.0013547134585678577,-0.00044703480671159923,206.6936
1.0,-0.001354715903289616,-0.0004321336455177516,206.6936
1.0,-0.001354713924229145,-0.0004619359679054469,206.6936
1.0,-0.0013547142734751105,-0.0004619359679054469,206.6936
1.0,-0.0013547134585678577,-0.00047683712909929454,206.6936
1.0,-0.0013547134585678577,-0.00047683712909929454,206.6936
1.0,-0.0013547136913985014,-0.00044703480671159923,206.6936
1.0,-0.001354715321213007,-0.00044703480671159923,206.6936
1.0,-0.001354713924229145,-0.00044703480671159923,206.6936
1.0,-0.0013547148555517197,-0.00044703480671159923,206.6936
1.0,-0.0013547142734751105,-0.00044703480671159923,206.6936
1.0,-0.0013547127600759268,-0.0004619359679054469,206.6936
1.0,-0.001354713924229145,-0.0004619359679054469,206.6936
1.0,-0.0013547125272452831,-0.00047683712909929454,206.6936
1.0,-0.001354714622721076,-0.00047683712909929454,206.6936
1.0,-0.0013547135749831796,-0.00047683712909929454,206.6936
1.0,-0.001354715903289616,-0.00044703480671159923,206.6936
1.0,-0.0013547145063057542,-0.00044703480671159923,206.6936
1.0,-0.0013547145063057542,-0.00044703480671159923,206.6936
1.0,-0.0013547136913985014,-0.0004619359679054469,206.6936
1.0,-0.0013547164853662252,-0.0004619359679054469,206.6936
1.0,-0.0013547145063057542,-0.00044703480671159923,206.6936
1.0,-0.0013547118287533522,-0.00044703480671159923,206.6936
1.0,-0.001354713225737214,-0.0004619359679054469,206.6936
1.0,-0.0013547134585678577,-0.0004619359679054469,206.6936
1.0,-0.0013547134585678577,-0.0004619359679054469,206.6936
1.0,-0.0013547145063057542,-0.0004619359679054469,206.6936
1.0,-0.0013547152047976851,-0.00047683712909929454,206.6936
1.0,-0.001354716718196869,-0.00047683712909929454,206.6936
1.0,-0.0013547127600759268,-0.00044703480671159923,206.6936
1.0,-0.0013547134585678577,-0.00044703480671159923,206.6936
1.0,-0.0013547122944146395,-0.00044703480671159923,206.6936
1.0,-0.0013547145063057542,-0.00044703480671159923,206.6936
1.0,-0.001354713924229145,-0.00047683712909929454,206.6936
1.0,-0.0013547134585678577,-0.00047683712909929454,206.6936
1.0,-0.0013547145063057542,-0.00047683712909929454,206.6936
1.0,-0.0013547147391363978,-0.0004917382611893117,206.6936
1.0,-0.001354712643660605,-0.00044703480671159923,206.6936
1.0,-0.0013547136913985014,-0.0004619359679054469,206.6936
1.0,-0.0013547142734751105,-0.00047683712909929454,206.6936
1.0,-0.0013547120615839958,-0.00044703480671159923,206.6936
1.0,-0.0013547161361202598,-0.00044703480671159923,206.6936
1.0,-0.001354713924229145,-0.00044703480671159923,206.6936
1.0,-0.0013547148555517197,-0.00044703480671159923,206.6936
1.0,-0.0013547142734751105,-0.0004619359679054469,206.6936
1.0,-0.0013547142734751105,-0.0004917382611893117,206.6936
1.0,-0.0013547134585678577,-0.00047683712909929454,206.6936
1.0,-0.0013547145063057542,-0.0004619359679054469,206.6936
1.0,-0.0013547136913985014,-0.00044703480671159923,206.6936
1.0,-0.0013547131093218923,-0.00044703480671159923,206.6936
1.0,-0.001354713924229145,-0.00044703480671159923,206.6936
1.0,-0.0013547148555517197,-0.00044703480671159923,206.6936
1.0,-0.0013547147391363978,-0.0004619359679054469,206.6936
1.0,-0.0013547145063057542,-0.0004619359679054469,206.6936
1.0,-0.001354715903289616,-0.0004321336455177516,206.6936
1.0,-0.0013547134585678577,-0.00044703480671159923,206.6936
1.0,-0.0013547131093218923,-0.00047683712909929454,206.6936
1.0,-0.001354713924229145,-0.0004917382611893117,206.6936
1.0,-0.0013547136913985014,-0.0004619359679054469,206.6936
1.0,-0.0013547147391363978,-0.00044703480671159923,206.6936
1.0,-0.0013547147391363978,-0.0004619359679054469,206.6936
1.0,-0.0013547145063057542,-0.0004619359679054469,206.6936
1.0,-0.0013547131093218923,-0.00044703480671159923,206.6936
1.0,-0.001354713924229145,-0.00044703480671159923,206.6936
1.0,-0.0013547134585678577,-0.00047683712909929454,206.6936
1.0,-0.0013547134585678577,-0.00047683712909929454,206.6936
1.0,-0.0013547148555517197,-0.0004619359679054469,206.6936
1.0,-0.001354715321213007,-0.00044703480671159923,206.6936
1.0,-0.001354713342152536,-0.00044703480671159923,206.6936
1.0,-0.0013547142734751105,-0.0004619359679054469,206.6936
1.0,-0.001354713924229145,-0.00047683712909929454,206.6936
1.0,-0.0013547134585678577,-0.00047683712909929454,206.6936
1.0,-0.0013547142734751105,-0.0004619359679054469,206.6936
1.0,-0.0013547118287533522,-0.00047683712909929454,206.6936
1.0,-0.0013547152047976851,-0.0004619359679054469,206.6936
1.0,-0.0013547152047976851,-0.00044703480671159923,206.6936
1.0,-0.0013547155540436506,-0.0004619359679054469,206.6936
1.0,-0.0013547134585678577,-0.0004619359679054469,206.6936
1.0,-0.0013547142734751105,-0.0004619359679054469,206.6936
1.0,-0.001354713225737214,-0.00044703480671159923,206.6936
1.0,-0.0013547134585678577,-0.00044703480671159923,206.6936
1.0,-0.0013547149719670415,-0.0004619359679054469,206.6936
1.0,-0.0013547135749831796,-0.0004619359679054469,206.6936
1.0,-0.0013547138078138232,-0.0004619359679054469,206.6936
1.0,-0.0013547142734751105,-0.00044703480671159923,206.6936
1.0,-0.0013547136913985014,-0.0004321336455177516,206.6936
1.0,-0.0013547147391363978,-0.0004619359679054469,206.6936
1.0,-0.0013547142734751105,-0.0004619359679054469,206.6936
1.0,-0.0013547125272452831,-0.00044703480671159923,206.6936
1.0,-0.001354713924229145,-0.0004619359679054469,206.6936
1.0,-0.0013547154376283288,-0.0004619359679054469,206.6936
1.0,-0.001354713924229145,-0.00047683712909929454,206.6936
1.0,-0.0013547148555517197,-0.00047683712909929454,206.6936
1.0,-0.0013547157868742943,-0.00047683712909929454,206.6936
1.0,-0.001354713225737214,-0.0004619359679054469,206.6936
1.0,-0.0013547142734751105,-0.0004619359679054469,206.6936
1.0,-0.001354713225737214,-0.00044703480671159923,206.6936
1.0,-0.001354713924229145,-0.00044703480671159923,206.6936
1.0,-0.0013547129929065704,-0.0004619359679054469,206.6936
1.0,-0.0013547149719670415,-0.0004619359679054469,206.6936
1.0,-0.0013547122944146395,-0.00044703480671159923,206.6936
1.0,-0.0013547145063057542,-0.00047683712909929454,206.6936
1.0,-0.0013547147391363978,-0.0004619359679054469,206.6936
1.0,-0.0013547164853662252,-0.00047683712909929454,206.6936
1.0,-0.0013547138078138232,-0.0004619359679054469,206.6936
1.0,-0.001354713924229145,-0.00044703480671159923,206.6936
1.0,-0.0013547125272452831,-0.00044703480671159923,206.6936
1.0,-0.001354713924229145,-0.00044703480671159923,206.6936
1.0,-0.0013547129929065704,-0.00044703480671159923,206.6936
1.0,-0.0013547152047976851,-0.00044703480671159923,206.6936
1.0,-0.0013547134585678577,-0.0004619359679054469,206.6936
1.0,-0.0013547142734751105,-0.0004917382611893117,206.6936
1.0,-0.0013547142734751105,-0.00047683712909929454,206.6936
1.0,-0.0013547138078138232,-0.0004619359679054469,206.6936
