healthy,ctrl,forward,cumulative
1.0,-0.000983063131570816,0.0389525480568409,1016.11365
1.0,-0.0009830264607444406,0.05876978486776352,1016.11365
1.0,-0.0009859466226771474,0.03327677771449089,1016.11365
1.0,-0.00098872696980834,0.017511410638689995,1016.11365
1.0,-0.0009908390929922462,0.037934642285108566,1016.11365
1.0,-0.0009951337706297636,0.05054563656449318,1016.11365
1.0,-0.0010004981886595488,0.05001278966665268,1016.11365
1.0,-0.001005972851999104,0.056773535907268524,1016.11365
1.0,-0.0010129779111593962,0.0709870308637619,1016.11365
1.0,-0.0010215017246082425,0.07297945022583008,1016.11365
1.0,-0.0010312338126823306,0.09297538548707962,1016.11365
1.0,-0.0010426928056403995,0.10469083487987518,1016.11365
1.0,-0.001056243316270411,0.11848203837871552,1016.11365
1.0,-0.0010719753336161375,0.13367900252342224,1016.11365
1.0,-0.0010903235524892807,0.14874815940856934,1016.11365
1.0,-0.001111722900532186,0.17041537165641785,1016.11365
1.0,-0.0011369847925379872,0.182984858751297,1016.11365
1.0,-0.0011665873462334275,0.2033691704273224,1016.11365
1.0,-0.0012010765494778752,0.23256845772266388,1016.11365
1.0,-0.001241290126927197,0.253993421792984,1016.11365
1.0,-0.0012875089887529612,0.2893279194831848,1016.11365
1.0,-0.0013403091579675674,0.31042492389678955,1016.11365
1.0,-0.0013999760849401355,0.3498319685459137,1016.11365
1.0,-0.0014676101272925735,0.38325875997543335,1016.11365
1.0,-0.001543658785521984,0.4323548376560211,1016.11365
1.0,-0.001628270954824984,0.4591277837753296,1016.11365
1.0,-0.0017219007713720202,0.5153459310531616,1016.11365
1.0,-0.0018240202916786075,0.5628712773323059,1016.11365
1.0,-0.0019332472002133727,0.6030048131942749,1016.11365
1.0,-0.0020485178101807833,0.6435350179672241,1016.11365
1.0,-0.0021476992405951023,0.36004090309143066,1016.11365
1.0,-0.002344689331948757,0.17444927990436554,1016.11365
1.0,-0.002411679131910205,0.2918485403060913,1016.11365
1.0,-0.002287840936332941,0.325018048286438,1016.11365
1.0,-0.002191264182329178,0.16694049537181854,1016.11365
1.0,-0.0024596103467047215,-0.20786000788211823,1016.11365
1.0,-0.0024451916106045246,-0.4471670687198639,1016.11365
1.0,-0.0024469131603837013,-0.4078652560710907,1016.11365
1.0,-0.0024588534142822027,-0.3199833333492279,1016.11365
1.0,-0.0024784693960100412,-0.18755857646465302,1016.11365
1.0,-0.0021806417498737574,-0.12813228368759155,1016.11365
1.0,-0.002515549538657069,-0.18275249004364014,1016.11365
1.0,-0.002514463849365711,-0.24316132068634033,1016.11365
1.0,-0.002490479964762926,-0.11237943172454834,1016.11365
1.0,-0.002476750873029232,-0.05481717735528946,1016.11365
1.0,-0.0024897009134292603,0.010539776645600796,1016.11365
1.0,-0.002502867253497243,-0.02623768337070942,1016.11365
1.0,-0.0025023203343153,0.00491319177672267,1016.11365
1.0,-0.002503436291590333,0.07518799602985382,1016.11365
1.0,-0.0021779690869152546,0.02649472840130329,1016.11365
1.0,-0.0021941624581813812,-0.007329042535275221,1016.11365
1.0,-0.002212302293628454,0.06980960816144943,1016.11365
1.0,-0.002230951562523842,0.07677776366472244,1016.11365
1.0,-0.0025934469886124134,-0.04397052899003029,1016.11365
1.0,-0.002596807200461626,-0.19859381020069122,1016.11365
1.0,-0.0025975441094487906,-0.2611321210861206,1016.11365
1.0,-0.0022291098721325397,-0.20491889119148254,1016.11365
1.0,-0.0022279282566159964,-0.22300098836421967,1016.11365
1.0,-0.002605689223855734,-0.2108365148305893,1016.11365
1.0,-0.002605065703392029,-0.14080898463726044,1016.11365
1.0,-0.0026078568771481514,-0.04358263313770294,1016.11365
1.0,-0.0026174886152148247,0.06708269566297531,1016.11365
1.0,-0.0026273075491189957,0.19491788744926453,1016.11365
1.0,-0.002638870384544134,0.15222932398319244,1016.11365
1.0,-0.002234762767329812,0.20854686200618744,1016.11365
1.0,-0.0026389125268906355,0.285427063703537,1016.11365
1.0,-0.0026279082521796227,0.33995646238327026,1016.11365
1.0,-0.0026195640675723553,0.25212809443473816,1016.11365
1.0,-0.0026188967749476433,0.15804636478424072,1016.11365
1.0,-0.0022215729113668203,0.1766970306634903,1016.11365
1.0,-0.002221563132479787,0.25484615564346313,1016.11365
1.0,-0.00222639087587595,0.37758609652519226,1016.11365
1.0,-0.0022328896448016167,0.37726059556007385,1016.11365
1.0,-0.0026184290181845427,0.3778100609779358,1016.11365
1.0,-0.002614733297377825,0.3400910496711731,1016.11365
1.0,-0.002230545040220022,0.24223698675632477,1016.11365
1.0,-0.002235060092061758,0.21130125224590302,1016.11365
1.0,-0.0022348258644342422,0.22460240125656128,1016.11365
1.0,-0.0022315445821732283,0.28709879517555237,1016.11365
1.0,-0.0022294113878160715,0.3450931906700134,1016.11365
1.0,-0.002612826880067587,0.3607300817966461,1016.11365
1.0,-0.0022312819492071867,0.30234360694885254,1016.11365
1.0,-0.002233152510598302,0.25609973073005676,1016.11365
1.0,-0.002232448197901249,0.24905985593795776,1016.11365
1.0,-0.002230639336630702,0.3003012239933014,1016.11365
1.0,-0.002613549120724201,0.3753145933151245,1016.11365
1.0,-0.0026161675341427326,0.3555770814418793,1016.11365
1.0,-0.002233796752989292,0.2823359966278076,1016.11365
1.0,-0.002232737373560667,0.24888382852077484,1016.11365
1.0,-0.0022309324704110622,0.28716492652893066,1016.11365
1.0,-0.0022311487700790167,0.34931114315986633,1016.11365
1.0,-0.0026250709779560566,0.3493288457393646,1016.11365
1.0,-0.0022313781082630157,0.34033599495887756,1016.11365
1.0,-0.002233087085187435,0.30368098616600037,1016.11365
1.0,-0.002633558353409171,0.2640094459056854,1016.11365
1.0,-0.0026334451977163553,0.2784914970397949,1016.11365
1.0,-0.0022290998604148626,0.33837181329727173,1016.11365
1.0,-0.002632953692227602,0.35230720043182373,1016.11365
1.0,-0.002629247261211276,0.3378120958805084,1016.11365
1.0,-0.002630587201565504,0.309638649225235,1016.11365
1.0,-0.0022338302806019783,0.29967164993286133,1016.11365
1.0,-0.0022329608909785748,0.3269873261451721,1016.11365
1.0,-0.0026270279195159674,0.34452787041664124,1016.11365
1.0,-0.002230697777122259,0.3511514365673065,1016.11365
1.0,-0.0022323678713291883,0.3166198432445526,1016.11365
1.0,-0.0022317287512123585,0.32250580191612244,1016.11365
1.0,-0.0022312619257718325,0.34707969427108765,1016.11365
1.0,-0.002629203023388982,0.34278255701065063,1016.11365
1.0,-0.002231323393061757,0.3395136296749115,1016.11365
1.0,-0.002231019549071789,0.30777043104171753,1016.11365
1.0,-0.002631758339703083,0.25008243322372437,1016.11365
1.0,-0.0022300591226667166,0.21175852417945862,1016.11365
1.0,-0.0026324668433517218,0.16433930397033691,1016.11365
1.0,-0.002630550879985094,0.1252163052558899,1016.11365
1.0,-0.002630384871736169,0.09776092320680618,1016.11365
1.0,-0.002231148537248373,0.1200847253203392,1016.11365
1.0,-0.002231457270681858,0.12014619261026382,1016.11365
1.0,-0.0026287827640771866,0.11710449308156967,1016.11365
1.0,-0.0022314200177788734,0.1080203726887703,1016.11365
1.0,-0.0022311483044177294,0.13224034011363983,1016.11365
1.0,-0.0022313694935292006,0.13649462163448334,1016.11365
1.0,-0.0026290309615433216,0.10775960236787796,1016.11365
1.0,-0.002231456572189927,0.10323896259069443,1016.11365
1.0,-0.002232432132586837,0.08247791975736618,1016.11365
1.0,-0.0026303965132683516,0.04792771860957146,1016.11365
1.0,-0.002630157396197319,0.015845520421862602,1016.11365
1.0,-0.002231321530416608,-0.029724089428782463,1016.11365
1.0,-0.0022309510968625546,-0.03189406916499138,1016.11365
1.0,-0.0026296486612409353,-0.03705918416380882,1016.11365
1.0,-0.002231611404567957,-0.054365020245313644,1016.11365
1.0,-0.0022321538999676704,-0.08961185067892075,1016.11365
1.0,-0.0026291983667761087,-0.08499621599912643,1016.11365
1.0,-0.00223051430657506,-0.03523006662726402,1016.11365
1.0,-0.0022315557580441236,-0.06557627767324448,1016.11365
1.0,-0.00223162560723722,-0.10180472582578659,1016.11365
1.0,-0.002231218386441469,-0.11741182953119278,1016.11365
1.0,-0.0026298637967556715,-0.10495259612798691,1016.11365
1.0,-0.002231188118457794,-0.12699885666370392,1016.11365
1.0,-0.0026311238761991262,-0.18718278408050537,1016.11365
1.0,-0.0026303092017769814,-0.20877084136009216,1016.11365
1.0,-0.0022310526110231876,-0.21132266521453857,1016.11365
1.0,-0.0026301390025764704,-0.2381410300731659,1016.11365
1.0,-0.0022315981332212687,-0.25084054470062256,1016.11365
1.0,-0.0026304658968001604,-0.27087515592575073,1016.11365
1.0,-0.002231104765087366,-0.25608015060424805,1016.11365
1.0,-0.002231408143416047,-0.2710129916667938,1016.11365
1.0,-0.0022316542454063892,-0.3016777038574219,1016.11365
1.0,-0.002230792073532939,-0.29023176431655884,1016.11365
1.0,-0.0022309841588139534,-0.2601463198661804,1016.11365
1.0,-0.0022313199006021023,-0.25480982661247253,1016.11365
1.0,-0.0026313248090445995,-0.2566445469856262,1016.11365
1.0,-0.0022305308375507593,-0.22195464372634888,1016.11365
1.0,-0.002231024671345949,-0.19221378862857819,1016.11365
1.0,-0.0022313962690532207,-0.18244048953056335,1016.11365
1.0,-0.002631483832374215,-0.17810238897800446,1016.11365
1.0,-0.0026315059512853622,-0.16594862937927246,1016.11365
1.0,-0.0026304302737116814,-0.13555212318897247,1016.11365
1.0,-0.0026302728801965714,-0.10276398807764053,1016.11365
1.0,-0.002231593942269683,-0.09843054413795471,1016.11365
1.0,-0.002630312694236636,-0.08549447357654572,1016.11365
1.0,-0.0022306202445179224,-0.07005873322486877,1016.11365
1.0,-0.0022311846259981394,-0.05107372626662254,1016.11365
1.0,-0.0026298570446670055,-0.03976188227534294,1016.11365
1.0,-0.0022309981286525726,-0.02810358814895153,1016.11365
1.0,-0.002630410483106971,-0.017561016604304314,1016.11365
1.0,-0.002230955520644784,0.014984979294240475,1016.11365
1.0,-0.002231316640973091,0.023982485756278038,1016.11365
1.0,-0.0026303341146558523,0.038941387087106705,1016.11365
1.0,-0.0022312088403850794,0.06747151911258698,1016.11365
1.0,-0.0022317597176879644,0.08647049963474274,1016.11365
1.0,-0.0026301415637135506,0.10774283856153488,1016.11365
1.0,-0.0022313084919005632,0.11438596248626709,1016.11365
1.0,-0.002630906878039241,0.12719443440437317,1016.11365
1.0,-0.0026297986041754484,0.1595131903886795,1016.11365
1.0,-0.002630369970574975,0.17599573731422424,1016.11365
1.0,-0.002231392776593566,0.18591804802417755,1016.11365
1.0,-0.0026302109472453594,0.19299237430095673,1016.11365
1.0,-0.002231326885521412,0.22388434410095215,1016.11365
1.0,-0.00263084820471704,0.226197749376297,1016.11365
1.0,-0.002230911748483777,0.227738156914711,1016.11365
1.0,-0.002630388829857111,0.24529358744621277,1016.11365
1.0,-0.002231262158602476,0.2466365545988083,1016.11365
1.0,-0.002231745282188058,0.24242883920669556,1016.11365
1.0,-0.002629778813570738,0.23240594565868378,1016.11365
1.0,-0.002630546921864152,0.24012288451194763,1016.11365
1.0,-0.0022310293279588223,0.2272445559501648,1016.11365
1.0,-0.0026302682235836983,0.23545695841312408,1016.11365
1.0,-0.002231545513495803,0.20426882803440094,1016.11365
1.0,-0.002630304079502821,0.17531773447990417,1016.11365
1.0,-0.002230806741863489,0.19294953346252441,1016.11365
1.0,-0.0022314072120934725,0.17445719242095947,1016.11365
1.0,-0.0022309222258627415,0.14608538150787354,1016.11365
1.0,-0.0022312351502478123,0.11721625179052353,1016.11365
1.0,-0.0026299257297068834,0.12706591188907623,1016.11365
1.0,-0.0022297122050076723,0.1414567083120346,1016.11365
1.0,-0.002631112700328231,0.09103863686323166,1016.11365
1.0,-0.0022326293401420116,0.045707445591688156,1016.11365
1.0,-0.002629149705171585,0.05910731479525566,1016.11365
1.0,-0.0022309895139187574,0.08741579204797745,1016.11365
1.0,-0.0026294696144759655,0.04552304372191429,1016.11365
1.0,-0.0022316614631563425,0.021003184840083122,1016.11365
1.0,-0.002629791386425495,-0.007774680387228727,1016.11365
1.0,-0.002629311988130212,0.024320555850863457,1016.11365
1.0,-0.002231771359220147,-0.001003965619020164,1016.11365
1.0,-0.0026301490142941475,-0.0398438386619091,1016.11365
1.0,-0.002629681956022978,-0.05725212022662163,1016.11365
1.0,-0.002629683120176196,-0.03976001963019371,1016.11365
1.0,-0.0026299019809812307,-0.06153247877955437,1016.11365
1.0,-0.0026306230574846268,-0.10087712854146957,1016.11365
1.0,-0.002629840513691306,-0.11744721978902817,1016.11365
1.0,-0.002629706636071205,-0.10151601582765579,1016.11365
1.0,-0.002231632824987173,-0.12383981794118881,1016.11365
1.0,-0.0026298980228602886,-0.15768034756183624,1016.11365
1.0,-0.0022311254870146513,-0.1602656990289688,1016.11365
1.0,-0.0022307964973151684,-0.16602499783039093,1016.11365
1.0,-0.002630084054544568,-0.178147092461586,1016.11365
1.0,-0.0022311245556920767,-0.18212756514549255,1016.11365
1.0,-0.0026305208448320627,-0.1790802776813507,1016.11365
1.0,-0.002630058443173766,-0.18051637709140778,1016.11365
1.0,-0.0026305783540010452,-0.1871362179517746,1016.11365
1.0,-0.002231271704658866,-0.19003263115882874,1016.11365
1.0,-0.002630005357787013,-0.1704748570919037,1016.11365
1.0,-0.0022314023226499557,-0.1570284217596054,1016.11365
1.0,-0.0026303224731236696,-0.17829424142837524,1016.11365
1.0,-0.0022307855542749166,-0.1559089720249176,1016.11365
1.0,-0.0022311126813292503,-0.13408435881137848,1016.11365
1.0,-0.0022310344502329826,-0.13091227412223816,1016.11365
1.0,-0.002630503848195076,-0.12278742343187332,1016.11365
1.0,-0.002230281475931406,-0.09337625652551651,1016.11365
1.0,-0.0022323904559016228,-0.07370113581418991,1016.11365
1.0,-0.0026309124659746885,-0.08393823355436325,1016.11365
1.0,-0.0022308046463876963,-0.061877068132162094,1016.11365
1.0,-0.0022309289779514074,-0.03196857497096062,1016.11365
1.0,-0.0022312160581350327,-0.009279697202146053,1016.11365
1.0,-0.00263024540618062,-0.004250555764883757,1016.11365
1.0,-0.002230474492534995,0.03352947160601616,1016.11365
1.0,-0.0022318533156067133,0.05501694604754448,1016.11365
1.0,-0.002631584880873561,0.042641531676054,1016.11365
1.0,-0.002231582533568144,0.046111639589071274,1016.11365
1.0,-0.002230956219136715,0.08506327122449875,1016.11365
1.0,-0.002630174858495593,0.10977312177419662,1016.11365
1.0,-0.00223028683103621,0.13801640272140503,1016.11365
1.0,-0.0026315422728657722,0.12062861770391464,1016.11365
1.0,-0.0026313611306250095,0.12721119821071625,1016.11365
1.0,-0.002231215825304389,0.142371267080307,1016.11365
1.0,-0.0026299229357391596,0.1575276106595993,1016.11365
1.0,-0.0022310472559183836,0.17771123349666595,1016.11365
1.0,-0.0026308700907975435,0.16023403406143188,1016.11365
1.0,-0.0022313056979328394,0.16780196130275726,1016.11365
1.0,-0.002231413498520851,0.17184576392173767,1016.11365
1.0,-0.002630024217069149,0.17434915900230408,1016.11365
1.0,-0.002230724785476923,0.1831464320421219,1016.11365
1.0,-0.0022324402816593647,0.17398780584335327,1016.11365
1.0,-0.002630702219903469,0.1486036777496338,1016.11365
1.0,-0.0022307157050818205,0.14655663073062897,1016.11365
1.0,-0.002231455873697996,0.14784930646419525,1016.11365
1.0,-0.0022308477200567722,0.13673117756843567,1016.11365
1.0,-0.0026299110613763332,0.12478045374155045,1016.11365
1.0,-0.0022303657606244087,0.12555158138275146,1016.11365
1.0,-0.0026310987304896116,0.11391378194093704,1016.11365
1.0,-0.0022322905715554953,0.06981752067804337,1016.11365
1.0,-0.002629773458465934,0.05038641020655632,1016.11365
1.0,-0.0022310963831841946,0.06091035529971123,1016.11365
1.0,-0.0022312523797154427,0.046288590878248215,1016.11365
1.0,-0.002629340859130025,0.027777625247836113,1016.11365
1.0,-0.00223087752237916,0.023091210052371025,1016.11365
1.0,-0.0022324002347886562,-0.008879228495061398,1016.11365
1.0,-0.002631334587931633,-0.02957880310714245,1016.11365
1.0,-0.0022312484215945005,-0.031085683032870293,1016.11365
1.0,-0.0026305087376385927,-0.0514741949737072,1016.11365
1.0,-0.0022301294375211,-0.051271166652441025,1016.11365
1.0,-0.0022318146657198668,-0.0628102496266365,1016.11365
1.0,-0.002232091035693884,-0.07884576171636581,1016.11365
1.0,-0.002630131784826517,-0.12392177432775497,1016.11365
1.0,-0.0022310109343379736,-0.12057087570428848,1016.11365
1.0,-0.0022312442306429148,-0.12628360092639923,1016.11365
1.0,-0.0022313932422548532,-0.12789851427078247,1016.11365
1.0,-0.002630281262099743,-0.14952754974365234,1016.11365
1.0,-0.002230869373306632,-0.14442390203475952,1016.11365
1.0,-0.002232417231425643,-0.14436616003513336,1016.11365
1.0,-0.0026312421541661024,-0.16819684207439423,1016.11365
1.0,-0.0026295450516045094,-0.17165949940681458,1016.11365
1.0,-0.002230972284451127,-0.1448318213224411,1016.11365
1.0,-0.0022312202490866184,-0.159073606133461,1016.11365
1.0,-0.0026302910409867764,-0.1561008244752884,1016.11365
1.0,-0.0022312463261187077,-0.13952142000198364,1016.11365
1.0,-0.0022309685591608286,-0.14079546928405762,1016.11365
1.0,-0.002231687307357788,-0.13591720163822174,1016.11365
1.0,-0.0022311382927000523,-0.1350845992565155,1016.11365
1.0,-0.0022313427180051804,-0.09820423275232315,1016.11365
1.0,-0.0026303112972527742,-0.10156816989183426,1016.11365
1.0,-0.0022309161722660065,-0.0793319121003151,1016.11365
1.0,-0.0026314733549952507,-0.07899849861860275,1016.11365
1.0,-0.002231852849945426,-0.06466730684041977,1016.11365
1.0,-0.002230558544397354,-0.050183381885290146,1016.11365
1.0,-0.0022317206021398306,-0.029297543689608574,1016.11365
1.0,-0.0026304214261472225,-0.015815718099474907,1016.11365
1.0,-0.0022301492281258106,0.023387370631098747,1016.11365
1.0,-0.00223241257481277,0.03931671008467674,1016.11365
1.0,-0.0026322698686271906,0.020772216841578484,1016.11365
1.0,-0.002231412101536989,0.02699531428515911,1016.11365
1.0,-0.0026302251499146223,0.07567181438207626,1016.11365
1.0,-0.0026298577431589365,0.09779258817434311,1016.11365
1.0,-0.002232226775959134,0.09627825766801834,1016.11365
1.0,-0.002231844700872898,0.08959881216287613,1016.11365
1.0,-0.002230709185823798,0.1156199648976326,1016.11365
1.0,-0.0026300838217139244,0.132273867726326,1016.11365
1.0,-0.0026301902253180742,0.1589357703924179,1016.11365
1.0,-0.0022327350452542305,0.12712179124355316,1016.11365
1.0,-0.002630926202982664,0.1303423047065735,1016.11365
1.0,-0.0026294372510164976,0.1611970216035843,1016.11365
1.0,-0.0026307515799999237,0.15876254439353943,1016.11365
1.0,-0.002231911290436983,0.14482809603214264,1016.11365
1.0,-0.002630078000947833,0.13992933928966522,1016.11365
1.0,-0.0022310835774987936,0.14908796548843384,1016.11365
1.0,-0.002630369970574975,0.15639139711856842,1016.11365
1.0,-0.0022310831118375063,0.13849137723445892,1016.11365
1.0,-0.002630681963637471,0.12266262620687485,1016.11365
1.0,-0.0022308093030005693,0.1318715363740921,1016.11365
1.0,-0.0026308970991522074,0.12266635149717331,1016.11365
1.0,-0.0026304565835744143,0.09318999201059341,1016.11365
1.0,-0.0026301397010684013,0.08758529275655746,1016.11365
1.0,-0.0026308081578463316,0.08824280649423599,1016.11365
1.0,-0.0026305897627025843,0.057967375963926315,1016.11365
1.0,-0.0022307676263153553,0.046797093003988266,1016.11365
1.0,-0.0022310777567327023,0.03579258546233177,1016.11365
1.0,-0.0026298202574253082,0.026145948097109795,1016.11365
1.0,-0.0026303939521312714,0.005071982275694609,1016.11365
1.0,-0.0022312840446829796,-0.02582371048629284,1016.11365
1.0,-0.0026301017496734858,-0.011118127964437008,1016.11365
1.0,-0.002630346454679966,-0.025022773072123528,1016.11365
1.0,-0.002231527818366885,-0.06550922244787216,1016.11365
1.0,-0.002630756236612797,-0.08695385605096817,1016.11365
1.0,-0.002231167396530509,-0.05933269485831261,1016.11365
1.0,-0.0022315378300845623,-0.08850916475057602,1016.11365
1.0,-0.0026305827777832747,-0.11696479469537735,1016.11365
1.0,-0.0022310533095151186,-0.1283455491065979,1016.11365
1.0,-0.0022317511029541492,-0.12076272815465927,1016.11365
1.0,-0.002231007907539606,-0.11451541632413864,1016.11365
1.0,-0.002630713162943721,-0.14306603372097015,1016.11365
1.0,-0.002231433056294918,-0.13635119795799255,1016.11365
1.0,-0.00223207357339561,-0.14750099182128906,1016.11365
1.0,-0.0022314409725368023,-0.14005786180496216,1016.11365
1.0,-0.002630539471283555,-0.15095433592796326,1016.11365
1.0,-0.002230594400316477,-0.12512317299842834,1016.11365
1.0,-0.0022322949953377247,-0.1412946581840515,1016.11365
1.0,-0.002231655875220895,-0.13302823901176453,1016.11365
1.0,-0.002630137838423252,-0.12467428296804428,1016.11365
1.0,-0.0022310796193778515,-0.11162831634283066,1016.11365
1.0,-0.0026311019901186228,-0.11446326225996017,1016.11365
1.0,-0.0022312060464173555,-0.09744799882173538,1016.11365
1.0,-0.0026304067578166723,-0.08618458360433578,1016.11365
1.0,-0.0022311133798211813,-0.060124319046735764,1016.11365
1.0,-0.0022323743905872107,-0.06949342042207718,1016.11365
1.0,-0.002231494290754199,-0.04891305789351463,1016.11365
1.0,-0.002630566479638219,-0.03470107540488243,1016.11365
1.0,-0.002231370657682419,-0.00960379745811224,1016.11365
1.0,-0.0026312789414077997,-0.008741392754018307,1016.11365
1.0,-0.002230831189081073,0.0076405699364840984,1016.11365
1.0,-0.00223115598782897,0.02985633723437786,1016.11365
1.0,-0.0022315047681331635,0.03783776983618736,1016.11365
1.0,-0.0022310703061521053,0.05462951585650444,1016.11365
1.0,-0.002231437712907791,0.06396322697401047,1016.11365
1.0,-0.0022308481857180595,0.07740221172571182,1016.11365
1.0,-0.0022313171066343784,0.09140557795763016,1016.11365
1.0,-0.0022309748455882072,0.11468864232301712,1016.11365
1.0,-0.0026310263201594353,0.10382010787725449,1016.11365
1.0,-0.002629148308187723,0.1387484222650528,1016.11365
1.0,-0.002630324801430106,0.16962549090385437,1016.11365
1.0,-0.0022342416923493147,0.13050808012485504,1016.11365
1.0,-0.002632381860166788,0.09645148366689682,1016.11365
1.0,-0.002229980193078518,0.11469236761331558,1016.11365
1.0,-0.0026302491314709187,0.1601148247718811,1016.11365
1.0,-0.0026299534365534782,0.15165282785892487,1016.11365
1.0,-0.002232637954875827,0.14120711386203766,1016.11365
1.0,-0.002232171595096588,0.11636688560247421,1016.11365
1.0,-0.0026304146740585566,0.1138988807797432,1016.11365
1.0,-0.00223118276335299,0.1307763010263443,1016.11365
1.0,-0.002630354603752494,0.10423175245523453,1016.11365
1.0,-0.0022311657667160034,0.09855813533067703,1016.11365
1.0,-0.0026305781211704016,0.09995884448289871,1016.11365
1.0,-0.0026305781211704016,0.09272246807813644,1016.11365
1.0,-0.0022313883528113365,0.06606242805719376,1016.11365
1.0,-0.002630836796015501,0.04414282366633415,1016.11365
1.0,-0.0026301892939954996,0.05803815647959709,1016.11365
1.0,-0.002631501294672489,0.029847024008631706,1016.11365
1.0,-0.002631213515996933,-0.0037662682589143515,1016.11365
1.0,-0.002629814902320504,-0.0020768491085618734,1016.11365
1.0,-0.0026306624058634043,-0.003097578650340438,1016.11365
1.0,-0.0026308854576200247,-0.0278130155056715,1016.11365
1.0,-0.002630597213283181,-0.050317492336034775,1016.11365
1.0,-0.0022308561019599438,-0.057887282222509384,1016.11365
1.0,-0.002630749251693487,-0.06287357956171036,1016.11365
1.0,-0.002630588598549366,-0.07484107464551926,1016.11365
1.0,-0.0026316270232200623,-0.10717100650072098,1016.11365
1.0,-0.002630392322316766,-0.10847113281488419,1016.11365
1.0,-0.002629972295835614,-0.09463167935609818,1016.11365
1.0,-0.0026312745176255703,-0.1200847253203392,1016.11365
1.0,-0.0022312025539577007,-0.14104506373405457,1016.11365
1.0,-0.002630719216540456,-0.12145935744047165,1016.11365
1.0,-0.002231064485386014,-0.11166556924581528,1016.11365
1.0,-0.0026318388991057873,-0.14085321128368378,1016.11365
1.0,-0.0026308950036764145,-0.15392152965068817,1016.11365
1.0,-0.0022310472559183836,-0.12038274854421616,1016.11365
1.0,-0.0026308768428862095,-0.12370943278074265,1016.11365
1.0,-0.0022312761284410954,-0.1276060789823532,1016.11365
1.0,-0.00223130127415061,-0.12186355143785477,1016.11365
1.0,-0.002630115021020174,-0.1001804992556572,1016.11365
1.0,-0.002231820486485958,-0.10087340325117111,1016.11365
1.0,-0.0026313147973269224,-0.10269693285226822,1016.11365
1.0,-0.00263036647811532,-0.07922946661710739,1016.11365
1.0,-0.002231305232271552,-0.05527771636843681,1016.11365
1.0,-0.002631482435390353,-0.07469020038843155,1016.11365
1.0,-0.002630894538015127,-0.0508185438811779,1016.11365
1.0,-0.0022313911467790604,-0.017382202669978142,1016.11365
1.0,-0.0022313741501420736,-0.019142402336001396,1016.11365
1.0,-0.0026313825510442257,-0.014359130524098873,1016.11365
1.0,-0.00223142490722239,0.011466442607343197,1016.11365
1.0,-0.0022311736829578876,0.024525446817278862,1016.11365
1.0,-0.0022313701920211315,0.04104524478316307,1016.11365
1.0,-0.002231140621006489,0.05029141530394554,1016.11365
1.0,-0.0022313676308840513,0.057345252484083176,1016.11365
1.0,-0.002630681497976184,0.07638707011938095,1016.11365
1.0,-0.002630839357152581,0.1205056831240654,1016.11365
1.0,-0.0022329010535031557,0.09687430411577225,1016.11365
1.0,-0.002632100135087967,0.07603130489587784,1016.11365
1.0,-0.0022303774021565914,0.10079517215490341,1016.11365
1.0,-0.002631200710311532,0.14825722575187683,1016.11365
1.0,-0.0022313962690532207,0.12896767258644104,1016.11365
1.0,-0.002631751587614417,0.10890699177980423,1016.11365
1.0,-0.002631000243127346,0.11087953299283981,1016.11365
1.0,-0.002231504302471876,0.14230234920978546,1016.11365
1.0,-0.0022310898639261723,0.132370725274086,1016.11365
1.0,-0.0022316505201160908,0.11433473974466324,1016.11365
1.0,-0.0026306118816137314,0.11122971028089523,1016.11365
1.0,-0.0026311418041586876,0.13889184594154358,1016.11365
1.0,-0.002232019556686282,0.11351517587900162,1016.11365
1.0,-0.0026311795227229595,0.08606723695993423,1016.11365
1.0,-0.0026307483203709126,0.08707120269536972,1016.11365
1.0,-0.002630525501444936,0.09931623190641403,1016.11365
1.0,-0.002231679856777191,0.07694213837385178,1016.11365
1.0,-0.002630768343806267,0.05260482057929039,1016.11365
1.0,-0.002230861457064748,0.04713050648570061,1016.11365
1.0,-0.002630762755870819,0.04767812415957451,1016.11365
1.0,-0.0022314093075692654,0.028463078662753105,1016.11365
1.0,-0.002631539013236761,-0.005071982275694609,1016.11365
1.0,-0.0026305471546947956,-0.0009462236776016653,1016.11365
1.0,-0.002231056336313486,-0.0075921411626040936,1016.11365
1.0,-0.0026311581023037434,-0.03672204539179802,1016.11365
1.0,-0.0022309990599751472,-0.052850689738988876,1016.11365
1.0,-0.0026309483218938112,-0.04713981971144676,1016.11365
1.0,-0.0026309730019420385,-0.06659886986017227,1016.11365
1.0,-0.002230969723314047,-0.0840071514248848,1016.11365
1.0,-0.0022312828805297613,-0.09450315684080124,1016.11365
1.0,-0.0022310037165880203,-0.08542089909315109,1016.11365
1.0,-0.0026310065295547247,-0.1052170917391777,1016.11365
1.0,-0.002230747602880001,-0.09350477904081345,1016.11365
1.0,-0.0022321816068142653,-0.1064985916018486,1016.11365
1.0,-0.0022324961610138416,-0.12220069020986557,1016.11365
1.0,-0.0026311108376830816,-0.13740918040275574,1016.11365
1.0,-0.002230874728411436,-0.10707973688840866,1016.11365
1.0,-0.0026309872046113014,-0.11274776607751846,1016.11365
1.0,-0.0026310838293284178,-0.10726972669363022,1016.11365
1.0,-0.0026310617104172707,-0.1272260993719101,1016.11365
1.0,-0.002231040969491005,-0.10627321153879166,1016.11365
1.0,-0.0026311457622796297,-0.08590518683195114,1016.11365
1.0,-0.0022316297981888056,-0.08928029984235764,1016.11365
1.0,-0.0026317164301872253,-0.09834206849336624,1016.11365
1.0,-0.002230626530945301,-0.08466280251741409,1016.11365
1.0,-0.002231620019301772,-0.047437842935323715,1016.11365
1.0,-0.0026313059497624636,-0.06383656710386276,1016.11365
1.0,-0.0026312891859561205,-0.045878808945417404,1016.11365
1.0,-0.002630906645208597,-0.03602355346083641,1016.11365
1.0,-0.002630790928378701,-0.01299194898456335,1016.11365
1.0,-0.002631130861118436,-0.0071190292946994305,1016.11365
1.0,-0.0022311583161354065,0.010078771971166134,1016.11365
1.0,-0.0026314293500036,0.011187045834958553,1016.11365
1.0,-0.0022309792693704367,0.034784894436597824,1016.11365
1.0,-0.002631514798849821,0.05822814628481865,1016.11365
1.0,-0.002631562761962414,0.04616193100810051,1016.11365
1.0,-0.0026312207337468863,0.05466490611433983,1016.11365
1.0,-0.0026306663639843464,0.08396058529615402,1016.11365
1.0,-0.002231189515441656,0.09137391299009323,1016.11365
1.0,-0.0026312340050935745,0.08043087273836136,1016.11365
1.0,-0.002231170888990164,0.0993143692612648,1016.11365
1.0,-0.0026308416854590178,0.11706724017858505,1016.11365
1.0,-0.002631544601172209,0.10629183799028397,1016.11365
1.0,-0.0026311080437153578,0.09996815770864487,1016.11365
1.0,-0.0022308325860649347,0.11220946162939072,1016.11365
1.0,-0.0022313729859888554,0.11323577910661697,1016.11365
1.0,-0.0026313962880522013,0.10758823901414871,1016.11365
1.0,-0.002630600705742836,0.12846475839614868,1016.11365
1.0,-0.0026324025820940733,0.11469050496816635,1016.11365
1.0,-0.002232113853096962,0.08523090928792953,1016.11365
1.0,-0.0026306554209440947,0.08164159208536148,1016.11365
1.0,-0.0026308840606361628,0.10708532482385635,1016.11365
1.0,-0.0026314426213502884,0.0810529962182045,1016.11365
1.0,-0.0022308658808469772,0.06525404006242752,1016.11365
1.0,-0.002630943898111582,0.06446614116430283,1016.11365
1.0,-0.002230852609500289,0.06727501004934311,1016.11365
1.0,-0.0026316859293729067,0.0342838428914547,1016.11365
1.0,-0.0022309795022010803,0.01683085970580578,1016.11365
1.0,-0.0026309622917324305,0.031145287677645683,1016.11365
1.0,-0.0026311289984732866,0.02294219844043255,1016.11365
1.0,-0.0022319378331303596,-0.01427531149238348,1016.11365
1.0,-0.0026312442496418953,-0.03777630254626274,1016.11365
1.0,-0.0022313245572149754,-0.01607276313006878,1016.11365
1.0,-0.0026309306267648935,-0.035176049917936325,1016.11365
1.0,-0.002631848445162177,-0.052947547286748886,1016.11365
1.0,-0.0026313799899071455,-0.0755358412861824,1016.11365
1.0,-0.0026311844121664762,-0.05615129694342613,1016.11365
1.0,-0.002231610007584095,-0.06386636942625046,1016.11365
1.0,-0.0026322815101593733,-0.09904056042432785,1016.11365
1.0,-0.002631166484206915,-0.11008232086896896,1016.11365
1.0,-0.002631352050229907,-0.07397866994142532,1016.11365
1.0,-0.002231306629255414,-0.09719467908143997,1016.11365
1.0,-0.0026315886061638594,-0.11222808808088303,1016.11365
1.0,-0.0022311885841190815,-0.10953842848539352,1016.11365
1.0,-0.0022307292092591524,-0.09206495434045792,1016.11365
1.0,-0.0022313380613923073,-0.10519473999738693,1016.11365
1.0,-0.002631209325045347,-0.10516680032014847,1016.11365
1.0,-0.0022310868371278048,-0.08120014518499374,1016.11365
1.0,-0.002232150174677372,-0.07817520946264267,1016.11365
1.0,-0.0022317992988973856,-0.10315141826868057,1016.11365
1.0,-0.0026314472779631615,-0.09269452840089798,1016.11365
1.0,-0.002230933401733637,-0.05531496927142143,1016.11365
1.0,-0.002632094081491232,-0.04678777977824211,1016.11365
1.0,-0.002631935989484191,-0.06241537258028984,1016.11365
1.0,-0.0022313264198601246,-0.057283785194158554,1016.11365
1.0,-0.0022312842775136232,-0.03262050077319145,1016.11365
1.0,-0.0022308428306132555,-0.008111818693578243,1016.11365
1.0,-0.0022315378300845623,-0.012701376341283321,1016.11365
1.0,-0.002630992094054818,-0.0049043442122638226,1016.11365
1.0,-0.0022314158268272877,0.01827254705131054,1016.11365
1.0,-0.0026316887233406305,0.02748146466910839,1016.11365
1.0,-0.0022314591333270073,0.027913598343729973,1016.11365
1.0,-0.002631554612889886,0.03571062907576561,1016.11365
1.0,-0.00223120441660285,0.05898624286055565,1016.11365
1.0,-0.0026315951254218817,0.06900354474782944,1016.11365
1.0,-0.0026317189913243055,0.07038003951311111,1016.11365
1.0,-0.0026314021088182926,0.0688023790717125,1016.11365
1.0,-0.0022309955675154924,0.07989070564508438,1016.11365
1.0,-0.0026314130518585443,0.09825824946165085,1016.11365
1.0,-0.0022312686778604984,0.10347365587949753,1016.11365
1.0,-0.0026322221383452415,0.08038989454507828,1016.11365
1.0,-0.002230962971225381,0.0837482437491417,1016.11365
1.0,-0.0022310211788862944,0.10160542279481888,1016.11365
1.0,-0.0026315664872527122,0.1010950580239296,1016.11365
1.0,-0.002230705926194787,0.10354071110486984,1016.11365
1.0,-0.002632866380736232,0.09571946412324905,1016.11365
1.0,-0.0022319008130580187,0.08020735532045364,1016.11365
1.0,-0.0026314386632293463,0.07319635897874832,1016.11365
1.0,-0.002230913145467639,0.08166394382715225,1016.11365
1.0,-0.002631686395034194,0.08029862493276596,1016.11365
1.0,-0.002631071489304304,0.062422823160886765,1016.11365
1.0,-0.0022314616944640875,0.045722346752882004,1016.11365
1.0,-0.002231277758255601,0.04010460898280144,1016.11365
1.0,-0.002631343202665448,0.04880502447485924,1016.11365
1.0,-0.002231455408036709,0.032780688256025314,1016.11365
1.0,-0.002631978364661336,-0.0005196779384277761,1016.11365
1.0,-0.0026310146786272526,0.004965811502188444,1016.11365
1.0,-0.0026315676514059305,0.013101845048367977,1016.11365
1.0,-0.002231619320809841,-0.014536081813275814,1016.11365
1.0,-0.002631623763591051,-0.0391397587954998,1016.11365
1.0,-0.0022311669308692217,-0.04127621278166771,1016.11365
1.0,-0.0022311604116111994,-0.03696977719664574,1016.11365
1.0,-0.0022309378255158663,-0.043917443603277206,1016.11365
1.0,-0.002632057759910822,-0.06873718649148941,1016.11365
1.0,-0.0026307394728064537,-0.06503797322511673,1016.11365
1.0,-0.0022322344593703747,-0.06679072231054306,1016.11365
1.0,-0.002231443068012595,-0.06623751670122147,1016.11365
1.0,-0.002632084535434842,-0.09306519478559494,1016.11365
1.0,-0.0022312155924737453,-0.09075365215539932,1016.11365
1.0,-0.0022314980160444975,-0.08573009818792343,1016.11365
1.0,-0.002230855170637369,-0.07821805030107498,1016.11365
1.0,-0.002631834242492914,-0.09694880992174149,1016.11365
1.0,-0.002230840502306819,-0.08117593079805374,1016.11365
1.0,-0.0026324258651584387,-0.07696076482534409,1016.11365
1.0,-0.00223152176477015,-0.08666328340768814,1016.11365
1.0,-0.0026318205054849386,-0.0877380296587944,1016.11365
1.0,-0.002231258200481534,-0.05645863339304924,1016.11365
1.0,-0.002632020739838481,-0.06488523632287979,1016.11365
1.0,-0.0022313452791422606,-0.0701267197728157,1016.11365
1.0,-0.002631806069985032,-0.04643387719988823,1016.11365
1.0,-0.002631618408486247,-0.017831100150942802,1016.11365
1.0,-0.002232082886621356,-0.03428943082690239,1016.11365
1.0,-0.0026319457683712244,-0.04396400973200798,1016.11365
1.0,-0.0022307434119284153,-0.0028070060070604086,1016.11365
1.0,-0.0026318873278796673,0.010443850420415401,1016.11365
1.0,-0.002631746232509613,0.0012144445208832622,1016.11365
1.0,-0.002631695242598653,0.01244433131068945,1016.11365
1.0,-0.002631379757076502,0.023728234693408012,1016.11365
1.0,-0.0026316381990909576,0.04470161721110344,1016.11365
1.0,-0.002231053775176406,0.04268437251448631,1016.11365
1.0,-0.0026317299343645573,0.05447864159941673,1016.11365
1.0,-0.00223114644177258,0.051762904971838,1016.11365
1.0,-0.0022310400381684303,0.0689588412642479,1016.11365
1.0,-0.0026318186428397894,0.06818025559186935,1016.11365
1.0,-0.002231143182143569,0.08207372575998306,1016.11365
1.0,-0.0022318335250020027,0.06649269908666611,1016.11365
1.0,-0.002230993937700987,0.08069536834955215,1016.11365
1.0,-0.0026315583381801844,0.08235498517751694,1016.11365
1.0,-0.0026318661402910948,0.0857524499297142,1016.11365
1.0,-0.002231604652479291,0.0728163793683052,1016.11365
1.0,-0.0026316067669540644,0.07369741052389145,1016.11365
1.0,-0.002231447258964181,0.07499939948320389,1016.11365
1.0,-0.0026318789459764957,0.08711963146924973,1016.11365
1.0,-0.0022318088449537754,0.07465481013059616,1016.11365
1.0,-0.0026320763863623142,0.04878639802336693,1016.11365
1.0,-0.0026315776631236076,0.05768239125609398,1016.11365
1.0,-0.0026316100265830755,0.06452202051877975,1016.11365
1.0,-0.0026319497264921665,0.0454634390771389,1016.11365
1.0,-0.0026317851152271032,0.02471543662250042,1016.11365
1.0,-0.00223086541518569,0.032238658517599106,1016.11365
1.0,-0.0022312463261187077,0.02944655530154705,1016.11365
1.0,-0.002631901064887643,0.00894255843013525,1016.11365
1.0,-0.002631439594551921,0.009182839654386044,1016.11365
1.0,-0.002232220023870468,0.005535780917853117,1016.11365
1.0,-0.002632685238495469,-0.022547317668795586,1016.11365
1.0,-0.002631239127367735,-0.03155134245753288,1016.11365
1.0,-0.002231093356385827,-0.024341044947504997,1016.11365
1.0,-0.0026317599695175886,-0.032881271094083786,1016.11365
1.0,-0.0022314819507300854,-0.040741633623838425,1016.11365
1.0,-0.002231607912108302,-0.06653740257024765,1016.11365
1.0,-0.002230835147202015,-0.04975869879126549,1016.11365
1.0,-0.002631857292726636,-0.05311518535017967,1016.11365
1.0,-0.002231406979262829,-0.06547383219003677,1016.11365
1.0,-0.002231706166639924,-0.07318704575300217,1016.11365
1.0,-0.002631495939567685,-0.06773322075605392,1016.11365
1.0,-0.0022317119874060154,-0.07042474299669266,1016.11365
1.0,-0.0022312961518764496,-0.08316709846258163,1016.11365
1.0,-0.002231097547337413,-0.07144919782876968,1016.11365
1.0,-0.002230847254395485,-0.0636521652340889,1016.11365
1.0,-0.0022315445821732283,-0.07873772829771042,1016.11365
1.0,-0.0026317306328564882,-0.06734951585531235,1016.11365
1.0,-0.0022304323501884937,-0.029822809621691704,1016.11365
1.0,-0.002232791855931282,-0.049343328922986984,1016.11365
1.0,-0.0026333534624427557,-0.07943063229322433,1016.11365
1.0,-0.0022304165177047253,-0.057889144867658615,1016.11365
1.0,-0.0022316277027130127,-0.026302410289645195,1016.11365
1.0,-0.0026321602053940296,-0.02575106732547283,1016.11365
1.0,-0.002230933867394924,-0.017976386472582817,1016.11365
1.0,-0.002633368130773306,-0.014826654456555843,1016.11365
1.0,-0.0026325334329158068,-0.015230848453938961,1016.11365
1.0,-0.002230573445558548,-0.005144625436514616,1016.11365
1.0,-0.0026329418178647757,0.01681595854461193,1016.11365
1.0,-0.002631686395034194,0.020291654393076897,1016.11365
1.0,-0.002231727121397853,0.02247839979827404,1016.11365
1.0,-0.002230977173894644,0.024121252819895744,1016.11365
1.0,-0.002632312010973692,0.03509409353137016,1016.11365
1.0,-0.0026308123487979174,0.053219493478536606,1016.11365
1.0,-0.002633193740621209,0.055942680686712265,1016.11365
1.0,-0.0026322996709495783,0.0407099686563015,1016.11365
1.0,-0.002230830257758498,0.05478597804903984,1016.11365
1.0,-0.0022312565706670284,0.05992315337061882,1016.11365
1.0,-0.0026315031573176384,0.07179006189107895,1016.11365
1.0,-0.002231299178674817,0.065475694835186,1016.11365
1.0,-0.002632656367495656,0.048818062990903854,1016.11365
1.0,-0.0026316277217119932,0.07434374839067459,1016.11365
1.0,-0.0026315106078982353,0.08813291043043137,1016.11365
1.0,-0.0026326084043830633,0.05456618592143059,1016.11365
1.0,-0.002231276361271739,0.0407583974301815,1016.11365
1.0,-0.00223122863098979,0.050824131816625595,1016.11365
1.0,-0.002632062416523695,0.08012167364358902,1016.11365
1.0,-0.002631579991430044,0.060148533433675766,1016.11365
1.0,-0.0026335574220865965,0.03167800232768059,1016.11365
1.0,-0.002231537364423275,0.019729135558009148,1016.11365
1.0,-0.0022310514468699694,0.047147270292043686,1016.11365
1.0,-0.0026322295889258385,0.027006490156054497,1016.11365
1.0,-0.0022305746097117662,0.022824851796030998,1016.11365
1.0,-0.002633552998304367,0.016888601705431938,1016.11365
1.0,-0.002232004189863801,0.002786516910418868,1016.11365
1.0,-0.002632207004353404,-0.015163793228566647,1016.11365
1.0,-0.002631767652928829,-0.011255963705480099,1016.11365
1.0,-0.002632340881973505,-0.0043418253771960735,1016.11365
1.0,-0.0026318193413317204,-0.025149432942271233,1016.11365
1.0,-0.0022311529610306025,-0.015927476808428764,1016.11365
1.0,-0.0022312388755381107,-0.03764219209551811,1016.11365
1.0,-0.0026318917516618967,-0.03927759453654289,1016.11365
1.0,-0.0022313350345939398,-0.0377800278365612,1016.11365
1.0,-0.002632522489875555,-0.04625506326556206,1016.11365
1.0,-0.0022305892780423164,-0.048004087060689926,1016.11365
1.0,-0.0022319916170090437,-0.04265643283724785,1016.11365
1.0,-0.002231234684586525,-0.06674974411725998,1016.11365
1.0,-0.0026321695186197758,-0.05939602479338646,1016.11365
1.0,-0.002230981132015586,-0.04666484519839287,1016.11365
1.0,-0.0026329054962843657,-0.05614384636282921,1016.11365
1.0,-0.002231017919257283,-0.06293690949678421,1016.11365
1.0,-0.0026322738267481327,-0.05174986645579338,1016.11365
1.0,-0.0022314386442303658,-0.042511146515607834,1016.11365
1.0,-0.002632603980600834,-0.05597062036395073,1016.11365
1.0,-0.002632324118167162,-0.045610588043928146,1016.11365
1.0,-0.0026321038603782654,-0.034963708370923996,1016.11365
1.0,-0.002231698716059327,-0.03123469464480877,1016.11365
1.0,-0.0026324382051825523,-0.04599243029952049,1016.11365
1.0,-0.002231431659311056,-0.015096738003194332,1016.11365
1.0,-0.002632258227095008,-0.009024514816701412,1016.11365
1.0,-0.0022312537766993046,-0.016070900484919548,1016.11365
1.0,-0.0026322752237319946,-0.01248530950397253,1016.11365
1.0,-0.002230800688266754,0.006586312782019377,1016.11365
1.0,-0.0022315343376249075,0.013357027433812618,1016.11365
1.0,-0.002632250776514411,0.006688758265227079,1016.11365
1.0,-0.002231000456959009,0.03625824674963951,1016.11365
1.0,-0.002633590018376708,0.040506940335035324,1016.11365
1.0,-0.0026333800051361322,0.014387070201337337,1016.11365
1.0,-0.0026315476279705763,0.02211145870387554,1016.11365
1.0,-0.0022313478402793407,0.05544721707701683,1016.11365
1.0,-0.002231435850262642,0.05420110747218132,1016.11365
1.0,-0.002231285208836198,0.03859586641192436,1016.11365
1.0,-0.0026324994396418333,0.04305317625403404,1016.11365
1.0,-0.00223079533316195,0.07450393587350845,1016.11365
1.0,-0.002633483149111271,0.05591101571917534,1016.11365
1.0,-0.0022318088449537754,0.04220753535628319,1016.11365
1.0,-0.002230799524113536,0.04684924706816673,1016.11365
1.0,-0.002231572987511754,0.04464573785662651,1016.11365
1.0,-0.002631687792018056,0.05672499164938927,1016.11365
1.0,-0.00223107123747468,0.06816907972097397,1016.11365
1.0,-0.0026328822132200003,0.047497447580099106,1016.11365
1.0,-0.0022320232819765806,0.03482959792017937,1016.11365
1.0,-0.0022314628586173058,0.033831220120191574,1016.11365
1.0,-0.002632671035826206,0.022483987733721733,1016.11365
1.0,-0.002230377634987235,0.031553205102682114,1016.11365
1.0,-0.002632919931784272,0.03419629856944084,1016.11365
1.0,-0.002231586491689086,0.012362374924123287,1016.11365
1.0,-0.002632423536852002,-0.002002343302592635,1016.11365
1.0,-0.0022312961518764496,0.007458030711859465,1016.11365
1.0,-0.0026325020007789135,-0.005226581823080778,1016.11365
1.0,-0.002230915240943432,-0.0025145707186311483,1016.11365
1.0,-0.0026330880355089903,-0.0201594065874815,1016.11365
1.0,-0.00263222586363554,-0.019526107236742973,1016.11365
1.0,-0.002631950890645385,-0.010423361323773861,1016.11365
1.0,-0.0022318719420582056,-0.025315208360552788,1016.11365
1.0,-0.002633150666952133,-0.05186162516474724,1016.11365
1.0,-0.0026321178302168846,-0.0379905067384243,1016.11365
1.0,-0.0026327301748096943,-0.018907709047198296,1016.11365
1.0,-0.0022313937079161406,-0.042455267161130905,1016.11365
1.0,-0.002632930176332593,-0.05910917744040489,1016.11365
1.0,-0.0026324379723519087,-0.051196660846471786,1016.11365
1.0,-0.0026318521704524755,-0.030083579942584038,1016.11365
1.0,-0.002231928752735257,-0.03797188028693199,1016.11365
1.0,-0.0026332102715969086,-0.06685777753591537,1016.11365
1.0,-0.0026322186458855867,-0.05578063055872917,1016.11365
1.0,-0.002230868674814701,-0.02498552016913891,1016.11365
1.0,-0.0022315471433103085,-0.027604399248957634,1016.11365
1.0,-0.002632949035614729,-0.05682557448744774,1016.11365
1.0,-0.002231718972325325,-0.04380941018462181,1016.11365
1.0,-0.002632301766425371,-0.03134645149111748,1016.11365
1.0,-0.002231169957667589,-0.01724436692893505,1016.11365
1.0,-0.002633047290146351,-0.026807187125086784,1016.11365
1.0,-0.002231304533779621,-0.025656072422862053,1016.11365
1.0,-0.002632586983963847,-0.0058151776902377605,1016.11365
1.0,-0.002231613267213106,0.01092813815921545,1016.11365
1.0,-0.00263364240527153,-0.019142402336001396,1016.11365
1.0,-0.0026324267964810133,-0.001218169811181724,1016.11365
1.0,-0.0026328174863010645,0.017637385055422783,1016.11365
1.0,-0.002231423743069172,0.027747822925448418,1016.11365
1.0,-0.0026332621928304434,0.012306495569646358,1016.11365
1.0,-0.002231176011264324,0.024842096492648125,1016.11365
1.0,-0.0022312866058200598,0.037373971194028854,1016.11365
1.0,-0.0022310358472168446,0.03201700374484062,1016.11365
1.0,-0.002632824005559087,0.024981794878840446,1016.11365
1.0,-0.0022300006821751595,0.05700066313147545,1016.11365
1.0,-0.002232237020507455,0.0640377327799797,1016.11365
1.0,-0.0026334619615226984,0.026630235835909843,1016.11365
1.0,-0.0026323185302317142,0.03419257327914238,1016.11365
1.0,-0.0022313406225293875,0.05486420914530754,1016.11365
1.0,-0.002632713643833995,0.053180377930402756,1016.11365
1.0,-0.002632640767842531,0.03797001764178276,1016.11365
1.0,-0.0022308994084596634,0.04293582960963249,1016.11365
1.0,-0.002632956486195326,0.052204351872205734,1016.11365
1.0,-0.002632394665852189,0.04951469227671623,1016.11365
1.0,-0.0022323094308376312,0.024981794878840446,1016.11365
1.0,-0.00263281655497849,0.01965649239718914,1016.11365
1.0,-0.0026324321515858173,0.05090608820319176,1016.11365
1.0,-0.0022319762501865625,0.029301268979907036,1016.11365
1.0,-0.002231920836493373,-0.00530853820964694,1016.11365
1.0,-0.002632253570482135,0.0039041039999574423,1016.11365
1.0,-0.002632405376061797,0.02935156039893627,1016.11365
1.0,-0.002231413032859564,0.0008866190328262746,1016.11365
1.0,-0.002632866846397519,-0.01866183988749981,1016.11365
1.0,-0.0026328274980187416,-0.0072475518099963665,1016.11365
1.0,-0.00263262540102005,-0.010685994289815426,1016.11365
1.0,-0.002632696880027652,-0.022351739928126335,1016.11365
1.0,-0.002231380669400096,-0.027429310604929924,1016.11365
1.0,-0.002231139689683914,-0.025348735973238945,1016.11365
1.0,-0.0026323022320866585,-0.025596467778086662,1016.11365
1.0,-0.002231553429737687,-0.034980472177267075,1016.11365
1.0,-0.0026332796551287174,-0.05011260136961937,1016.11365
1.0,-0.0022303236182779074,-0.036265697330236435,1016.11365
1.0,-0.0026331571862101555,-0.031303610652685165,1016.11365
1.0,-0.0022311534266918898,-0.04801340028643608,1016.11365
1.0,-0.0026333434507250786,-0.048272307962179184,1016.11365
1.0,-0.0022310700733214617,-0.026306135579943657,1016.11365
1.0,-0.002230941317975521,-0.03435276076197624,1016.11365
1.0,-0.002633352531120181,-0.05416012927889824,1016.11365
1.0,-0.0022309275809675455,-0.03256275877356529,1016.11365
1.0,-0.0026336542796343565,-0.020714474841952324,1016.11365
1.0,-0.002633063355460763,-0.0383034311234951,1016.11365
1.0,-0.002231054240837693,-0.03191083297133446,1016.11365
1.0,-0.0022311462089419365,-0.02481601946055889,1016.11365
1.0,-0.002632926683872938,0.0023748723324388266,1016.11365
1.0,-0.0022317192051559687,-0.010222195647656918,1016.11365
1.0,-0.0026332277338951826,-0.02331286482512951,1016.11365
1.0,-0.0022303545847535133,0.00012293456529732794,1016.11365
1.0,-0.0026332105044275522,0.02814270369708538,1016.11365
1.0,-0.002231242833659053,0.006774439942091703,1016.11365
1.0,-0.0026332507841289043,-0.0014100222615525126,1016.11365
1.0,-0.002231661230325699,0.020597128197550774,1016.11365
1.0,-0.002230988582596183,0.03341026231646538,1016.11365
1.0,-0.0026331779081374407,0.029023734852671623,1016.11365
1.0,-0.0022314037196338177,0.02551637403666973,1016.11365
1.0,-0.0022312458604574203,0.03337487205862999,1016.11365
1.0,-0.0022313722874969244,0.04461221024394035,1016.11365
1.0,-0.0026330491527915,0.03714859113097191,1016.11365
1.0,-0.0022312463261187077,0.04913657531142235,1016.11365
1.0,-0.0026337471790611744,0.0432431660592556,1016.11365
1.0,-0.0022315250243991613,0.034106891602277756,1016.11365
1.0,-0.0026331765111535788,0.03161094710230827,1016.11365
1.0,-0.0022305098827928305,0.05927681550383568,1016.11365
1.0,-0.002633937168866396,0.035796310752630234,1016.11365
1.0,-0.002633156254887581,0.02243742160499096,1016.11365
1.0,-0.002632869640365243,0.053180377930402756,1016.11365
1.0,-0.0026336582377552986,0.03577395901083946,1016.11365
1.0,-0.0022317166440188885,0.010164453648030758,1016.11365
1.0,-0.0026330207474529743,0.016294417902827263,1016.11365
1.0,-0.002231365069746971,0.04050321504473686,1016.11365
1.0,-0.0022318819537758827,0.015145166777074337,1016.11365
1.0,-0.0026332736015319824,-0.007677822839468718,1016.11365
1.0,-0.0026326405350118876,-0.00335462368093431,1016.11365
1.0,-0.0022307506296783686,0.01544319000095129,1016.11365
1.0,-0.00223159184679389,-0.0011213122634217143,1016.11365
1.0,-0.0026333548594266176,-0.02767517976462841,1016.11365
1.0,-0.0026331550907343626,-0.01623108796775341,1016.11365
1.0,-0.0022309923078864813,-0.013006850145757198,1016.11365
1.0,-0.002633058000355959,-0.028057022020220757,1016.11365
1.0,-0.0022310351487249136,-0.03449804708361626,1016.11365
1.0,-0.0022307957988232374,-0.020897014066576958,1016.11365
1.0,-0.002633047755807638,-0.02428889088332653,1016.11365
1.0,-0.0022317483089864254,-0.034512948244810104,1016.11365
1.0,-0.0026338661555200815,-0.04924274608492851,1016.11365
1.0,-0.0022307338658720255,-0.040197741240262985,1016.11365
1.0,-0.0026330524124205112,-0.029338521882891655,1016.11365
1.0,-0.002231106860563159,-0.019513068720698357,1016.11365
1.0,-0.002232637954875827,-0.04076957330107689,1016.11365
1.0,-0.002231696154922247,-0.04991702362895012,1016.11365
1.0,-0.0026329162064939737,-0.029226763173937798,1016.11365
1.0,-0.0022307096514850855,-0.01648254506289959,1016.11365
1.0,-0.0026341199409216642,-0.025236977264285088,1016.11365
1.0,-0.0022312584333121777,-0.03446079418063164,1016.11365
1.0,-0.002231217222288251,-0.022364778444170952,1016.11365
1.0,-0.0022309490013867617,-0.014977528713643551,1016.11365
1.0,-0.0026332500856369734,-0.0031460074242204428,1016.11365
1.0,-0.002229704987257719,0.01714192144572735,1016.11365
1.0,-0.0026348300743848085,-0.0005196779384277761,1016.11365
1.0,-0.0022326321341097355,-0.006636604201048613,1016.11365
1.0,-0.0022311676293611526,0.004114582668989897,1016.11365
1.0,-0.002633539028465748,0.010700895451009274,1016.11365
1.0,-0.00223108590580523,0.029645858332514763,1016.11365
1.0,-0.002633948577567935,0.013582407496869564,1016.11365
1.0,-0.0022313708905130625,0.020341945812106133,1016.11365
1.0,-0.0022306882310658693,0.030077992007136345,1016.11365
1.0,-0.002231318037956953,0.021493060514330864,1016.11365
1.0,-0.0022310279309749603,0.023668630048632622,1016.11365
1.0,-0.0026331432163715363,0.03798864409327507,1016.11365
1.0,-0.002230816287919879,0.06662122160196304,1016.11365
1.0,-0.002633803989738226,0.036461275070905685,1016.11365
1.0,-0.0022316272370517254,0.03610178455710411,1016.11365
1.0,-0.002634272910654545,0.033540647476911545,1016.11365
1.0,-0.0022305974271148443,0.024747101590037346,1016.11365
1.0,-0.002231413498520851,0.02563372068107128,1016.11365
1.0,-0.0022307378239929676,0.030852852389216423,1016.11365
1.0,-0.0022313182707875967,0.030718741938471794,1016.11365
1.0,-0.0026339972391724586,0.017641110345721245,1016.11365
1.0,-0.00263254065066576,0.03991648182272911,1016.11365
1.0,-0.0022317988332360983,0.058105211704969406,1016.11365
1.0,-0.002635548822581768,0.007575377356261015,1016.11365
1.0,-0.0022322703152894974,-0.027017666026949883,1016.11365
1.0,-0.002230538986623287,-0.014629214070737362,1016.11365
1.0,-0.0022312102373689413,0.008152796886861324,1016.11365
1.0,-0.0022313809022307396,-0.0070333476178348064,1016.11365
1.0,-0.002633563010022044,-0.02459622733294964,1016.11365
1.0,-0.0022307317703962326,-0.007502734195441008,1016.11365
1.0,-0.0022313129156827927,0.006828456651419401,1016.11365
1.0,-0.002231326885521412,0.0015068798093125224,1016.11365
1.0,-0.002633682917803526,-0.02148374728858471,1016.11365
1.0,-0.002230854472145438,-0.006185844074934721,1016.11365
1.0,-0.0022332940716296434,-0.018753109499812126,1016.11365
1.0,-0.0022330498322844505,-0.034496184438467026,1016.11365
1.0,-0.002633296884596348,-0.0539533756673336,1016.11365
1.0,-0.0022305294405668974,-0.029169021174311638,1016.11365
1.0,-0.0022318833507597446,-0.02709030918776989,1016.11365
1.0,-0.002633593510836363,-0.029707325622439384,1016.11365
1.0,-0.00263333972543478,-0.03312714025378227,1016.11365
1.0,-0.0022313911467790604,-0.04579685255885124,1016.11365
1.0,-0.0022311140783131123,-0.029729677364230156,1016.11365
1.0,-0.0026337907183915377,-0.006232410203665495,1016.11365
1.0,-0.0022312982473522425,-0.026475636288523674,1016.11365
1.0,-0.00263430317863822,-0.03662705048918724,1016.11365
1.0,-0.002231030259281397,-0.02926960401237011,1016.11365
1.0,-0.0022312451619654894,-0.004960223566740751,1016.11365
1.0,-0.0022310654167085886,-0.01749768666923046,1016.11365
1.0,-0.002231193007901311,-0.02119131200015545,1016.11365
1.0,-0.0022313850931823254,-0.007154419552534819,1016.11365
1.0,-0.0026331518311053514,0.013995914719998837,1016.11365
1.0,-0.002230806741863489,0.027708707377314568,1016.11365
1.0,-0.002634011907503009,0.013817100785672665,1016.11365
1.0,-0.0022320530842989683,0.005617737304419279,1016.11365
1.0,-0.00223197927698493,0.019216908141970634,1016.11365
1.0,-0.0022307096514850855,0.007569789420813322,1016.11365
1.0,-0.002633452881127596,0.017713753506541252,1016.11365
1.0,-0.0022303613368421793,0.045046206563711166,1016.11365
1.0,-0.002232151571661234,0.044204290956258774,1016.11365
1.0,-0.002634675009176135,0.017678363248705864,1016.11365
1.0,-0.002231200458481908,0.014591961167752743,1016.11365
1.0,-0.002634068252518773,0.03561004623770714,1016.11365
1.0,-0.002632747869938612,0.05470402166247368,1016.11365
1.0,-0.002232984406873584,0.03542005643248558,1016.11365
1.0,-0.0026349027175456285,0.004710629116743803,1016.11365
1.0,-0.0022307082545012236,0.025326384231448174,1016.11365
1.0,-0.002633278025314212,0.03743916377425194,1016.11365
1.0,-0.002633371390402317,0.044750045984983444,1016.11365
1.0,-0.002232448197901249,0.014940275810658932,1016.11365
1.0,-0.002634450327605009,-0.005543231498450041,1016.11365
1.0,-0.0026331711560487747,0.03234296664595604,1016.11365
1.0,-0.002231389982625842,0.01893378607928753,1016.11365
1.0,-0.0022316682152450085,-0.0001545995328342542,1016.11365
1.0,-0.0022311697248369455,-0.007573514711111784,1016.11365
1.0,-0.002231351798400283,0.0024270263966172934,1016.11365
1.0,-0.002230823738500476,-0.0089034428820014,1016.11365
1.0,-0.0026338184252381325,-0.02054869942367077,1016.11365
1.0,-0.002229459350928664,0.014089046977460384,1016.11365
1.0,-0.002634084550663829,0.024275852367281914,1016.11365
1.0,-0.0026356833986938,-0.027077270671725273,1016.11365
1.0,-0.002634749049320817,-0.05188583955168724,1016.11365
1.0,-0.002230422804132104,-0.02220272831618786,1016.11365
1.0,-0.0026345851365476847,-0.00011362134682713076,1016.11365
1.0,-0.0022312733344733715,-0.019134951755404472,1016.11365
1.0,-0.002634976990520954,-0.04663318023085594,1016.11365
1.0,-0.002231115009635687,-0.04411302134394646,1016.11365
1.0,-0.002231054240837693,-0.013066454790532589,1016.11365
1.0,-0.0026338165625929832,-0.026376916095614433,1016.11365
1.0,-0.0022308966144919395,-0.015264376066625118,1016.11365
1.0,-0.002232135972008109,-0.029338521882891655,1016.11365
1.0,-0.0022320400457829237,-0.0377558134496212,1016.11365
1.0,-0.002633781870827079,-0.01804344169795513,1016.11365
1.0,-0.0022310942877084017,-0.01636519841849804,1016.11365
1.0,-0.002634462434798479,-0.01314654853194952,1016.11365
1.0,-0.0026339853648096323,-0.024905426427721977,1016.11365
1.0,-0.0022310148924589157,-0.0018868594197556376,1016.11365
1.0,-0.0022314153611660004,0.0011995433596894145,1016.11365
1.0,-0.00223148288205266,-0.015826893970370293,1016.11365
1.0,-0.002633632393553853,-0.0005494802608154714,1016.11365
1.0,-0.0026334889698773623,0.018054617568850517,1016.11365
1.0,-0.0022316863760352135,0.013932584784924984,1016.11365
1.0,-0.0026340854819864035,-0.0062510366551578045,1016.11365
1.0,-0.002231642371043563,0.02072565071284771,1016.11365
1.0,-0.0026336759328842163,0.02448446862399578,1016.11365
1.0,-0.0022315308451652527,0.024396924301981926,1016.11365
1.0,-0.0026345113292336464,0.00948831345885992,1016.11365
1.0,-0.0022310165222734213,0.0210739653557539,1016.11365
1.0,-0.0022311292123049498,0.033076848834753036,1016.11365
1.0,-0.002231207210570574,0.018944961950182915,1016.11365
1.0,-0.0026342771016061306,0.031791623681783676,1016.11365
1.0,-0.0022302463185042143,0.05414336547255516,1016.11365
1.0,-0.0022324302699416876,0.033151354640722275,1016.11365
1.0,-0.00263486010953784,0.00038556751678697765,1016.11365
1.0,-0.002230265410616994,0.019807366654276848,1016.11365
1.0,-0.0026345388032495975,0.043077390640974045,1016.11365
1.0,-0.002231413731351495,0.024352220818400383,1016.11365
1.0,-0.0026347937528043985,0.005880370270460844,1016.11365
1.0,-0.0026337120216339827,0.016732139512896538,1016.11365
1.0,-0.0026339360047131777,0.030813736841082573,1016.11365
1.0,-0.002634847303852439,0.00995397474616766,1016.11365
1.0,-0.00263404892757535,-0.007783993612974882,1016.11365
1.0,-0.0022311792708933353,0.0008530914201401174,1016.11365
1.0,-0.0026343204081058502,0.016681848093867302,1016.11365
1.0,-0.0022314160596579313,0.007539987098425627,1016.11365
1.0,-0.0026351199485361576,-0.02405606023967266,1016.11365
1.0,-0.0026339616160839796,-0.020816920325160027,1016.11365
1.0,-0.0026339238975197077,0.015042721293866634,1016.11365
1.0,-0.0022314649540930986,-0.010510905645787716,1016.11365
1.0,-0.00263495952822268,-0.03069266490638256,1016.11365
1.0,-0.0022313399240374565,-0.035427507013082504,1016.11365
1.0,-0.002231152029708028,-0.011691822670400143,1016.11365
1.0,-0.002634102711454034,-0.004902481567114592,1016.11365
1.0,-0.0022316055838018656,-0.026226041838526726,1016.11365
1.0,-0.0022320023272186518,-0.039475034922361374,1016.11365
1.0,-0.0026339362375438213,-0.03339536115527153,1016.11365
1.0,-0.002230939455330372,-0.0028107312973588705,1016.11365
1.0,-0.0026347432285547256,-0.024555249139666557,1016.11365
1.0,-0.002231578342616558,-0.037763264030218124,1016.11365
1.0,-0.0026344547513872385,-0.02422742359340191,1016.11365
1.0,-0.0026341835036873817,0.0005587934865616262,1016.11365
1.0,-0.0022318458650261164,-0.005606561433523893,1016.11365
1.0,-0.0026346200611442327,-0.03290734812617302,1016.11365
1.0,-0.0022313189692795277,-0.019058583304286003,1016.11365
1.0,-0.002231350401416421,-0.004868953954428434,1016.11365
1.0,-0.0022313378285616636,0.011283903382718563,1016.11365
1.0,-0.002634399803355336,-0.003302469616755843,1016.11365
1.0,-0.002231630263850093,-0.0018477438716217875,1016.11365
