healthy,ctrl,forward,cumulative
1.0,-0.0009829049231484532,0.035640448331832886,290.82858
1.0,-0.0022239123936742544,0.035544347018003464,290.82858
1.0,-0.0026651108637452126,-0.1050700768828392,290.82858
1.0,-0.0012614002916961908,-0.17858654260635376,290.82858
1.0,-0.0008624921320006251,-0.11169678717851639,290.82858
1.0,-0.0016283575678244233,-0.1214495524764061,290.82858
1.0,-0.0023634496610611677,-0.13947410881519318,290.82858
1.0,-0.0029515596106648445,-0.12597429752349854,290.82858
1.0,-0.002980007790029049,-0.1364111602306366,290.82858
1.0,-0.002985498169437051,-0.13963451981544495,290.82858
1.0,-0.0029884343966841698,-0.1677144169807434,290.82858
1.0,-0.0025895030703395605,-0.20388628542423248,290.82858
1.0,-0.002595384605228901,-0.23648688197135925,290.82858
1.0,-0.002604113193228841,-0.2285652905702591,290.82858
1.0,-0.0026164462324231863,-0.23379850387573242,290.82858
1.0,-0.002633135998621583,-0.24155619740486145,290.82858
1.0,-0.002654738025739789,-0.2620273530483246,290.82858
1.0,-0.0026815810706466436,-0.2742863595485687,290.82858
1.0,-0.002713809721171856,-0.3399876654148102,290.82858
1.0,-0.002581590786576271,-0.9865767359733582,290.82858
1.0,-0.002709209220483899,-1.2012765407562256,290.82858
1.0,-0.0026781936176121235,-0.7789269685745239,290.82858
1.0,-0.0026578842662274837,-0.4919334053993225,290.82858
1.0,-0.0026364303193986416,-0.7081543803215027,290.82858
1.0,-0.002614440629258752,-0.668929398059845,290.82858
1.0,-0.002595727564767003,-0.6278212666511536,290.82858
1.0,-0.002583302091807127,-0.5961097478866577,290.82858
1.0,-0.0025802340824157,-0.6026718616485596,290.82858
1.0,-0.002578961895778775,-0.6140879988670349,290.82858
1.0,-0.00257902592420578,-0.5593839883804321,290.82858
1.0,-0.0025818143039941788,-0.521156907081604,290.82858
1.0,-0.002584514208137989,-0.4648584723472595,290.82858
1.0,-0.002587091876193881,-0.40731483697891235,290.82858
1.0,-0.002588964067399502,-0.35111045837402344,290.82858
1.0,-0.0025897244922816753,-0.3020176589488983,290.82858
1.0,-0.002589200856164098,-0.259216845035553,290.82858
1.0,-0.0025874734856188297,-0.21351872384548187,290.82858
1.0,-0.0025849135126918554,-0.16924458742141724,290.82858
1.0,-0.0025821931194514036,-0.6828643083572388,290.82858
1.0,-0.0015963942278176546,-1.630173921585083,290.82858
1.0,-0.0025745665188878775,-1.5332045555114746,290.82858
1.0,-0.0025800291914492846,-1.115389108657837,290.82858
1.0,-0.002580356551334262,-0.7450374960899353,290.82858
1.0,-0.0025853286497294903,-0.30834412574768066,290.82858
1.0,-0.0026149179320782423,-0.6341337561607361,290.82858
1.0,-0.002662414452061057,-0.5387421250343323,290.82858
1.0,-0.0027249313425272703,-0.19402055442333221,290.82858
1.0,-0.002799432724714279,-0.0988691970705986,290.82858
1.0,-0.0028827290516346693,-0.062149014323949814,290.82858
1.0,-0.0029687245842069387,0.03656372055411339,290.82858
1.0,-0.0030507147312164307,0.22984853386878967,290.82858
1.0,-0.0031257448717951775,0.4994403123855591,290.82858
1.0,-0.0031923071946948767,0.7101259827613831,290.82858
1.0,-0.003250033361837268,0.8665509223937988,290.82858
1.0,-0.003300270065665245,1.0685044527053833,290.82858
1.0,-0.0033438000828027725,1.3038067817687988,290.82858
1.0,-0.00338018243201077,1.5576248168945312,290.82858
1.0,-0.0034100052434951067,2.2153592109680176,290.82858
1.0,-0.003437737002968788,1.9660758972167969,290.82858
1.0,-0.0035042769741266966,1.3383225202560425,290.82858
1.0,-0.004024449735879898,1.5249288082122803,290.82858
1.0,-0.003176064696162939,1.4887731075286865,290.82858
1.0,-0.004285278730094433,1.3182786703109741,290.82858
1.0,-0.004450376611202955,1.33078932762146,290.82858
1.0,-0.004597683437168598,1.7384113073349,290.82858
1.0,-0.0045134201645851135,2.151563882827759,290.82858
1.0,-0.004339342936873436,2.230970621109009,290.82858
1.0,-0.0043787662871181965,2.264212131500244,290.82858
1.0,-0.004409711342304945,1.0865651369094849,290.82858
1.0,-0.00420188857242465,-0.6949821710586548,290.82858
1.0,-0.0044384244829416275,-0.3767995834350586,290.82858
1.0,-0.004357387777417898,0.036980487406253815,290.82858
1.0,-0.004415323492139578,-0.17840321362018585,290.82858
1.0,-0.0035643507726490498,-0.134766086935997,290.82858
1.0,-0.003673395374789834,0.2963961958885193,290.82858
1.0,-0.003459988394752145,0.5187666416168213,290.82858
1.0,-0.004300407133996487,0.35792726278305054,290.82858
1.0,-0.004491018131375313,0.13370251655578613,290.82858
1.0,-0.00489837909117341,0.5964100956916809,290.82858
1.0,-0.00489221652969718,0.860698938369751,290.82858
1.0,-0.004481660667806864,0.9395558834075928,290.82858
1.0,-0.00487331859767437,1.2791844606399536,290.82858
1.0,-0.004861766006797552,1.9476673603057861,290.82858
1.0,-0.0044511789456009865,2.0633609294891357,290.82858
1.0,-0.004842265509068966,1.4194436073303223,290.82858
1.0,-0.004351823590695858,1.1802343130111694,290.82858
1.0,-0.004348731134086847,1.630890965461731,290.82858
1.0,-0.0042802719399333,1.694424033164978,290.82858
1.0,-0.004170666914433241,1.8164775371551514,290.82858
1.0,-0.0036569908261299133,1.9088870286941528,290.82858
1.0,-0.002952803857624531,1.844482421875,290.82858
1.0,-0.0037601885851472616,1.800974726676941,290.82858
1.0,-0.0037497584708034992,1.8618329763412476,290.82858
1.0,-0.0036602227482944727,1.9631105661392212,290.82858
1.0,-0.0035828924737870693,2.175532102584839,290.82858
1.0,-0.0035352425184100866,2.3550426959991455,290.82858
1.0,-0.003532801754772663,2.971242904663086,290.82858
1.0,-0.003930993378162384,2.7230565547943115,290.82858
1.0,-0.003932086285203695,0.9861885905265808,290.82858
1.0,-0.003940070979297161,0.061545517295598984,290.82858
1.0,-0.003940649330615997,-0.17033515870571136,290.82858
1.0,-0.003945527132600546,-0.00979751255363226,290.82858
1.0,-0.003952685743570328,0.019952652975916862,290.82858
1.0,-0.003958172630518675,0.03331154212355614,290.82858
1.0,-0.003962863236665726,0.07902457565069199,290.82858
1.0,-0.0039675915613770485,0.4602968394756317,290.82858
1.0,-0.003548851702362299,1.8117836713790894,290.82858
1.0,-0.0039877817034721375,2.1569950580596924,290.82858
1.0,-0.003589144442230463,1.9869170188903809,290.82858
1.0,-0.0035830929409712553,2.193204879760742,290.82858
1.0,-0.0035770165268331766,2.3419744968414307,290.82858
1.0,-0.0035710479132831097,2.3336596488952637,290.82858
1.0,-0.002567270305007696,2.229980945587158,290.82858
1.0,-0.003536803415045142,2.6253161430358887,290.82858
1.0,-0.003542892634868622,2.654034376144409,290.82858
1.0,-0.003543606959283352,2.509049892425537,290.82858
1.0,-0.0035396611783653498,2.6882214546203613,290.82858
1.0,-0.003534536575898528,2.8893051147460938,290.82858
1.0,-0.0035286389756947756,3.037445068359375,290.82858
1.0,-0.0035216347314417362,3.2065062522888184,290.82858
1.0,-0.0035126858856528997,3.1884310245513916,290.82858
1.0,-0.0035014802124351263,3.26971697807312,290.82858
1.0,-0.0034878565929830074,3.2770185470581055,290.82858
1.0,-0.0034719149116426706,3.3037288188934326,290.82858
1.0,-0.00345215224660933,3.4736690521240234,290.82858
1.0,-0.003426520386710763,3.5187599658966064,290.82858
1.0,-0.0033942856825888157,3.501340627670288,290.82858
1.0,-0.00335406931117177,3.3988280296325684,290.82858
1.0,-0.0037197964265942574,2.3697092533111572,290.82858
1.0,-0.0032742759212851524,1.937821388244629,290.82858
1.0,-0.003682040376588702,2.1614131927490234,290.82858
1.0,-0.0037301641423255205,1.9650532007217407,290.82858
1.0,-0.003699574153870344,2.141326427459717,290.82858
1.0,-0.003736071288585663,1.9994301795959473,290.82858
1.0,-0.003750960575416684,1.8156765699386597,290.82858
1.0,-0.003771665273234248,1.804269790649414,290.82858
1.0,-0.0037876165006309748,1.6594676971435547,290.82858
1.0,-0.003800400998443365,1.4923288822174072,290.82858
1.0,-0.0038149997126311064,1.3601182699203491,290.82858
1.0,-0.0038319623563438654,1.339174747467041,290.82858
1.0,-0.0038474195171147585,1.3999788761138916,290.82858
1.0,-0.0038599902763962746,1.3632028102874756,290.82858
1.0,-0.003871496766805649,1.3253240585327148,290.82858
1.0,-0.003882731543853879,2.2326109409332275,290.82858
1.0,-0.003831347683444619,2.6974527835845947,290.82858
1.0,-0.0038951337337493896,2.245187520980835,290.82858
1.0,-0.0038917737547308207,2.28591251373291,290.82858
1.0,-0.003230619477108121,2.294435977935791,290.82858
1.0,-0.0031894813291728497,2.478137493133545,290.82858
1.0,-0.003564076730981469,3.3115594387054443,290.82858
1.0,-0.003909165505319834,3.5447328090667725,290.82858
1.0,-0.003506890730932355,3.316908836364746,290.82858
1.0,-0.0035114437341690063,3.7263481616973877,290.82858
1.0,-0.003509585512802005,3.904148817062378,290.82858
1.0,-0.0035061847884207964,3.9153542518615723,290.82858
1.0,-0.003502338193356991,3.9989945888519287,290.82858
1.0,-0.0034989602863788605,4.051982879638672,290.82858
1.0,-0.003493228694424033,3.778964042663574,290.82858
1.0,-0.0034855748526751995,3.51017689704895,290.82858
1.0,-0.0034760290291160345,3.1696853637695312,290.82858
1.0,-0.0038678403943777084,3.180816650390625,290.82858
1.0,-0.003855399787425995,2.2742300033569336,290.82858
1.0,-0.0034415503032505512,1.1855064630508423,290.82858
1.0,-0.003436851082369685,0.4644542634487152,290.82858
1.0,-0.0034382096491754055,0.07693468779325485,290.82858
1.0,-0.003440464148297906,0.31857189536094666,290.82858
1.0,-0.0034397218842059374,0.13943015038967133,290.82858
1.0,-0.003791205817833543,-1.099556565284729,290.82858
1.0,-0.0034552651923149824,-1.974880576133728,290.82858
1.0,-0.003472020383924246,-1.5350579023361206,290.82858
1.0,-0.0038856256287544966,-1.5359370708465576,290.82858
1.0,-0.0038938962388783693,-1.8488167524337769,290.82858
1.0,-0.003498474368825555,-1.9582061767578125,290.82858
1.0,-0.003508113557472825,-1.954346776008606,290.82858
1.0,-0.003920755349099636,-2.150252342224121,290.82858
1.0,-0.003929527010768652,-2.469345808029175,290.82858
1.0,-0.003937587607651949,-2.561643600463867,290.82858
1.0,-0.003944952040910721,-2.5612411499023438,290.82858
1.0,-0.003951418679207563,-2.5913565158843994,290.82858
1.0,-0.003956482745707035,-2.5999245643615723,290.82858
1.0,-0.003960376605391502,-2.603217840194702,290.82858
1.0,-0.003963414579629898,-2.0520684719085693,290.82858
1.0,-0.003965115174651146,-0.8528231978416443,290.82858
1.0,-0.0035630289930850267,0.3225952088832855,290.82858
1.0,-0.0035592257045209408,-0.016048548743128777,290.82858
1.0,-0.003560855519026518,0.1917034238576889,290.82858
1.0,-0.00357406260445714,0.448822945356369,290.82858
1.0,-0.003579801181331277,0.04744529351592064,290.82858
1.0,-0.003574085421860218,0.131636843085289,290.82858
1.0,-0.003563839243724942,0.3664493262767792,290.82858
1.0,-0.0035505290143191814,0.5352198481559753,290.82858
1.0,-0.0035358888562768698,0.7367878556251526,290.82858
1.0,-0.0035217038821429014,0.8419453501701355,290.82858
1.0,-0.003508772235363722,0.8867382407188416,290.82858
1.0,-0.0034955088049173355,0.7574706673622131,290.82858
1.0,-0.0034792660735547543,0.6275176405906677,290.82858
1.0,-0.003459580708295107,-0.059366222470998764,290.82858
1.0,-0.0035528128501027822,-2.208500862121582,290.82858
1.0,-0.003856170456856489,-2.5372653007507324,290.82858
1.0,-0.0038652278017252684,-1.7821340560913086,290.82858
1.0,-0.0038689887151122093,-1.6688703298568726,290.82858
1.0,-0.0038685386534780264,-1.0190753936767578,290.82858
1.0,-0.003872776636853814,-0.3744661509990692,290.82858
1.0,-0.003879781812429428,0.1525580734014511,290.82858
1.0,-0.0038879606872797012,0.5344896912574768,290.82858
1.0,-0.003893961664289236,0.7068514227867126,290.82858
1.0,-0.0038960459642112255,0.6989240050315857,290.82858
1.0,-0.00389310996979475,0.6261914372444153,290.82858
1.0,-0.003884977428242564,0.5975514054298401,290.82858
1.0,-0.0038730876985937357,0.6994455456733704,290.82858
1.0,-0.003859173972159624,0.8476524949073792,290.82858
1.0,-0.003843359649181366,0.9859650731086731,290.82858
1.0,-0.0031655237544327974,1.506268858909607,290.82858
1.0,-0.002799934009090066,3.275677442550659,290.82858
1.0,-0.0033783097751438618,2.9089300632476807,290.82858
1.0,-0.0033627201337367296,2.1082756519317627,290.82858
1.0,-0.0033429833129048347,2.8157382011413574,290.82858
1.0,-0.0033166329376399517,3.118023157119751,290.82858
1.0,-0.0032803385984152555,2.9958484172821045,290.82858
1.0,-0.003234944073483348,3.1245646476745605,290.82858
1.0,-0.0031828521750867367,2.7962772846221924,290.82858
1.0,-0.003119796048849821,2.237647533416748,290.82858
1.0,-0.0030505910981446505,2.241968870162964,290.82858
1.0,-0.0030148092191666365,2.2770164012908936,290.82858
1.0,-0.003014405956491828,2.35012149810791,290.82858
1.0,-0.0030187112279236317,2.3662147521972656,290.82858
1.0,-0.0030070883221924305,2.4536995887756348,290.82858
1.0,-0.0029852448496967554,2.6342718601226807,290.82858
1.0,-0.002959511009976268,2.8399524688720703,290.82858
1.0,-0.002935882657766342,2.8143672943115234,290.82858
1.0,-0.0029604232404381037,2.0115225315093994,290.82858
1.0,-0.002992794383317232,0.8349865078926086,290.82858
1.0,-0.0030236130114644766,0.7990449070930481,290.82858
1.0,-0.003073262283578515,1.3068764209747314,290.82858
1.0,-0.0031348506454378366,0.9716301560401917,290.82858
1.0,-0.0031808840576559305,0.7912366986274719,290.82858
1.0,-0.003212445415556431,0.8174031376838684,290.82858
1.0,-0.003243805142119527,0.7865428328514099,290.82858
1.0,-0.003279351396486163,0.736653745174408,290.82858
1.0,-0.0033128438517451286,0.6785690188407898,290.82858
1.0,-0.003339475253596902,0.6514340043067932,290.82858
1.0,-0.0033618579618632793,0.6649642586708069,290.82858
1.0,-0.0033828963059931993,0.6573497653007507,290.82858
1.0,-0.0034035006538033485,0.6701647639274597,290.82858
1.0,-0.003421097993850708,0.8746235966682434,290.82858
1.0,-0.0031231308821588755,1.6995816230773926,290.82858
1.0,-0.0034234386403113604,1.6724019050598145,290.82858
1.0,-0.0034288980532437563,1.3371704816818237,290.82858
1.0,-0.003432071302086115,2.0686683654785156,290.82858
1.0,-0.00343053019605577,2.9089300632476807,290.82858
1.0,-0.0034235017374157906,2.7394144535064697,290.82858
1.0,-0.003413831815123558,2.8704254627227783,290.82858
1.0,-0.003407804761081934,3.1369028091430664,290.82858
1.0,-0.0034010191448032856,3.2561569213867188,290.82858
1.0,-0.003386757569387555,3.3653078079223633,290.82858
1.0,-0.0033667597454041243,3.2594797611236572,290.82858
1.0,-0.0033448562026023865,3.2815334796905518,290.82858
1.0,-0.003320457646623254,3.431856393814087,290.82858
1.0,-0.003290666500106454,3.5247204303741455,290.82858
1.0,-0.0032527451403439045,3.588050365447998,290.82858
1.0,-0.0032051424495875835,3.604590654373169,290.82858
1.0,-0.003151240525767207,3.3785102367401123,290.82858
1.0,-0.003144198562949896,2.340346336364746,290.82858
1.0,-0.003149111056700349,1.5773473978042603,290.82858
1.0,-0.0035507120192050934,1.224756121635437,290.82858
1.0,-0.003562066238373518,1.1095999479293823,290.82858
1.0,-0.003584131831303239,1.0144709348678589,290.82858
1.0,-0.0036082440055906773,1.057982325553894,290.82858
1.0,-0.0036261449567973614,1.0586975812911987,290.82858
1.0,-0.003636942943558097,1.0175107717514038,290.82858
1.0,-0.003647265722975135,0.9266137480735779,290.82858
1.0,-0.0036611505784094334,0.8317529559135437,290.82858
1.0,-0.003676761407405138,0.827908456325531,290.82858
1.0,-0.0036917722318321466,0.7032453417778015,290.82858
1.0,-0.0037101837806403637,0.4126727283000946,290.82858
1.0,-0.00373263843357563,0.19618867337703705,290.82858
1.0,-0.0037563221994787455,-0.1507401317358017,290.82858
1.0,-0.0033796450588852167,0.5974768996238708,290.82858
1.0,-0.003383886069059372,1.6584991216659546,290.82858
1.0,-0.0034045816864818335,1.7666219472885132,290.82858
1.0,-0.003409894648939371,1.2431143522262573,290.82858
1.0,-0.0034324857406318188,1.564562201499939,290.82858
1.0,-0.003450948977842927,1.885682225227356,290.82858
1.0,-0.0034545576199889183,1.969605565071106,290.82858
1.0,-0.003453356446698308,2.060025691986084,290.82858
1.0,-0.0034580870997160673,2.137601137161255,290.82858
1.0,-0.0034649688750505447,2.3162660598754883,290.82858
1.0,-0.0034644536208361387,2.499311923980713,290.82858
1.0,-0.0034532458521425724,2.619623899459839,290.82858
1.0,-0.0034484576899558306,2.7677712440490723,290.82858
1.0,-0.0034643379040062428,2.3267862796783447,290.82858
1.0,-0.003493082709610462,1.5865265130996704,290.82858
1.0,-0.003533774521201849,1.4271436929702759,290.82858
1.0,-0.003982473164796829,1.5662609338760376,290.82858
1.0,-0.004015074111521244,0.9959935545921326,290.82858
1.0,-0.004026115871965885,0.5904733538627625,290.82858
1.0,-0.0040337336249649525,0.822335422039032,290.82858
1.0,-0.004046842455863953,0.8693038821220398,290.82858
1.0,-0.003644663142040372,0.7056593298912048,290.82858
1.0,-0.004078937694430351,0.7133483290672302,290.82858
1.0,-0.004063474014401436,0.8623897433280945,290.82858
1.0,-0.00405034888535738,0.6622373461723328,290.82858
1.0,-0.004043472930788994,0.6207227110862732,290.82858
1.0,-0.004027793183922768,0.7030069231987,290.82858
1.0,-0.0039942581206560135,0.7105767130851746,290.82858
1.0,-0.003951546736061573,0.695466935634613,290.82858
1.0,-0.003913212101906538,0.6095766425132751,290.82858
1.0,-0.0038848556578159332,0.10204314440488815,290.82858
1.0,-0.0038818165194243193,0.08335708826780319,290.82858
1.0,-0.0038958657532930374,-0.5054771304130554,290.82858
1.0,-0.0039057498797774315,-1.2826322317123413,290.82858
1.0,-0.00391840236261487,-1.1679826974868774,290.82858
1.0,-0.003933797124773264,-0.511288583278656,290.82858
1.0,-0.003960860427469015,0.600784957408905,290.82858
1.0,-0.0035650450736284256,1.3904272317886353,290.82858
1.0,-0.004044608678668737,1.371174931526184,290.82858
1.0,-0.0036865922156721354,1.2987254858016968,290.82858
1.0,-0.0037337695248425007,1.8836854696273804,290.82858
1.0,-0.0037733479402959347,2.161174774169922,290.82858
1.0,-0.0037966114468872547,2.2651848793029785,290.82858
1.0,-0.0038102653343230486,2.452432870864868,290.82858
1.0,-0.0038208276964724064,2.7250943183898926,290.82858
1.0,-0.0038249718490988016,3.0162928104400635,290.82858
1.0,-0.003815385513007641,3.220885753631592,290.82858
1.0,-0.003791355062276125,3.419518232345581,290.82858
1.0,-0.0037586677353829145,3.641068696975708,290.82858
1.0,-0.0037210991140455008,3.115325927734375,290.82858
1.0,-0.003664075629785657,1.5754698514938354,290.82858
1.0,-0.002838917775079608,2.00408673286438,290.82858
1.0,-0.0027011374477297068,2.4768409729003906,290.82858
1.0,-0.0026000975631177425,2.3728606700897217,290.82858
1.0,-0.003597910050302744,2.172231435775757,290.82858
1.0,-0.0035719124134629965,2.267956495285034,290.82858
1.0,-0.003559180535376072,1.4705060720443726,290.82858
1.0,-0.0035130183678120375,0.9269415736198425,290.82858
1.0,-0.003498513950034976,1.349955677986145,290.82858
1.0,-0.0039054229855537415,1.023948073387146,290.82858
1.0,-0.003909526392817497,0.4570483863353729,290.82858
1.0,-0.003915636800229549,0.4228949248790741,290.82858
1.0,-0.003923354670405388,0.4859268367290497,290.82858
1.0,-0.003937083762139082,0.38638707995414734,290.82858
1.0,-0.003953101113438606,0.2669393718242645,290.82858
1.0,-0.003963602241128683,0.3820359408855438,290.82858
1.0,-0.003971423953771591,0.5533694624900818,290.82858
1.0,-0.003977932035923004,0.8977054953575134,290.82858
1.0,-0.0028791362419724464,2.023547649383545,290.82858
1.0,-0.003567400621250272,2.2731122970581055,290.82858
1.0,-0.0035295640118420124,3.001361846923828,290.82858
1.0,-0.003542111488059163,3.023653984069824,290.82858
1.0,-0.0035407168325036764,3.066301107406616,290.82858
1.0,-0.0035423648077994585,3.6503968238830566,290.82858
1.0,-0.0035417205654084682,3.8637218475341797,290.82858
1.0,-0.0035405135713517666,3.954678535461426,290.82858
1.0,-0.0035397899337112904,4.148780822753906,290.82858
1.0,-0.003540639765560627,4.367231845855713,290.82858
1.0,-0.0035383759532123804,4.26509952545166,290.82858
1.0,-0.0035248640924692154,4.3009514808654785,290.82858
1.0,-0.003509640460833907,4.566699028015137,290.82858
1.0,-0.003497129073366523,4.752427101135254,290.82858
1.0,-0.0034847590140998363,4.803537845611572,290.82858
1.0,-0.003468826413154602,3.2504794597625732,290.82858
1.0,-0.0032149660401046276,2.6522276401519775,290.82858
1.0,-0.00337424804456532,3.1993088722229004,290.82858
1.0,-0.0033707558177411556,3.0933616161346436,290.82858
1.0,-0.0038252812810242176,2.251147985458374,290.82858
1.0,-0.003424977418035269,1.7375646829605103,290.82858
1.0,-0.0038241883739829063,1.8297432661056519,290.82858
1.0,-0.0038259360007941723,1.408457636833191,290.82858
1.0,-0.003830972360447049,1.1624990701675415,290.82858
1.0,-0.003835392650216818,1.2140570878982544,290.82858
1.0,-0.0038378501776605844,1.1813043355941772,290.82858
1.0,-0.003839727956801653,1.1607109308242798,290.82858
1.0,-0.003842282574623823,1.1530815362930298,290.82858
1.0,-0.003844386665150523,1.1124013662338257,290.82858
1.0,-0.0038473298773169518,0.9743272662162781,290.82858
1.0,-0.003851039567962289,0.8435248732566833,290.82858
1.0,-0.0038548470474779606,0.8871554732322693,290.82858
1.0,-0.0038584477733820677,1.7437933683395386,290.82858
1.0,-0.0034568863920867443,3.1860766410827637,290.82858
1.0,-0.0034426222555339336,3.9601919651031494,290.82858
1.0,-0.003421902423724532,3.5505590438842773,290.82858
1.0,-0.003403423586860299,3.70854115486145,290.82858
1.0,-0.0033804276026785374,4.12699556350708,290.82858
1.0,-0.003344459692016244,3.8766560554504395,290.82858
1.0,-0.0032957240473479033,3.5412309169769287,290.82858
1.0,-0.0032555293291807175,3.0560789108276367,290.82858
1.0,-0.0032259293366223574,2.795487403869629,290.82858
1.0,-0.0031963998917490244,2.9686686992645264,290.82858
1.0,-0.0031574463937431574,3.1222102642059326,290.82858
1.0,-0.003107137279585004,3.1576154232025146,290.82858
1.0,-0.00305041391402483,3.140449285507202,290.82858
1.0,-0.003001897130161524,3.2181737422943115,290.82858
1.0,-0.0029611208010464907,3.2003519535064697,290.82858
1.0,-0.002913594013080001,2.6162264347076416,290.82858
1.0,-0.0028680372051894665,1.014172911643982,290.82858
1.0,-0.0029142554849386215,0.6825327277183533,290.82858
1.0,-0.0029603636357933283,1.3226865530014038,290.82858
1.0,-0.0034110143315047026,1.0890363454818726,290.82858
1.0,-0.0034515054430812597,0.9393095374107361,290.82858
1.0,-0.003089824691414833,1.0344980955123901,290.82858
1.0,-0.00313399126753211,0.9809135794639587,290.82858
1.0,-0.0035786975640803576,0.8985995650291443,290.82858
1.0,-0.0036153800319880247,0.8870958685874939,290.82858
1.0,-0.0032452556770294905,0.8717774748802185,290.82858
1.0,-0.0036784640979021788,0.9015797972679138,290.82858
1.0,-0.0037068543024361134,0.9224414229393005,290.82858
1.0,-0.0037327490281313658,0.9401440024375916,290.82858
1.0,-0.0037559668999165297,0.826835572719574,290.82858
1.0,-0.0033783710096031427,1.6912816762924194,290.82858
1.0,-0.003256808500736952,3.165900468826294,290.82858
1.0,-0.0033784762490540743,2.681731939315796,290.82858
1.0,-0.003374602412804961,2.6131865978240967,290.82858
1.0,-0.003371764440089464,3.1000969409942627,290.82858
1.0,-0.003363596508279443,3.1395552158355713,290.82858
1.0,-0.0033458461984992027,3.242969274520874,290.82858
1.0,-0.0033245773520320654,3.376483678817749,290.82858
1.0,-0.003303281730040908,3.485142946243286,290.82858
1.0,-0.0032781062182039022,3.5938022136688232,290.82858
1.0,-0.003243880346417427,3.6847589015960693,290.82858
1.0,-0.0031989437993615866,3.7409064769744873,290.82858
1.0,-0.0031444099731743336,3.734290361404419,290.82858
1.0,-0.0030804157722741365,3.2204983234405518,290.82858
1.0,-0.0030035849194973707,2.229749917984009,290.82858
1.0,-0.0029192324727773666,2.4424192905426025,290.82858
1.0,-0.0029065129347145557,1.9948481321334839,290.82858
1.0,-0.0029202301520854235,1.8785594701766968,290.82858
1.0,-0.002926376648247242,1.9657610654830933,290.82858
1.0,-0.0033563338220119476,1.5283225774765015,290.82858
1.0,-0.00340240728110075,1.4537571668624878,290.82858
1.0,-0.003457884071394801,1.539230227470398,290.82858
1.0,-0.0035107408184558153,1.5071033239364624,290.82858
1.0,-0.0035523856058716774,1.5029906034469604,290.82858
1.0,-0.0035876051988452673,1.517712950706482,290.82858
1.0,-0.0036233188584446907,1.4966129064559937,290.82858
1.0,-0.003660146612673998,1.4848707914352417,290.82858
1.0,-0.003693853272125125,1.4831422567367554,290.82858
1.0,-0.003319296520203352,2.110004186630249,290.82858
1.0,-0.0033375220373272896,2.4049875736236572,290.82858
1.0,-0.0033630207180976868,2.3114678859710693,290.82858
1.0,-0.003354459535330534,3.2250282764434814,290.82858
1.0,-0.0033486566971987486,3.0391809940338135,290.82858
1.0,-0.003346186364069581,2.878606081008911,290.82858
1.0,-0.00333408429287374,3.398597002029419,290.82858
1.0,-0.0033099292777478695,3.501176595687866,290.82858
1.0,-0.003277225187048316,3.4162399768829346,290.82858
1.0,-0.003243091283366084,3.359675168991089,290.82858
1.0,-0.0032105466816574335,3.2108423709869385,290.82858
1.0,-0.003576758550480008,3.238260507583618,290.82858
1.0,-0.003529102075845003,3.4212467670440674,290.82858
1.0,-0.0034662315156310797,3.5327670574188232,290.82858
1.0,-0.003388724522665143,3.623366117477417,290.82858
1.0,-0.0032990186009556055,3.656446695327759,290.82858
1.0,-0.0032006793189793825,3.766357660293579,290.82858
1.0,-0.003139867912977934,3.7455556392669678,290.82858
1.0,-0.003156652208417654,2.36421799659729,290.82858
1.0,-0.00276511674746871,1.586854338645935,290.82858
1.0,-0.002771183615550399,1.3871787786483765,290.82858
1.0,-0.002810467965900898,1.3625620603561401,290.82858
1.0,-0.003253500210121274,1.2274383306503296,290.82858
1.0,-0.0028913337737321854,0.953793466091156,290.82858
1.0,-0.0029242653399705887,1.0856388807296753,290.82858
1.0,-0.0033570844680070877,1.3529061079025269,290.82858
1.0,-0.0033912307117134333,1.1641381978988647,290.82858
1.0,-0.003434287616983056,0.6988047957420349,290.82858
1.0,-0.0034825364127755165,0.4922151267528534,290.82858
1.0,-0.003530785208567977,0.5512832999229431,290.82858
1.0,-0.0035759599413722754,0.4999637305736542,290.82858
1.0,-0.0036142747849226,0.42754408717155457,290.82858
1.0,-0.0036480650305747986,0.36650893092155457,290.82858
1.0,-0.0036809709854424,0.2894997298717499,290.82858
1.0,-0.003710053162649274,0.6810426115989685,290.82858
1.0,-0.003686103969812393,1.9897221326828003,290.82858
1.0,-0.0037217375356703997,1.8818973302841187,290.82858
1.0,-0.0037313306238502264,1.3151763677597046,290.82858
1.0,-0.003738394007086754,1.6973613500595093,290.82858
1.0,-0.0037424727343022823,1.7683504819869995,290.82858
1.0,-0.0037433726247400045,1.6134380102157593,290.82858
1.0,-0.003740984480828047,1.6278623342514038,290.82858
1.0,-0.0031710092443972826,1.7744897603988647,290.82858
1.0,-0.0029891892336308956,1.8296836614608765,290.82858
1.0,-0.0033422689884901047,1.9430516958236694,290.82858
1.0,-0.0033450620248913765,2.0374653339385986,290.82858
1.0,-0.0033410140313208103,2.081334352493286,290.82858
1.0,-0.0033352733589708805,2.1615025997161865,290.82858
1.0,-0.0033253247383981943,2.2724268436431885,290.82858
1.0,-0.0033106005284935236,2.3242828845977783,290.82858
1.0,-0.003295545233413577,2.3153421878814697,290.82858
1.0,-0.003279546508565545,2.386510133743286,290.82858
1.0,-0.003260653233155608,2.4693009853363037,290.82858
1.0,-0.0032410165295004845,2.4727580547332764,290.82858
1.0,-0.003219917882233858,2.43133282661438,290.82858
1.0,-0.003597654402256012,2.5213358402252197,290.82858
1.0,-0.00356976012699306,2.6454923152923584,290.82858
1.0,-0.003535723779350519,2.72810435295105,290.82858
1.0,-0.003491150215268135,2.832531690597534,290.82858
1.0,-0.0034329236950725317,2.8783676624298096,290.82858
1.0,-0.0029718291480094194,2.0945069789886475,290.82858
1.0,-0.0034066273365169764,1.430749773979187,290.82858
1.0,-0.003403499722480774,1.7203091382980347,290.82858
1.0,-0.0034022415056824684,1.6719101667404175,290.82858
1.0,-0.0034173442982137203,1.3430713415145874,290.82858
1.0,-0.003440452739596367,1.1932252645492554,290.82858
1.0,-0.0034614650066941977,1.2054442167282104,290.82858
1.0,-0.003476151265203953,1.0679363012313843,290.82858
1.0,-0.0034885574132204056,1.0031460523605347,290.82858
1.0,-0.0035181574057787657,0.8661746382713318,290.82858
1.0,-0.0035607563331723213,0.7516741156578064,290.82858
1.0,-0.003603437216952443,0.6564258933067322,290.82858
1.0,-0.003639564849436283,0.5134343504905701,290.82858
1.0,-0.0036714195739477873,0.3623366057872772,290.82858
1.0,-0.003702487563714385,0.2442598193883896,290.82858
1.0,-0.003732535755261779,0.16236303746700287,290.82858
1.0,-0.00328631978482008,1.6213058233261108,290.82858
1.0,-0.003336122026666999,3.088116407394409,290.82858
1.0,-0.003342302981764078,2.315521001815796,290.82858
1.0,-0.0033393055200576782,2.479851007461548,290.82858
1.0,-0.0033278886694461107,2.797722578048706,290.82858
1.0,-0.0033142734318971634,2.7330515384674072,290.82858
1.0,-0.003300267271697521,2.7889606952667236,290.82858
1.0,-0.0032845374662429094,2.859234571456909,290.82858
1.0,-0.003261588979512453,2.925097703933716,290.82858
1.0,-0.003229267429560423,2.964496374130249,290.82858
1.0,-0.00318924686871469,2.9586551189422607,290.82858
1.0,-0.003142022993415594,2.933501958847046,290.82858
1.0,-0.003086215117946267,2.90590500831604,290.82858
1.0,-0.0030210569966584444,2.831279993057251,290.82858
1.0,-0.0029568616300821304,2.2327897548675537,290.82858
1.0,-0.0029610225465148687,0.9353160262107849,290.82858
1.0,-0.0029730729293078184,1.1670588254928589,290.82858
1.0,-0.0029857074841856956,1.5783904790878296,290.82858
1.0,-0.0034166232217103243,1.2198089361190796,290.82858
1.0,-0.003450965043157339,1.0260342359542847,290.82858
1.0,-0.003483270527794957,1.1264680624008179,290.82858
1.0,-0.0035099980887025595,1.0225175619125366,290.82858
1.0,-0.003532572416588664,0.8667706847190857,290.82858
1.0,-0.003556338604539633,0.78731769323349,290.82858
1.0,-0.003582925768569112,0.664949357509613,290.82858
1.0,-0.0036086207255721092,0.5339383482933044,290.82858
1.0,-0.0036333242896944284,0.44548508524894714,290.82858
1.0,-0.0036635028664022684,0.4997253119945526,290.82858
1.0,-0.0032953943591564894,1.0502933263778687,290.82858
1.0,-0.0033236597664654255,1.4396904706954956,290.82858
1.0,-0.0033113996032625437,2.816021203994751,290.82858
1.0,-0.0033075963146984577,2.762019395828247,290.82858
1.0,-0.003308478044345975,2.3850200176239014,290.82858
1.0,-0.003301820019260049,2.7640459537506104,290.82858
1.0,-0.003278077347204089,2.829730272293091,290.82858
1.0,-0.0032420156057924032,2.7169582843780518,290.82858
1.0,-0.0032044064719229937,2.6919243335723877,290.82858
1.0,-0.003167259506881237,2.69758677482605,290.82858
1.0,-0.00312275649048388,2.7503368854522705,290.82858
1.0,-0.003066704608500004,2.7790067195892334,290.82858
1.0,-0.0030005229637026787,2.9023287296295166,290.82858
1.0,-0.002930305665358901,3.2531020641326904,290.82858
1.0,-0.003258676268160343,3.3828017711639404,290.82858
1.0,-0.003177872858941555,3.0845401287078857,290.82858
1.0,-0.0030998997390270233,3.086745500564575,290.82858
1.0,-0.003050108440220356,2.70754075050354,290.82858
1.0,-0.0030558649450540543,1.8407701253890991,290.82858
1.0,-0.003069586819037795,1.8594859838485718,290.82858
1.0,-0.0026842185761779547,1.4666913747787476,290.82858
1.0,-0.002707742853090167,1.1989473104476929,290.82858
1.0,-0.002740417141467333,1.0150073766708374,290.82858
1.0,-0.00277885515242815,1.1793373823165894,290.82858
1.0,-0.002819808665663004,1.1175273656845093,290.82858
1.0,-0.002859774511307478,1.0159610509872437,290.82858
1.0,-0.002900164807215333,1.0682343244552612,290.82858
1.0,-0.002946228254586458,1.2252925634384155,290.82858
1.0,-0.003400607733055949,1.1944769620895386,290.82858
1.0,-0.0030490285716950893,1.3200043439865112,290.82858
1.0,-0.003096003318205476,1.594483733177185,290.82858
1.0,-0.0031428600195795298,1.8382071256637573,290.82858
1.0,-0.0031761853024363518,2.61676287651062,290.82858
1.0,-0.0031593849416822195,3.76725172996521,290.82858
1.0,-0.003536807605996728,3.3898351192474365,290.82858
1.0,-0.0035235753748565912,3.107011079788208,290.82858
1.0,-0.0031028343364596367,3.2669899463653564,290.82858
1.0,-0.0030743121169507504,3.132343053817749,290.82858
1.0,-0.0030387064907699823,3.131150960922241,290.82858
1.0,-0.0030017707031220198,3.3453104496002197,290.82858
1.0,-0.002969200722873211,3.4497973918914795,290.82858
1.0,-0.0033349720761179924,3.5215017795562744,290.82858
1.0,-0.003285749116912484,3.6007163524627686,290.82858
1.0,-0.0032245160546153784,3.6231276988983154,290.82858
1.0,-0.0031606340780854225,3.6759374141693115,290.82858
1.0,-0.0031019398011267185,3.6851165294647217,290.82858
1.0,-0.003049233229830861,3.670692205429077,290.82858
1.0,-0.00260499631986022,3.586888074874878,290.82858
1.0,-0.002582247368991375,3.239631414413452,290.82858
1.0,-0.002581674139946699,3.2652018070220947,290.82858
1.0,-0.0025801353622227907,3.4746525287628174,290.82858
1.0,-0.0025814904365688562,3.499150037765503,290.82858
1.0,-0.002586470916867256,3.3878085613250732,290.82858
1.0,-0.0029956402722746134,3.0225512981414795,290.82858
1.0,-0.0018639612244442105,2.3627278804779053,290.82858
1.0,-0.0030825871508568525,1.9502638578414917,290.82858
1.0,-0.0031697386875748634,1.9474624395370483,290.82858
1.0,-0.0032693545799702406,2.0562407970428467,290.82858
1.0,-0.003375172382220626,1.7083882093429565,290.82858
1.0,-0.0034779340494424105,1.375675082206726,290.82858
1.0,-0.0035623314324766397,0.969350278377533,290.82858
1.0,-0.0036263277288526297,0.8389949202537537,290.82858
1.0,-0.0036843488924205303,1.0164974927902222,290.82858
1.0,-0.00374278100207448,0.9071826338768005,290.82858
1.0,-0.0037921450566500425,0.7977485060691833,290.82858
1.0,-0.003423672402277589,0.7174014449119568,290.82858
1.0,-0.00344808935187757,0.5075930953025818,290.82858
1.0,-0.0034703961573541164,0.38635727763175964,290.82858
1.0,-0.0034909064415842295,0.31816956400871277,290.82858
1.0,-0.0035067754797637463,0.24563072621822357,290.82858
1.0,-0.003518635407090187,0.14090536534786224,290.82858
1.0,-0.003528570057824254,0.03528594598174095,290.82858
1.0,-0.0035372888669371605,0.01275539305061102,290.82858
1.0,-0.0035441284999251366,0.22655723989009857,290.82858
1.0,-0.0033168664667755365,1.2891887426376343,290.82858
1.0,-0.00355023262090981,1.1997817754745483,290.82858
1.0,-0.00396828493103385,0.8763074278831482,290.82858
1.0,-0.003592579159885645,1.1376737356185913,290.82858
1.0,-0.003609917825087905,1.0995267629623413,290.82858
1.0,-0.003623963100835681,0.9866356253623962,290.82858
1.0,-0.0036002900451421738,0.9654163718223572,290.82858
1.0,-0.00304812123067677,1.0518430471420288,290.82858
1.0,-0.003192582633346319,1.3609527349472046,290.82858
1.0,-0.0028724491130560637,1.476824164390564,290.82858
1.0,-0.0036760650109499693,1.4264582395553589,290.82858
1.0,-0.0037650219164788723,1.4693139791488647,290.82858
1.0,-0.0036514021921902895,1.5829800367355347,290.82858
1.0,-0.0037782294675707817,1.7534493207931519,290.82858
1.0,-0.0037577215116471052,1.8202065229415894,290.82858
1.0,-0.003658355912193656,1.8654464483261108,290.82858
1.0,-0.003091670572757721,2.012014150619507,290.82858
1.0,-0.002543241949751973,2.321302652359009,290.82858
1.0,-0.0036286008544266224,2.4287102222442627,290.82858
1.0,-0.0038858524058014154,2.326249837875366,290.82858
1.0,-0.0044075013138353825,2.339362859725952,290.82858
1.0,-0.004439583048224449,2.1501777172088623,290.82858
1.0,-0.004380223341286182,2.549767255783081,290.82858
1.0,-0.004303229507058859,2.6563403606414795,290.82858
1.0,-0.0038145107682794333,2.425372362136841,290.82858
1.0,-0.0037119199987500906,2.562105417251587,290.82858
1.0,-0.0036192815750837326,2.8537509441375732,290.82858
1.0,-0.0035571332555264235,2.976536512374878,290.82858
1.0,-0.003526826621964574,2.8452870845794678,290.82858
1.0,-0.003522382350638509,2.137183904647827,290.82858
1.0,-0.003514273324981332,1.88744056224823,290.82858
1.0,-0.003511607414111495,1.9508599042892456,290.82858
1.0,-0.0035223609302192926,2.1270511150360107,290.82858
1.0,-0.003551025176420808,1.983880877494812,290.82858
1.0,-0.003591239685192704,0.6701945662498474,290.82858
1.0,-0.003671851707622409,0.417232483625412,290.82858
1.0,-0.0037447221111506224,0.5897282958030701,290.82858
1.0,-0.0038325884379446507,0.2900361716747284,290.82858
1.0,-0.0039012262132018805,0.02932548336684704,290.82858
1.0,-0.0039334543980658054,0.21648405492305756,290.82858
1.0,-0.004325293470174074,0.4723071753978729,290.82858
1.0,-0.0039223311468958855,0.3967284858226776,290.82858
1.0,-0.003872811095789075,0.5104541182518005,290.82858
1.0,-0.0038315369747579098,0.7736682295799255,290.82858
1.0,-0.003794083371758461,0.8527039885520935,290.82858
1.0,-0.0037532865535467863,0.7796286940574646,290.82858
1.0,-0.003714108606800437,0.7424353957176208,290.82858
1.0,-0.0036798405926674604,0.6998776793479919,290.82858
1.0,-0.0036489206831902266,0.6072520613670349,290.82858
1.0,-0.0036177164874970913,0.530362069606781,290.82858
1.0,-0.0035852643195539713,0.5261897444725037,290.82858
1.0,-0.0035534894559532404,0.7346867918968201,290.82858
1.0,-0.0035298559814691544,0.8255242705345154,290.82858
1.0,-0.003940575290471315,0.8194445967674255,290.82858
1.0,-0.003941110800951719,1.7488001585006714,290.82858
1.0,-0.003941125702112913,2.818464994430542,290.82858
1.0,-0.003541806247085333,2.3342368602752686,290.82858
1.0,-0.003547258675098419,1.9611119031906128,290.82858
1.0,-0.003960233181715012,2.2654531002044678,290.82858
1.0,-0.003562642727047205,2.0889041423797607,290.82858
1.0,-0.003472304670140147,1.8919705152511597,290.82858
1.0,-0.0029668945353478193,1.9104479551315308,290.82858
1.0,-0.002098724013194442,1.8849371671676636,290.82858
1.0,-0.003031898057088256,1.8510817289352417,290.82858
1.0,-0.0035297004505991936,1.8297432661056519,290.82858
1.0,-0.0036081587895751,1.8060206174850464,290.82858
1.0,-0.003621323499828577,1.802444338798523,290.82858
1.0,-0.0036247840616852045,1.782297968864441,290.82858
1.0,-0.0036251551937311888,1.7687081098556519,290.82858
1.0,-0.0036356206983327866,1.970291018486023,290.82858
1.0,-0.0036677310708910227,2.097487211227417,290.82858
1.0,-0.0037158590275794268,2.107262372970581,290.82858
1.0,-0.003759559243917465,2.3205277919769287,290.82858
1.0,-0.0037822790909558535,2.575397253036499,290.82858
1.0,-0.004201180767267942,2.57861590385437,290.82858
1.0,-0.003806706517934799,2.4616715908050537,290.82858
1.0,-0.004197135102003813,2.5185344219207764,290.82858
1.0,-0.00363992084749043,2.3550984859466553,290.82858
1.0,-0.0034619923681020737,2.2923943996429443,290.82858
1.0,-0.0036197530571371317,2.427220106124878,290.82858
1.0,-0.0035732388496398926,2.291559934616089,290.82858
1.0,-0.0033267545513808727,0.763058602809906,290.82858
1.0,-0.0033673050347715616,0.2537965476512909,290.82858
1.0,-0.003495789598673582,0.6755589842796326,290.82858
1.0,-0.0035012958105653524,0.7760524153709412,290.82858
1.0,-0.0035060131922364235,0.9585618376731873,290.82858
1.0,-0.003512088442221284,1.1483429670333862,290.82858
1.0,-0.00351868593133986,1.3433693647384644,290.82858
1.0,-0.003525214735418558,1.2602804899215698,290.82858
1.0,-0.0035309779923409224,1.1366604566574097,290.82858
1.0,-0.0035352541599422693,1.3518332242965698,290.82858
1.0,-0.0035396767780184746,1.5453099012374878,290.82858
1.0,-0.0035444919485598803,1.7520188093185425,290.82858
1.0,-0.0035486214328557253,1.9541977643966675,290.82858
1.0,-0.003552648238837719,2.0643470287323,290.82858
1.0,-0.0035563656128942966,2.0852086544036865,290.82858
1.0,-0.003961162641644478,2.2753474712371826,290.82858
1.0,-0.003962085582315922,2.541541814804077,290.82858
1.0,-0.003559940028935671,2.2661683559417725,290.82858
1.0,-0.003558703465387225,1.830696940422058,290.82858
1.0,-0.003550342284142971,1.8894671201705933,290.82858
1.0,-0.0030140948947519064,1.945733904838562,290.82858
1.0,-0.0028831837698817253,1.7416476011276245,290.82858
1.0,-0.003476263489574194,1.7926691770553589,290.82858
1.0,-0.003266858635470271,1.749515414237976,290.82858
1.0,-0.0025805137120187283,1.4859436750411987,290.82858
1.0,-0.003781757550314069,0.8352994322776794,290.82858
1.0,-0.003942157607525587,0.35130974650382996,290.82858
1.0,-0.003889546263962984,0.3242492377758026,290.82858
1.0,-0.003073364496231079,0.3199577033519745,290.82858
1.0,-0.002921452047303319,0.15664099156856537,290.82858
1.0,-0.003462075022980571,0.07808207720518112,290.82858
1.0,-0.0035129778552800417,-0.009179114364087582,290.82858
1.0,-0.0035427447874099016,-0.08416175097227097,290.82858
1.0,-0.003547104075551033,0.026226041838526726,290.82858
1.0,-0.003542961785569787,0.227689728140831,290.82858
1.0,-0.003538010874763131,0.43654438853263855,290.82858
1.0,-0.003534962423145771,0.3999471366405487,290.82858
1.0,-0.0035324881318956614,0.2520084083080292,290.82858
1.0,-0.003530006157234311,0.23126600682735443,290.82858
1.0,-0.0035272270906716585,0.39076802134513855,290.82858
1.0,-0.0035235765390098095,0.4469155967235565,290.82858
1.0,-0.003518982557579875,0.37097927927970886,290.82858
1.0,-0.0035136414226144552,0.3619193732738495,290.82858
1.0,-0.003507620422169566,0.3198384940624237,290.82858
1.0,-0.003503327490761876,0.1291036456823349,290.82858
1.0,-0.0035051400773227215,0.356197327375412,290.82858
1.0,-0.0035056902561336756,0.8448361754417419,290.82858
1.0,-0.003906417638063431,0.8794068694114685,290.82858
1.0,-0.003897416405379772,0.6717442870140076,290.82858
1.0,-0.0038640417624264956,0.6897448897361755,290.82858
1.0,-0.0034193063620477915,0.7194280028343201,290.82858
1.0,-0.0031924021895974874,0.6411074995994568,290.82858
1.0,-0.003400013782083988,0.5100964903831482,290.82858
1.0,-0.0034956177696585655,0.36287304759025574,290.82858
1.0,-0.0035088984295725822,0.3044604957103729,290.82858
1.0,-0.0035081086680293083,0.5186795592308044,290.82858
1.0,-0.0038681451696902514,0.6785392165184021,290.82858
1.0,-0.003838847391307354,0.8471011519432068,290.82858
1.0,-0.003904840210452676,0.976681649684906,290.82858
1.0,-0.003915467765182257,1.026391863822937,290.82858
1.0,-0.003920536953955889,0.943422257900238,290.82858
1.0,-0.0039249747060239315,0.9030103087425232,290.82858
1.0,-0.0035258824937045574,0.6747245192527771,290.82858
1.0,-0.003530772402882576,0.5738734602928162,290.82858
1.0,-0.0035353347193449736,0.6786584258079529,290.82858
1.0,-0.003942415118217468,0.9653567671775818,290.82858
1.0,-0.003946954384446144,1.1320112943649292,290.82858
1.0,-0.003950946498662233,1.2614725828170776,290.82858
1.0,-0.003954990301281214,1.32286536693573,290.82858
1.0,-0.003958580084145069,1.500487208366394,290.82858
1.0,-0.0035592024214565754,1.6044377088546753,290.82858
1.0,-0.003964110743254423,1.7776488065719604,290.82858
1.0,-0.0039668758399784565,2.092003583908081,290.82858
1.0,-0.003965100739151239,2.535104513168335,290.82858
1.0,-0.002894442994147539,2.8551814556121826,290.82858
1.0,-0.0028342355508357286,2.649426221847534,290.82858
1.0,-0.003774463664740324,2.6412007808685303,290.82858
1.0,-0.003557610558345914,2.7068850994110107,290.82858
1.0,-0.0035626357421278954,2.65336012840271,290.82858
1.0,-0.003570827655494213,2.618551015853882,290.82858
1.0,-0.003575910348445177,2.5479791164398193,290.82858
1.0,-0.003576359013095498,2.5402305126190186,290.82858
1.0,-0.0035746342036873102,2.543210744857788,290.82858
1.0,-0.0035708672367036343,2.5032756328582764,290.82858
1.0,-0.0035612699575722218,2.45654559135437,290.82858
1.0,-0.0035413235891610384,2.412914991378784,290.82858
1.0,-0.0035089205484837294,2.438664197921753,290.82858
1.0,-0.0034601229708641768,3.1183955669403076,290.82858
1.0,-0.00339058181270957,3.3668277263641357,290.82858
1.0,-0.0033116117119789124,3.312110662460327,290.82858
1.0,-0.003234957344830036,3.189086675643921,290.82858
1.0,-0.00315813603810966,3.1968352794647217,290.82858
1.0,-0.0030699772760272026,3.0924079418182373,290.82858
1.0,-0.002968462882563472,2.2546050548553467,290.82858
1.0,-0.0029547058511525393,2.083420515060425,290.82858
1.0,-0.002907982561737299,2.612948179244995,290.82858
1.0,-0.0028550801798701286,2.0562407970428467,290.82858
1.0,-0.0032183330040425062,2.05063796043396,290.82858
1.0,-0.003158930689096451,2.1289584636688232,290.82858
1.0,-0.0028443962801247835,2.171516180038452,290.82858
1.0,-0.002425607992336154,2.789020299911499,290.82858
1.0,-0.0018999032909050584,3.2697913646698,290.82858
1.0,-0.0016317175468429923,3.1865832805633545,290.82858
1.0,-0.002543871523812413,3.2509562969207764,290.82858
1.0,-0.0029712077230215073,2.9790399074554443,290.82858
1.0,-0.002980175893753767,2.902865171432495,290.82858
1.0,-0.0023066566791385412,2.959012746810913,290.82858
1.0,-0.0029733520932495594,3.013610601425171,290.82858
1.0,-0.002986928215250373,3.130197286605835,290.82858
1.0,-0.002997573232278228,3.17215895652771,290.82858
1.0,-0.003015517955645919,3.003716230392456,290.82858
1.0,-0.0030416122172027826,2.9093024730682373,290.82858
1.0,-0.00307571142911911,2.8694865703582764,290.82858
1.0,-0.00311731593683362,2.8083322048187256,290.82858
1.0,-0.0031665728893131018,2.8104779720306396,290.82858
1.0,-0.0032230180222541094,2.7114150524139404,290.82858
1.0,-0.0032834745943546295,2.6041266918182373,290.82858
1.0,-0.003344233613461256,2.494811773300171,290.82858
1.0,-0.0034037423320114613,2.3865697383880615,290.82858
1.0,-0.0034619267098605633,2.1619794368743896,290.82858
1.0,-0.0031157666817307472,1.3427733182907104,290.82858
1.0,-0.0031628163997083902,1.2625454664230347,290.82858
1.0,-0.0032093029003590345,1.366495966911316,290.82858
1.0,-0.0032515351194888353,1.3722180128097534,290.82858
1.0,-0.0024222303181886673,2.562403440475464,290.82858
1.0,-0.0032673757523298264,2.8853414058685303,290.82858
1.0,-0.0036663194186985493,2.4790761470794678,290.82858
1.0,-0.0032605596352368593,2.557515859603882,290.82858
1.0,-0.003239112440496683,2.520441770553589,290.82858
1.0,-0.0032068858854472637,2.467989683151245,290.82858
1.0,-0.003173127770423889,2.4933812618255615,290.82858
1.0,-0.0031375382095575333,2.464294195175171,290.82858
1.0,-0.0030921923462301493,2.395033597946167,290.82858
1.0,-0.003033042885363102,2.3412702083587646,290.82858
1.0,-0.002963010221719742,2.3218390941619873,290.82858
1.0,-0.002886146306991577,2.300739049911499,290.82858
1.0,-0.002804658142849803,2.2579429149627686,290.82858
1.0,-0.002722614910453558,2.17878794670105,290.82858
1.0,-0.002649062778800726,2.0993945598602295,290.82858
1.0,-0.0026008787099272013,1.5944241285324097,290.82858
1.0,-0.002595206955447793,0.7225274443626404,290.82858
1.0,-0.0026013641618192196,1.4474390745162964,290.82858
1.0,-0.002606827300041914,2.2480485439300537,290.82858
1.0,-0.0026139954570680857,1.7259119749069214,290.82858
1.0,-0.002625339897349477,1.9955633878707886,290.82858
1.0,-0.003045119345188141,2.1772382259368896,290.82858
1.0,-0.0030669099651277065,2.147078275680542,290.82858
1.0,-0.003091882448643446,2.010345220565796,290.82858
1.0,-0.0031195308547466993,2.0073649883270264,290.82858
1.0,-0.003151219105347991,1.9531248807907104,290.82858
1.0,-0.003189059905707836,1.8496512174606323,290.82858
1.0,-0.0032330118119716644,1.7324684858322144,290.82858
1.0,-0.003280004020780325,1.591563105583191,290.82858
1.0,-0.0033277205657213926,1.5437601804733276,290.82858
1.0,-0.0033767973072826862,1.521706461906433,290.82858
1.0,-0.003419996937736869,2.022742986679077,290.82858
1.0,-0.0034050075337290764,3.108381986618042,290.82858
1.0,-0.0033604283817112446,2.747058629989624,290.82858
1.0,-0.0033148766960948706,2.4497506618499756,290.82858
1.0,-0.003267077263444662,2.3986098766326904,290.82858
1.0,-0.003216222394257784,1.7286537885665894,290.82858
1.0,-0.0031632466707378626,1.5981196165084839,290.82858
1.0,-0.003112580394372344,1.9286869764328003,290.82858
1.0,-0.003066178411245346,1.8182991743087769,290.82858
1.0,-0.0026220346335321665,1.7104147672653198,290.82858
1.0,-0.0025918055325746536,1.6275643110275269,290.82858
1.0,-0.002580031054094434,1.6485451459884644,290.82858
1.0,-0.0025814624968916178,1.8066166639328003,290.82858
1.0,-0.002579617779701948,1.7890928983688354,290.82858
1.0,-0.002583110937848687,1.7029045820236206,290.82858
1.0,-0.0025892630219459534,1.632332682609558,290.82858
1.0,-0.0025967631954699755,1.5803574323654175,290.82858
1.0,-0.0026044026017189026,1.471042513847351,290.82858
1.0,-0.002610991010442376,1.3380049467086792,290.82858
1.0,-0.0026152573991566896,1.2055634260177612,290.82858
1.0,-0.0026166820898652077,1.217126727104187,290.82858
1.0,-0.002615666948258877,1.2500284910202026,290.82858
1.0,-0.003015034832060337,1.74248206615448,290.82858
1.0,-0.003012142376974225,2.2476909160614014,290.82858
1.0,-0.0030349346343427896,0.6263255476951599,290.82858
1.0,-0.0030787698924541473,0.3968476951122284,290.82858
1.0,-0.003139820182695985,0.6464719176292419,290.82858
1.0,-0.00322680058889091,0.1844167560338974,290.82858
1.0,-0.003335589077323675,-0.18107889592647552,290.82858
1.0,-0.0030444159638136625,-0.2526044547557831,290.82858
1.0,-0.0031441522296518087,-0.3454684913158417,290.82858
1.0,-0.0032324662897735834,-0.4055499732494354,290.82858
1.0,-0.003305695252493024,-0.3083944022655487,290.82858
1.0,-0.003340082708746195,-0.06055831536650658,290.82858
1.0,-0.003356928238645196,-0.11694430559873581,290.82858
1.0,-0.0033686738461256027,-0.24497507512569427,290.82858
1.0,-0.0033772990573197603,-0.20384787023067474,290.82858
1.0,-0.0033849538303911686,-0.32854077219963074,290.82858
1.0,-0.003397170687094331,-0.37419793009757996,290.82858
1.0,-0.0034105570521205664,0.1913308948278427,290.82858
1.0,-0.003402158385142684,1.3816355466842651,290.82858
1.0,-0.00340743875131011,0.8730887770652771,290.82858
1.0,-0.0034180639777332544,0.7072686553001404,290.82858
1.0,-0.0034244218841195107,1.0859965085983276,290.82858
1.0,-0.0034198027569800615,1.1829136610031128,290.82858
1.0,-0.003410631325095892,1.1940001249313354,290.82858
1.0,-0.0034041316248476505,1.1862515211105347,290.82858
1.0,-0.003394563216716051,1.254677653312683,290.82858
1.0,-0.003385507734492421,1.6118286848068237,290.82858
1.0,-0.0037794001400470734,1.8326042890548706,290.82858
1.0,-0.0037500006146728992,1.7127989530563354,290.82858
1.0,-0.003687058575451374,1.6188620328903198,290.82858
1.0,-0.003600788302719593,1.634001612663269,290.82858
1.0,-0.0034935332369059324,1.5681980848312378,290.82858
1.0,-0.003359999042004347,1.2513397932052612,290.82858
1.0,-0.0032886555418372154,-0.01800060085952282,290.82858
1.0,-0.003310962812975049,0.04673003777861595,290.82858
1.0,-0.003314870409667492,0.7903575301170349,290.82858
1.0,-0.00320637715049088,0.8839368224143982,290.82858
1.0,-0.0032826820388436317,0.6613730788230896,290.82858
1.0,-0.003261897014454007,0.7826089262962341,290.82858
1.0,-0.003246093401685357,0.9901522994041443,290.82858
1.0,-0.003231884678825736,0.8958577513694763,290.82858
1.0,-0.0032153588254004717,0.8436440825462341,290.82858
1.0,-0.0032002488151192665,0.9163617491722107,290.82858
1.0,-0.003189431270584464,0.9646415114402771,290.82858
1.0,-0.0031813785899430513,0.9360312819480896,290.82858
1.0,-0.003173730568960309,0.8947848677635193,290.82858
1.0,-0.0031671044416725636,0.8656978011131287,290.82858
1.0,-0.0031634129118174314,0.8414983153343201,290.82858
1.0,-0.0031639644876122475,0.8087157607078552,290.82858
1.0,-0.003169346833601594,0.741243302822113,290.82858
1.0,-0.0027279341593384743,0.836610734462738,290.82858
1.0,-0.0026837822515517473,0.9059905409812927,290.82858
1.0,-0.003025258192792535,0.5134343504905701,290.82858
1.0,-0.002585981274023652,0.5794762969017029,290.82858
1.0,-0.0025816576089709997,0.8138417601585388,290.82858
1.0,-0.002130580600351095,0.7967948317527771,290.82858
1.0,-0.001608811435289681,0.7491111159324646,290.82858
1.0,-0.0018094060942530632,0.4916190803050995,290.82858
1.0,-0.002567407675087452,0.43642517924308777,290.82858
1.0,-0.0026103430427610874,0.2868175208568573,290.82858
1.0,-0.0026246649213135242,0.21338461339473724,290.82858
1.0,-0.0026359334588050842,0.21719931066036224,290.82858
1.0,-0.0026452525053173304,0.13136862218379974,290.82858
1.0,-0.002652254421263933,0.03206729516386986,290.82858
1.0,-0.002627917565405369,0.34308430552482605,290.82858
1.0,-0.0030683500226587057,0.10514258593320847,290.82858
1.0,-0.003077152883633971,-0.09191035479307175,290.82858
1.0,-0.0030883471481502056,-0.17774103581905365,290.82858
1.0,-0.003100465051829815,-0.18239019811153412,290.82858
1.0,-0.0031058327294886112,-0.2372264713048935,290.82858
1.0,-0.0030912982765585184,-0.21445749700069427,290.82858
1.0,-0.002807851880788803,-0.28264519572257996,290.82858
1.0,-0.0021961675956845284,-0.39637085795402527,290.82858
1.0,-0.0027769410517066717,-0.42688843607902527,290.82858
1.0,-0.003123912028968334,-0.4198550879955292,290.82858
1.0,-0.003262867219746113,-0.3302097022533417,290.82858
1.0,-0.0033135998528450727,-0.24271009862422943,290.82858
1.0,-0.003351059043779969,-0.17476080358028412,290.82858
1.0,-0.0033875557128340006,-0.1456737369298935,290.82858
1.0,-0.003423884976655245,-0.1494884341955185,290.82858
1.0,-0.0034597618505358696,-0.16939638555049896,290.82858
1.0,-0.003494487376883626,-0.20372866094112396,290.82858
1.0,-0.0035273144021630287,-0.2447366565465927,290.82858
1.0,-0.0035579907707870007,-0.28908249735832214,290.82858
1.0,-0.003586261998862028,-0.3331899344921112,290.82858
1.0,-0.0036123087629675865,-0.37682053446769714,290.82858
1.0,-0.0036361445672810078,-0.4043578803539276,290.82858
1.0,-0.0028525826055556536,-0.7419585585594177,290.82858
1.0,-0.003220727201551199,-1.4069079160690308,290.82858
1.0,-0.003601646050810814,-1.1940001249313354,290.82858
1.0,-0.003183667315170169,-1.2013911008834839,290.82858
1.0,-0.003148301737383008,-1.362085223197937,290.82858
1.0,-0.003100676229223609,-1.4491080045700073,290.82858
1.0,-0.003042760770767927,-1.5275477170944214,290.82858
1.0,-0.002974189119413495,-1.5586613416671753,290.82858
1.0,-0.0028945044614374638,-1.2494324445724487,290.82858
1.0,-0.002830583369359374,-0.20074842870235443,290.82858
1.0,-0.0027973882388323545,-0.24962423741817474,290.82858
1.0,-0.0027661477215588093,-0.7358788847923279,290.82858
1.0,-0.0027340827509760857,-0.9258984923362732,290.82858
1.0,-0.0027005786541849375,-1.027464747428894,290.82858
1.0,-0.0026658105198293924,-1.0976790189743042,290.82858
1.0,-0.003034123918041587,-0.7070302367210388,290.82858
1.0,-0.002938772551715374,0.478267639875412,290.82858
1.0,-0.0026180550921708345,0.7358788847923279,290.82858
1.0,-0.0030674964655190706,0.766873300075531,290.82858
1.0,-0.0031298717949539423,0.48363205790519714,290.82858
1.0,-0.003199789673089981,0.7991790175437927,290.82858
1.0,-0.003272721776738763,1.0162590742111206,290.82858
1.0,-0.0033533680252730846,1.0010002851486206,290.82858
1.0,-0.003439202904701233,1.1839865446090698,290.82858
1.0,-0.0035177168902009726,1.3415812253952026,290.82858
1.0,-0.0035825283266603947,1.4357565641403198,290.82858
1.0,-0.003636879613623023,1.5672444105148315,290.82858
1.0,-0.0036856799852102995,1.7006396055221558,290.82858
1.0,-0.003729972057044506,1.2451409101486206,290.82858
1.0,-0.003767185378819704,0.7972716689109802,290.82858
1.0,-0.0037905466742813587,0.35524365305900574,290.82858
1.0,-0.003391559701412916,-0.7426738142967224,290.82858
1.0,-0.0028565446846187115,-0.7307528853416443,290.82858
1.0,-0.002565687755122781,-0.8730887770652771,290.82858
1.0,-0.003112655831500888,-1.149535059928894,290.82858
1.0,-0.003287035506218672,-1.1755226850509644,290.82858
1.0,-0.003313463879749179,-1.2687443494796753,290.82858
1.0,-0.0032709294464439154,-1.380085825920105,290.82858
1.0,-0.0032193989027291536,-1.4455317258834839,290.82858
1.0,-0.0031631130259484053,-1.5182493925094604,290.82858
1.0,-0.0030973502434790134,-1.5728472471237183,290.82858
