healthy,ctrl,forward,cumulative
1.0,-0.0017401358345523477,0.048251427710056305,1171.1892
1.0,-0.0022944288793951273,0.10495566576719284,1171.1892
1.0,-0.002490629442036152,0.0016216944204643369,1171.1892
1.0,-0.002329491311684251,0.026068678125739098,1171.1892
1.0,-0.0016516080358996987,0.0716441348195076,1171.1892
1.0,-0.001954559935256839,0.11309125274419785,1171.1892
1.0,-0.001515645650215447,0.14575935900211334,1171.1892
1.0,-0.0014092412311583757,0.18311651051044464,1171.1892
1.0,-0.0017260757740586996,0.215043306350708,1171.1892
1.0,-0.0016682472778484225,0.2341281920671463,1171.1892
1.0,-0.001531754620373249,0.2730034589767456,1171.1892
1.0,-0.0015649814158678055,0.30850327014923096,1171.1892
1.0,-0.0008651114767417312,0.34721076488494873,1171.1892
1.0,-0.0012731202878057957,0.39082950353622437,1171.1892
1.0,-0.0007674674270674586,0.40011128783226013,1171.1892
1.0,-0.0011751841520890594,0.4429719150066376,1171.1892
1.0,-0.0012896223925054073,0.449918657541275,1171.1892
1.0,-0.0020613984670490026,0.20106926560401917,1171.1892
1.0,-0.002786683151498437,-0.17069721221923828,1171.1892
1.0,-0.003240953665226698,-0.1828521341085434,1171.1892
1.0,-0.0023777580354362726,-0.3121306598186493,1171.1892
1.0,-0.0032154731452465057,-0.39419156312942505,1171.1892
1.0,-0.002159523544833064,-0.2947011888027191,1171.1892
1.0,-0.002278488129377365,-0.25874629616737366,1171.1892
1.0,-0.002266398398205638,-0.21089379489421844,1171.1892
1.0,-0.0017621968872845173,-0.15789827704429626,1171.1892
1.0,-0.0019286476308479905,-0.16695353388786316,1171.1892
1.0,-0.002196249319240451,-0.2223140150308609,1171.1892
1.0,-0.0020315314177423716,-0.2223976105451584,1171.1892
1.0,-0.0020226973574608564,-0.20813579857349396,1171.1892
1.0,-0.002031295793130994,-0.2089405208826065,1171.1892
1.0,-0.0019951448775827885,-0.21936464309692383,1171.1892
1.0,-0.0014330404810607433,-0.20997585356235504,1171.1892
1.0,-0.0013972315937280655,-0.21605411171913147,1171.1892
1.0,-0.001993883866816759,-0.2034691423177719,1171.1892
1.0,-0.0022248669993132353,-0.19588662683963776,1171.1892
1.0,-0.0016254533547908068,-0.20773465931415558,1171.1892
1.0,-0.002045143861323595,-0.20764586329460144,1171.1892
1.0,-0.0014610934304073453,-0.22390978038311005,1171.1892
1.0,-0.002035818062722683,-0.19437317550182343,1171.1892
1.0,-0.0014612080994993448,-0.22191162407398224,1171.1892
1.0,-0.002135704969987273,-0.20264948904514313,1171.1892
1.0,-0.0014789811102673411,-0.22269423305988312,1171.1892
1.0,-0.0020712048280984163,-0.19249668717384338,1171.1892
1.0,-0.0014865311095491052,-0.22986075282096863,1171.1892
1.0,-0.0021851786877959967,-0.19909510016441345,1171.1892
1.0,-0.001585829071700573,-0.22748996317386627,1171.1892
1.0,-0.002204581629484892,-0.19786947965621948,1171.1892
1.0,-0.0015975689748302102,-0.22579890489578247,1171.1892
1.0,-0.0022080414928495884,-0.1971369981765747,1171.1892
1.0,-0.0015984342899173498,-0.2246217131614685,1171.1892
1.0,-0.0027262091170996428,-0.10358913987874985,1171.1892
1.0,-0.002529721474274993,-0.06570852547883987,1171.1892
1.0,-0.002960387384518981,0.06501585990190506,1171.1892
1.0,-0.002203904325142503,0.17628887295722961,1171.1892
1.0,-0.0020388930570334196,0.18028564751148224,1171.1892
1.0,-0.0026888418942689896,0.16770021617412567,1171.1892
1.0,-0.002018359024077654,0.1698501706123352,1171.1892
1.0,-0.002552564488723874,0.19277770817279816,1171.1892
1.0,-0.00185087148565799,0.13070273399353027,1171.1892
1.0,-0.00211715348996222,0.07111439108848572,1171.1892
1.0,-0.0017175357788801193,0.02370634861290455,1171.1892
1.0,-0.001116497558541596,0.04321429505944252,1171.1892
1.0,-0.0016920162597671151,0.07104500383138657,1171.1892
1.0,-0.0010703153675422072,0.08006882667541504,1171.1892
1.0,-0.001692010904662311,0.07490021735429764,1171.1892
1.0,-0.001704043010249734,0.05509273335337639,1171.1892
1.0,-0.0016909424448385835,0.06141455098986626,1171.1892
1.0,-0.0016921134665608406,0.05384092032909393,1171.1892
1.0,-0.001670611323788762,0.08544360101222992,1171.1892
1.0,-0.0016707883914932609,0.07760652154684067,1171.1892
1.0,-0.0011510903714224696,0.07695506513118744,1171.1892
1.0,-0.0017042281106114388,0.10900990664958954,1171.1892
1.0,-0.0012574917636811733,0.1776050627231598,1171.1892
1.0,-0.001099306857213378,0.2772834599018097,1171.1892
1.0,-0.0013495173770934343,0.3315483033657074,1171.1892
1.0,-0.001254247734323144,0.3719533681869507,1171.1892
1.0,-0.0005906792939640582,0.41525378823280334,1171.1892
1.0,-0.0005548173212446272,0.43348148465156555,1171.1892
1.0,-0.0011000207159668207,0.4344027042388916,1171.1892
1.0,-0.0012279740767553449,0.4178127646446228,1171.1892
1.0,-0.0011849707225337625,0.41642236709594727,1171.1892
1.0,-0.001235210569575429,0.42203474044799805,1171.1892
1.0,-0.0011678053997457027,0.44616472721099854,1171.1892
1.0,-0.001099293353036046,0.4431733191013336,1171.1892
1.0,-0.0010821680771186948,0.45489609241485596,1171.1892
1.0,-0.0010987138375639915,0.4663366973400116,1171.1892
1.0,-0.0010849382961168885,0.5137202739715576,1171.1892
1.0,-0.0004227497265674174,0.5608214735984802,1171.1892
1.0,-0.0009337127557955682,0.636152446269989,1171.1892
1.0,-0.0002563510788604617,0.6722351312637329,1171.1892
1.0,-0.000790939200669527,0.7335859537124634,1171.1892
1.0,-0.00017127877799794078,0.7676723599433899,1171.1892
1.0,-0.0007085503893904388,0.7945559620857239,1171.1892
1.0,-0.00010202902922173962,0.8013694882392883,1171.1892
1.0,-0.0006674514734186232,0.8116401433944702,1171.1892
1.0,-0.0006621209322474897,0.8064628839492798,1171.1892
1.0,-0.0006842651637271047,0.8338596224784851,1171.1892
1.0,-0.0001934289903147146,0.8552418351173401,1171.1892
1.0,-0.0007919864146970212,0.8839750289916992,1171.1892
1.0,-0.0002958283293992281,0.910449743270874,1171.1892
1.0,-0.0008810539729893208,0.9315301775932312,1171.1892
1.0,-0.0008688039961270988,0.9483582973480225,1171.1892
1.0,-0.0008282176568172872,0.961113691329956,1171.1892
1.0,-0.0007819741149432957,0.9718704223632812,1171.1892
1.0,-0.0007368943770416081,0.9826179146766663,1171.1892
1.0,-0.0007097979541867971,0.9947642087936401,1171.1892
1.0,-0.0007005461375229061,1.0076872110366821,1171.1892
1.0,-0.0007040706695988774,1.0225269794464111,1171.1892
1.0,-0.0007146119023673236,1.013243556022644,1171.1892
1.0,-0.0007747950148768723,0.9192432761192322,1171.1892
1.0,-0.0006248384597711265,0.8682496547698975,1171.1892
1.0,-0.0007041237549856305,0.8004717230796814,1171.1892
1.0,-0.0007903068326413631,0.7484349608421326,1171.1892
1.0,-0.0002647872897796333,0.7311328649520874,1171.1892
1.0,-0.00021556514548137784,0.7316786646842957,1171.1892
1.0,-0.00021430023480206728,0.7473676800727844,1171.1892
1.0,-0.00013179669622331858,0.750724196434021,1171.1892
1.0,-0.0002570207288954407,0.7136668562889099,1171.1892
1.0,-0.0007583965198136866,0.7220133543014526,1171.1892
1.0,-0.0009674028842709959,0.7374714612960815,1171.1892
1.0,-0.00015155220171436667,0.7245912551879883,1171.1892
1.0,-0.0009748903103172779,0.6875805258750916,1171.1892
1.0,-0.00033390597673133016,0.6346590518951416,1171.1892
1.0,-0.0008417710778303444,0.6139501333236694,1171.1892
1.0,-0.0009368350147269666,0.5606300830841064,1171.1892
1.0,-0.000962289166636765,0.5390904545783997,1171.1892
1.0,-0.00100316118914634,0.5098618268966675,1171.1892
1.0,-0.0010270974598824978,0.5103572607040405,1171.1892
1.0,-0.0010138689540326595,0.48857179284095764,1171.1892
1.0,-0.0010530557483434677,0.49113479256629944,1171.1892
1.0,-0.0010436888551339507,0.4892609715461731,1171.1892
1.0,-0.00044925196561962366,0.47650185227394104,1171.1892
1.0,-0.0010505724931135774,0.4598274528980255,1171.1892
1.0,-0.0011020009405910969,0.4390738606452942,1171.1892
1.0,-0.0011284379288554192,0.4211328625679016,1171.1892
1.0,-0.0011513162171468139,0.3955177664756775,1171.1892
1.0,-0.0012058146530762315,0.36730241775512695,1171.1892
1.0,-0.0012440119171515107,0.3388076722621918,1171.1892
1.0,-0.0012957373401150107,0.3235451579093933,1171.1892
1.0,-0.0012888397322967649,0.3094486594200134,1171.1892
1.0,-0.0007340055308304727,0.28845664858818054,1171.1892
1.0,-0.001333739492110908,0.27525049448013306,1171.1892
1.0,-0.0013955967733636498,0.2673826813697815,1171.1892
1.0,-0.0007980250520631671,0.2534314692020416,1171.1892
1.0,-0.0014053946360945702,0.23442132771015167,1171.1892
1.0,-0.0016227848827838898,0.23236124217510223,1171.1892
1.0,-0.001541514415293932,0.20914895832538605,1171.1892
1.0,-0.0016487926477566361,0.17329303920269012,1171.1892
1.0,-0.001537518692202866,0.16890837252140045,1171.1892
1.0,-0.0015991227701306343,0.13985855877399445,1171.1892
1.0,-0.0009809354087337852,0.12604890763759613,1171.1892
1.0,-0.001593964989297092,0.09810923784971237,1171.1892
1.0,-0.001638310495764017,0.08670984953641891,1171.1892
1.0,-0.0010688254842534661,0.07314234226942062,1171.1892
1.0,-0.0016500762430951,0.054173167794942856,1171.1892
1.0,-0.0016899250913411379,0.04407390579581261,1171.1892
1.0,-0.0017123508732765913,0.023212281987071037,1171.1892
1.0,-0.0017152921063825488,0.010680406354367733,1171.1892
1.0,-0.0012122635962441564,-0.013213603757321835,1171.1892
1.0,-0.0018100278684869409,-0.01720338873565197,1171.1892
1.0,-0.0012973574921488762,-0.0635981485247612,1171.1892
1.0,-0.0019261501729488373,-0.05856155976653099,1171.1892
1.0,-0.0014810779830440879,-0.11405720561742783,1171.1892
1.0,-0.002048986731097102,-0.0983700081706047,1171.1892
1.0,-0.0016702449647709727,-0.1479238122701645,1171.1892
1.0,-0.0022011424880474806,-0.1388937085866928,1171.1892
1.0,-0.001704507158137858,-0.18783657252788544,1171.1892
1.0,-0.0021671652793884277,-0.16967950761318207,1171.1892
1.0,-0.0017717370064929128,-0.21924449503421783,1171.1892
1.0,-0.0022921538911759853,-0.20970402657985687,1171.1892
1.0,-0.0017861495725810528,-0.2611428201198578,1171.1892
1.0,-0.0022440901957452297,-0.24478136003017426,1171.1892
1.0,-0.0018616208108142018,-0.29824671149253845,1171.1892
1.0,-0.0023675551638007164,-0.29094886779785156,1171.1892
1.0,-0.001879450399428606,-0.34512948989868164,1171.1892
1.0,-0.002317814389243722,-0.3292709290981293,1171.1892
1.0,-0.001952227670699358,-0.3831647038459778,1171.1892
1.0,-0.002442559925839305,-0.3748498558998108,1171.1892
1.0,-0.001953878439962864,-0.4287920594215393,1171.1892
1.0,-0.002388028195127845,-0.4118606150150299,1171.1892
1.0,-0.0022344414610415697,-0.4702061116695404,1171.1892
1.0,-0.00260466942563653,-0.5011968016624451,1171.1892
1.0,-0.00201359367929399,-0.5465037822723389,1171.1892
1.0,-0.002510682912543416,-0.47667694091796875,1171.1892
1.0,-0.0019687307067215443,-0.47010180354118347,1171.1892
1.0,-0.0023773438297212124,-0.44054535031318665,1171.1892
1.0,-0.0017586129251867533,-0.43379512429237366,1171.1892
1.0,-0.002357158111408353,-0.37473437190055847,1171.1892
1.0,-0.0017539261607453227,-0.3833807706832886,1171.1892
1.0,-0.002255641156807542,-0.33180785179138184,1171.1892
1.0,-0.0016497006872668862,-0.3379657566547394,1171.1892
1.0,-0.00225452845916152,-0.2817921042442322,1171.1892
1.0,-0.0016770833171904087,-0.30513104796409607,1171.1892
1.0,-0.002301628701388836,-0.2544782757759094,1171.1892
1.0,-0.0017718749586492777,-0.2682059705257416,1171.1892
1.0,-0.0023119121324270964,-0.2158433049917221,1171.1892
1.0,-0.0016442666528746486,-0.23737920820713043,1171.1892
1.0,-0.002247026888653636,-0.18560512363910675,1171.1892
1.0,-0.0016986060654744506,-0.19095464050769806,1171.1892
1.0,-0.0022211256437003613,-0.13287363946437836,1171.1892
1.0,-0.0015398998511955142,-0.147532656788826,1171.1892
1.0,-0.00214907294139266,-0.09038671106100082,1171.1892
1.0,-0.0015560243045911193,-0.09989365190267563,1171.1892
1.0,-0.0020958830136805773,-0.03984197601675987,1171.1892
1.0,-0.001441490720026195,-0.05552544817328453,1171.1892
1.0,-0.0020345940720289946,-0.00364705896936357,1171.1892
1.0,-0.0014397965278476477,-0.018130986019968987,1171.1892
1.0,-0.001991135999560356,0.03775208815932274,1171.1892
1.0,-0.0013361424207687378,0.02117082290351391,1171.1892
1.0,-0.0019285099115222692,0.07221474498510361,1171.1892
1.0,-0.0013266728492453694,0.061254944652318954,1171.1892
1.0,-0.0018758195219561458,0.11954455822706223,1171.1892
1.0,-0.0012120670871809125,0.10888277739286423,1171.1892
1.0,-0.0017989613115787506,0.1625753790140152,1171.1892
1.0,-0.0011809715069830418,0.15728174149990082,1171.1892
1.0,-0.001723736640997231,0.21561233699321747,1171.1892
1.0,-0.0010561443632468581,0.2066679149866104,1171.1892
1.0,-0.0016428763046860695,0.25792044401168823,1171.1892
1.0,-0.0010216898517683148,0.25188174843788147,1171.1892
1.0,-0.0015671034343540668,0.3063305914402008,1171.1892
1.0,-0.0009049885557033122,0.2972073554992676,1171.1892
1.0,-0.0014890768798068166,0.34618374705314636,1171.1892
1.0,-0.0008660873863846064,0.34218651056289673,1171.1892
1.0,-0.0014110688352957368,0.4001147747039795,1171.1892
1.0,-0.0007836936274543405,0.39077919721603394,1171.1892
1.0,-0.0013960530050098896,0.4442482888698578,1171.1892
1.0,-0.0007318512653000653,0.44896450638771057,1171.1892
1.0,-0.0013182914117351174,0.48610565066337585,1171.1892
1.0,-0.0007073328015394509,0.4628225862979889,1171.1892
1.0,-0.0012530784588307142,0.48366931080818176,1171.1892
1.0,-0.0007341022719629109,0.4421658515930176,1171.1892
1.0,-0.001279435120522976,0.4517212212085724,1171.1892
1.0,-0.0008058328530751169,0.41019168496131897,1171.1892
1.0,-0.001319466857239604,0.4147477149963379,1171.1892
1.0,-0.0009016492986120284,0.36990267038345337,1171.1892
1.0,-0.0013687318423762918,0.3740265667438507,1171.1892
1.0,-0.0009712424944154918,0.33169981837272644,1171.1892
1.0,-0.0014316763263195753,0.33916157484054565,1171.1892
1.0,-0.0010258075781166553,0.3015286922454834,1171.1892
1.0,-0.0014929338358342648,0.31290945410728455,1171.1892
1.0,-0.0010633639758452773,0.27767565846443176,1171.1892
1.0,-0.0015457888366654515,0.29016655683517456,1171.1892
1.0,-0.0010958133498206735,0.25343891978263855,1171.1892
1.0,-0.001589744701050222,0.26418638229370117,1171.1892
1.0,-0.0011487274896353483,0.22477282583713531,1171.1892
1.0,-0.0016326160402968526,0.23382900655269623,1171.1892
1.0,-0.0012162713101133704,0.1917816549539566,1171.1892
1.0,-0.0016808579675853252,0.200156107544899,1171.1892
1.0,-0.001283265301026404,0.15760956704616547,1171.1892
1.0,-0.0017329740803688765,0.16725806891918182,1171.1892
1.0,-0.0013391681713983417,0.12621654570102692,1171.1892
1.0,-0.0017847152194008231,0.1380815953016281,1171.1892
1.0,-0.0013814652338624,0.09853392094373703,1171.1892
1.0,-0.0018336614593863487,0.11171027272939682,1171.1892
1.0,-0.00141887366771698,0.07203593105077744,1171.1892
1.0,-0.0018774588825181127,0.08498504012823105,1171.1892
1.0,-0.001462134183384478,0.043798234313726425,1171.1892
1.0,-0.001917235553264618,0.055670734494924545,1171.1892
1.0,-0.0015139287570491433,0.012651084922254086,1171.1892
1.0,-0.001957046100869775,0.023793427273631096,1171.1892
1.0,-0.0015690267318859696,-0.02020224742591381,1171.1892
1.0,-0.0019987444393336773,-0.008821486495435238,1171.1892
1.0,-0.0016197703080251813,-0.05258619412779808,1171.1892
1.0,-0.0020414285827428102,-0.04027038440108299,1171.1892
1.0,-0.0016621598042547703,-0.08336826413869858,1171.1892
1.0,-0.002078502904623747,-0.07284431904554367,1171.1892
1.0,-0.0016673508798703551,-0.11967494338750839,1171.1892
1.0,-0.0021610683761537075,-0.11042877286672592,1171.1892
1.0,-0.001705713802948594,-0.15193594992160797,1171.1892
1.0,-0.0022184383124113083,-0.13144685328006744,1171.1892
1.0,-0.0017343517392873764,-0.17106159031391144,1171.1892
1.0,-0.002269586781039834,-0.14344973862171173,1171.1892
1.0,-0.0017345744417980313,-0.19548086822032928,1171.1892
1.0,-0.0023227462079375982,-0.1641586273908615,1171.1892
1.0,-0.0017508419696241617,-0.19812582433223724,1171.1892
1.0,-0.002312128897756338,-0.17536430060863495,1171.1892
1.0,-0.001726784510537982,-0.2212524265050888,1171.1892
1.0,-0.002321637934073806,-0.19350646436214447,1171.1892
1.0,-0.0017698256997391582,-0.22213159501552582,1171.1892
1.0,-0.0023436492774635553,-0.20143760740756989,1171.1892
1.0,-0.0017603900050744414,-0.2446994036436081,1171.1892
1.0,-0.00238520628772676,-0.21649523079395294,1171.1892
1.0,-0.0017797020263969898,-0.24349240958690643,1171.1892
1.0,-0.0024333326146006584,-0.2242177575826645,1171.1892
1.0,-0.0017796364845708013,-0.2672932744026184,1171.1892
1.0,-0.0023897949140518904,-0.2424008995294571,1171.1892
1.0,-0.0018426269525662065,-0.26676055788993835,1171.1892
1.0,-0.0023947423323988914,-0.2512819766998291,1171.1892
1.0,-0.0018325203564018011,-0.2902485132217407,1171.1892
1.0,-0.0024044672027230263,-0.26668232679367065,1171.1892
1.0,-0.0018733502365648746,-0.28896328806877136,1171.1892
1.0,-0.002420193748548627,-0.27269867062568665,1171.1892
1.0,-0.0018554863054305315,-0.31100210547447205,1171.1892
1.0,-0.002407005289569497,-0.2837143540382385,1171.1892
1.0,-0.0018493316601961851,-0.2946331799030304,1171.1892
1.0,-0.0023772879503667355,-0.2628639042377472,1171.1892
1.0,-0.0018125007627531886,-0.27415525913238525,1171.1892
1.0,-0.00237291376106441,-0.21408496797084808,1171.1892
1.0,-0.0017219652654603124,-0.21547450125217438,1171.1892
1.0,-0.0022834232077002525,-0.15609709918498993,1171.1892
1.0,-0.0016680932603776455,-0.16070155799388885,1171.1892
1.0,-0.0022289464250206947,-0.09867548197507858,1171.1892
1.0,-0.0016145912231877446,-0.09892507642507553,1171.1892
1.0,-0.00208369642496109,-0.035196539014577866,1171.1892
1.0,-0.0014646454947069287,-0.04354118928313255,1171.1892
1.0,-0.00200069323182106,0.011656432412564754,1171.1892
1.0,-0.0014458798104897141,0.002097338205203414,1171.1892
1.0,-0.0019575527403503656,0.06106868013739586,1171.1892
1.0,-0.0013079612981528044,0.047806646674871445,1171.1892
1.0,-0.0019023362547159195,0.09876488894224167,1171.1892
1.0,-0.0012677570339292288,0.08809193223714828,1171.1892
1.0,-0.0018721517408266664,0.14449281990528107,1171.1892
1.0,-0.0011370741995051503,0.13178585469722748,1171.1892
1.0,-0.0018292521126568317,0.18006934225559235,1171.1892
1.0,-0.0010995796183124185,0.1730322688817978,1171.1892
1.0,-0.001734103076159954,0.22216884791851044,1171.1892
1.0,-0.0009990028338506818,0.21292640268802643,1171.1892
1.0,-0.0016636919463053346,0.2518184185028076,1171.1892
1.0,-0.0010260245762765408,0.23159383237361908,1171.1892
1.0,-0.001698724110610783,0.26334819197654724,1171.1892
1.0,-0.0010557633358985186,0.2348013073205948,1171.1892
1.0,-0.0016971745062619448,0.25758516788482666,1171.1892
1.0,-0.001085898489691317,0.23181362450122833,1171.1892
1.0,-0.00170370121486485,0.24459509551525116,1171.1892
1.0,-0.0011188493808731437,0.20042432844638824,1171.1892
1.0,-0.0017368620028719306,0.21637602150440216,1171.1892
1.0,-0.0011999547714367509,0.18005071580410004,1171.1892
1.0,-0.0017360033234581351,0.18398462235927582,1171.1892
1.0,-0.0012175914598628879,0.14289094507694244,1171.1892
1.0,-0.0016998921055346727,0.15761329233646393,1171.1892
1.0,-0.0012835401576012373,0.11767073720693588,1171.1892
1.0,-0.0017894105985760689,0.12224166840314865,1171.1892
1.0,-0.0013193815248087049,0.08069350570440292,1171.1892
1.0,-0.0017677126452326775,0.09439512342214584,1171.1892
1.0,-0.0013865828514099121,0.05653127655386925,1171.1892
1.0,-0.0018741466337814927,0.06413086503744125,1171.1892
1.0,-0.0014128703624010086,0.02142414264380932,1171.1892
1.0,-0.001873569330200553,0.04057958349585533,1171.1892
1.0,-0.0014939511893317103,-0.0014491378096863627,1171.1892
1.0,-0.0020020771771669388,0.011641531251370907,1171.1892
1.0,-0.0015098419971764088,-0.032335516065359116,1171.1892
1.0,-0.0019777368288487196,-0.008404253982007504,1171.1892
1.0,-0.0015601508785039186,-0.04941597208380699,1171.1892
1.0,-0.0021023694425821304,-0.03358348831534386,1171.1892
1.0,-0.001553463051095605,-0.07732956856489182,1171.1892
1.0,-0.0020615903194993734,-0.05085765942931175,1171.1892
1.0,-0.001597277238033712,-0.09153037518262863,1171.1892
1.0,-0.0021817535161972046,-0.06775184720754623,1171.1892
1.0,-0.001637728069908917,-0.12014060467481613,1171.1892
1.0,-0.002215050859376788,-0.08997692912817001,1171.1892
1.0,-0.0016715778037905693,-0.1268833726644516,1171.1892
1.0,-0.002249936107546091,-0.1043863520026207,1171.1892
1.0,-0.0016627557342872024,-0.15192849934101105,1171.1892
1.0,-0.0022293501533567905,-0.12481584399938583,1171.1892
1.0,-0.0016976292245090008,-0.1542903333902359,1171.1892
1.0,-0.002243882045149803,-0.13580916821956635,1171.1892
1.0,-0.0016925496747717261,-0.17931310832500458,1171.1892
1.0,-0.002284435788169503,-0.1533701866865158,1171.1892
1.0,-0.0017271180404350162,-0.181961789727211,1171.1892
1.0,-0.002265387447550893,-0.15753506124019623,1171.1892
1.0,-0.00172635936178267,-0.19200889766216278,1171.1892
1.0,-0.0022533985320478678,-0.14704091846942902,1171.1892
1.0,-0.0017300699837505817,-0.16894935071468353,1171.1892
1.0,-0.0022237864322960377,-0.12248008698225021,1171.1892
1.0,-0.0016865190118551254,-0.14054401218891144,1171.1892
1.0,-0.0022212706971913576,-0.084549181163311,1171.1892
1.0,-0.0016393380938097835,-0.10080262273550034,1171.1892
1.0,-0.0021834499202668667,-0.04197656735777855,1171.1892
1.0,-0.0015624489169567823,-0.05692988261580467,1171.1892
1.0,-0.0021393042989075184,0.003051012521609664,1171.1892
1.0,-0.0014902252005413175,-0.011406837962567806,1171.1892
1.0,-0.0020742365159094334,0.04804879054427147,1171.1892
1.0,-0.0014041457325220108,0.03372132405638695,1171.1892
1.0,-0.002015103818848729,0.08950754255056381,1171.1892
1.0,-0.0013388498919084668,0.07281824201345444,1171.1892
1.0,-0.0019700832199305296,0.12414901703596115,1171.1892
1.0,-0.0013025394873693585,0.10368599742650986,1171.1892
1.0,-0.0019311828073114157,0.14993174374103546,1171.1892
1.0,-0.0012797537492588162,0.12369825690984726,1171.1892
1.0,-0.0018984301714226604,0.16535444557666779,1171.1892
1.0,-0.00125672179274261,0.13401730358600616,1171.1892
1.0,-0.0018780749524012208,0.17186997830867767,1171.1892
1.0,-0.0013024170184507966,0.13702361285686493,1171.1892
1.0,-0.00194515788462013,0.16127897799015045,1171.1892
1.0,-0.001296701841056347,0.12267007678747177,1171.1892
1.0,-0.0018274610629305243,0.1435801237821579,1171.1892
1.0,-0.001313496264629066,0.11220946162939072,1171.1892
1.0,-0.001838039723224938,0.12290849536657333,1171.1892
1.0,-0.001350249396637082,0.07844343036413193,1171.1892
1.0,-0.0018682952504605055,0.09624659270048141,1171.1892
1.0,-0.0014075890649110079,0.06464122980833054,1171.1892
1.0,-0.0018826384330168366,0.07055699080228806,1171.1892
1.0,-0.0013797637075185776,0.03285333141684532,1171.1892
1.0,-0.0018443259177729487,0.050339844077825546,1171.1892
1.0,-0.0014438462676480412,0.01576542668044567,1171.1892
1.0,-0.0019418996525928378,0.028520820662379265,1171.1892
1.0,-0.0015054641989991069,-0.017523763701319695,1171.1892
1.0,-0.001982837449759245,0.0009313225164078176,1171.1892
1.0,-0.001556707895360887,-0.02991035394370556,1171.1892
1.0,-0.0020106323063373566,-0.01636519841849804,1171.1892
1.0,-0.0015668529085814953,-0.06157159432768822,1171.1892
1.0,-0.0020482689142227173,-0.040918584913015366,1171.1892
1.0,-0.0016118999337777495,-0.070806585252285,1171.1892
1.0,-0.002074651885777712,-0.05652010068297386,1171.1892
1.0,-0.0016160889063030481,-0.10032578557729721,1171.1892
1.0,-0.0020974474027752876,-0.07855891436338425,1171.1892
1.0,-0.0016551576554775238,-0.1038871631026268,1171.1892
1.0,-0.0021064102184027433,-0.08390843123197556,1171.1892
1.0,-0.001645413925871253,-0.11834501475095749,1171.1892
1.0,-0.002121763536706567,-0.0806078240275383,1171.1892
1.0,-0.0017036476638168097,-0.1042485162615776,1171.1892
1.0,-0.0022061497438699007,-0.07439776510000229,1171.1892
1.0,-0.0016461416380479932,-0.09478627890348434,1171.1892
1.0,-0.0021125474013388157,-0.05263089761137962,1171.1892
1.0,-0.0015907924389466643,-0.07279961556196213,1171.1892
1.0,-0.0021063885651528835,-0.03036111406981945,1171.1892
1.0,-0.0015550371026620269,-0.04743039235472679,1171.1892
1.0,-0.0020738360472023487,-0.005092471372336149,1171.1892
1.0,-0.0015067575732246041,-0.0214651208370924,1171.1892
1.0,-0.0020445729605853558,0.021792946383357048,1171.1892
1.0,-0.001467440975829959,0.005725770723074675,1171.1892
1.0,-0.002010698663070798,0.04837661609053612,1171.1892
1.0,-0.0014278109883889556,0.030640510842204094,1171.1892
1.0,-0.001975774299353361,0.0712275430560112,1171.1892
1.0,-0.0013912311987951398,0.05250796303153038,1171.1892
1.0,-0.001938943867571652,0.09015574306249619,1171.1892
1.0,-0.001368638826534152,0.06891413778066635,1171.1892
1.0,-0.001911819796077907,0.10344012826681137,1171.1892
1.0,-0.0013564209220930934,0.07908790558576584,1171.1892
1.0,-0.0018936493434011936,0.1125149354338646,1171.1892
1.0,-0.0013958299532532692,0.08794664591550827,1171.1892
1.0,-0.001948711695149541,0.10970234125852585,1171.1892
1.0,-0.0013760925503447652,0.07970630377531052,1171.1892
1.0,-0.0018632194260135293,0.1029781922698021,1171.1892
1.0,-0.001960768597200513,0.07990001887083054,1171.1892
1.0,-0.0018675788305699825,0.09581445902585983,1171.1892
1.0,-0.0013866343069821596,0.05719810351729393,1171.1892
1.0,-0.0018837528768926859,0.07729976624250412,1171.1892
1.0,-0.002014792524278164,0.049911435693502426,1171.1892
1.0,-0.0018988355295732617,0.06276368349790573,1171.1892
1.0,-0.0014519584365189075,0.02037361077964306,1171.1892
1.0,-0.0019251564517617226,0.03929063305258751,1171.1892
1.0,-0.0020811217837035656,0.01079216506332159,1171.1892
1.0,-0.001945267547853291,0.02385675720870495,1171.1892
1.0,-0.0015129701932892203,-0.01841038279235363,1171.1892
1.0,-0.001974706770852208,0.0024288890417665243,1171.1892
1.0,-0.002135702408850193,-0.024121252819895744,1171.1892
1.0,-0.0019907152745872736,-0.008501111529767513,1171.1892
1.0,-0.0015539354644715786,-0.04738941416144371,1171.1892
1.0,-0.0020153941586613655,-0.022668389603495598,1171.1892
1.0,-0.00216316687874496,-0.04462524875998497,1171.1892
1.0,-0.0020243357867002487,-0.025004146620631218,1171.1892
1.0,-0.0015674681635573506,-0.058334317058324814,1171.1892
1.0,-0.0020381880458444357,-0.029236076399683952,1171.1892
1.0,-0.002157794078812003,-0.045936550945043564,1171.1892
1.0,-0.002036586869508028,-0.02247467450797558,1171.1892
1.0,-0.0015521409222856164,-0.0499822162091732,1171.1892
1.0,-0.002039114711806178,-0.017032025381922722,1171.1892
1.0,-0.002126402221620083,-0.029414890334010124,1171.1892
1.0,-0.002026580972597003,-0.0029318032320588827,1171.1892
1.0,-0.0015142724150791764,-0.02656504325568676,1171.1892
1.0,-0.00201769033446908,0.013727693818509579,1171.1892
1.0,-0.0015506534837186337,-0.00489875627681613,1171.1892
1.0,-0.002083535073325038,0.024303792044520378,1171.1892
1.0,-0.0015016585821285844,0.004846602212637663,1171.1892
1.0,-0.0019762751180678606,0.04234909638762474,1171.1892
1.0,-0.0014559011906385422,0.02025812678039074,1171.1892
1.0,-0.0019686315208673477,0.056836750358343124,1171.1892
1.0,-0.0014858971117064357,0.03711133822798729,1171.1892
1.0,-0.0020196139812469482,0.0633336529135704,1171.1892
1.0,-0.0014396746410056949,0.04073604568839073,1171.1892
1.0,-0.0019176615169271827,0.07016583532094955,1171.1892
1.0,-0.0019947849214076996,0.05540251359343529,1171.1892
1.0,-0.0019051068229600787,0.07756426185369492,1171.1892
1.0,-0.0014023116091266274,0.04849955067038536,1171.1892
1.0,-0.0019000438041985035,0.0753849670290947,1171.1892
1.0,-0.00199916772544384,0.057112421840429306,1171.1892
1.0,-0.001893587177619338,0.07575004547834396,1171.1892
1.0,-0.0014156565302982926,0.04260241612792015,1171.1892
1.0,-0.0018978448351845145,0.0669732615351677,1171.1892
1.0,-0.0020247793290764093,0.045742835849523544,1171.1892
1.0,-0.0019000410102307796,0.06235763058066368,1171.1892
1.0,-0.0014456487260758877,0.02649053744971752,1171.1892
1.0,-0.0019127436680719256,0.049557533115148544,1171.1892
1.0,-0.002059823600575328,0.026829538866877556,1171.1892
1.0,-0.0019192961044609547,0.042807307094335556,1171.1892
1.0,-0.001479871803894639,0.00626221252605319,1171.1892
1.0,-0.0019357581622898579,0.02958252839744091,1171.1892
1.0,-0.0020916336216032505,0.0073760743252933025,1171.1892
1.0,-0.001943377312272787,0.02422928623855114,1171.1892
1.0,-0.0015065167099237442,-0.011056660674512386,1171.1892
1.0,-0.001958658453077078,0.013872980140149593,1171.1892
1.0,-0.002111047273501754,-0.006299465429037809,1171.1892
1.0,-0.0019636484794318676,0.012408941052854061,1171.1892
1.0,-0.0015188942197710276,-0.020191071555018425,1171.1892
1.0,-0.001974775455892086,0.007022171746939421,1171.1892
1.0,-0.0021136279683560133,-0.010371207259595394,1171.1892
1.0,-0.0019740555435419083,0.010356306098401546,1171.1892
1.0,-0.0015148835955187678,-0.019080935046076775,1171.1892
1.0,-0.0019793822430074215,0.010289250873029232,1171.1892
1.0,-0.0021005263552069664,-0.004611908923834562,1171.1892
1.0,-0.0019725218880921602,0.017836688086390495,1171.1892
1.0,-0.001497669261880219,-0.009112059138715267,1171.1892
1.0,-0.001971116056665778,0.02166256122291088,1171.1892
1.0,-0.002076956210657954,0.008236615918576717,1171.1892
1.0,-0.001959526911377907,0.031553205102682114,1171.1892
1.0,-0.0014740993501618505,0.005744397174566984,1171.1892
1.0,-0.001953717553988099,0.036638226360082626,1171.1892
1.0,-0.0020525632426142693,0.023480502888560295,1171.1892
1.0,-0.0019391956739127636,0.046432014554739,1171.1892
1.0,-0.0014518063981086016,0.020347533747553825,1171.1892
1.0,-0.0019319778075441718,0.05031376704573631,1171.1892
1.0,-0.0020346760284155607,0.03629549965262413,1171.1892
1.0,-0.0019178134389221668,0.05795061215758324,1171.1892
1.0,-0.0020179369021207094,0.030405817553400993,1171.1892
1.0,-0.0019130801083520055,0.058665867894887924,1171.1892
1.0,-0.0020282925106585026,0.04306435212492943,1171.1892
1.0,-0.0019024255452677608,0.06309150904417038,1171.1892
1.0,-0.0020160761196166277,0.03358348831534386,1171.1892
1.0,-0.001901808544062078,0.06012245640158653,1171.1892
1.0,-0.0020332399290055037,0.04277750477194786,1171.1892
1.0,-0.0018961969763040543,0.061355527490377426,1171.1892
1.0,-0.0020256766583770514,0.02991407923400402,1171.1892
1.0,-0.0019002346089109778,0.05526840314269066,1171.1892
1.0,-0.002047363668680191,0.036694105714559555,1171.1892
1.0,-0.0018986755749210715,0.054407861083745956,1171.1892
1.0,-0.0020407962147146463,0.0219345074146986,1171.1892
1.0,-0.001906254910863936,0.04676729068160057,1171.1892
1.0,-0.0020638068672269583,0.027820466086268425,1171.1892
1.0,-0.0019069870468229055,0.045374032109975815,1171.1892
1.0,-0.0020564571022987366,0.012885778211057186,1171.1892
1.0,-0.001916371053084731,0.03808736428618431,1171.1892
1.0,-0.0020773964934051037,0.01963972859084606,1171.1892
1.0,-0.0019170361338183284,0.03774091228842735,1171.1892
1.0,-0.0020670611411333084,0.006146728526800871,1171.1892
1.0,-0.0019253573846071959,0.03220885619521141,1171.1892
1.0,-0.0020836307667195797,0.014968215487897396,1171.1892
1.0,-0.0019240539986640215,0.03397464379668236,1171.1892
1.0,-0.0020695955026894808,0.0038519499357789755,1171.1892
1.0,-0.0019298975821584463,0.030990688130259514,1171.1892
1.0,-0.0020810726564377546,0.015120952390134335,1171.1892
1.0,-0.001925886608660221,0.03499537333846092,1171.1892
1.0,-0.002064664149656892,0.006385147105902433,1171.1892
1.0,-0.0019287258619442582,0.03432482108473778,1171.1892
1.0,-0.002072524046525359,0.019546596333384514,1171.1892
1.0,-0.0019220816902816296,0.040039416402578354,1171.1892
1.0,-0.002054804703220725,0.01242756750434637,1171.1892
1.0,-0.0019220639951527119,0.040780749171972275,1171.1892
1.0,-0.0020606121979653835,0.02652779035270214,1171.1892
1.0,-0.001912883948534727,0.04712119325995445,1171.1892
1.0,-0.002043624874204397,0.01982971839606762,1171.1892
1.0,-0.0019113457528874278,0.04800781235098839,1171.1892
1.0,-0.0020503243431448936,0.03370269760489464,1171.1892
1.0,-0.001901293988339603,0.053919848054647446,1171.1892
1.0,-0.002034594537690282,0.026259569451212883,1171.1892
1.0,-0.001899875234812498,0.05381553992629051,1171.1892
1.0,-0.0020441291853785515,0.038973983377218246,1171.1892
1.0,-0.001891011488623917,0.05851685628294945,1171.1892
1.0,-0.0020306177902966738,0.030100343748927116,1171.1892
1.0,-0.0018903771415352821,0.056874003261327744,1171.1892
1.0,-0.0020429419819265604,0.04126131162047386,1171.1892
1.0,-0.0018836254021152854,0.060029324144124985,1171.1892
1.0,-0.0020320573821663857,0.030741093680262566,1171.1892
1.0,-0.001885275705717504,0.05681439861655235,1171.1892
1.0,-0.002046851208433509,0.040587034076452255,1171.1892
1.0,-0.001880422467365861,0.05879997834563255,1171.1892
1.0,-0.002036935882642865,0.028815118595957756,1171.1892
1.0,-0.0018842545105144382,0.05447864159941673,1171.1892
1.0,-0.0020535695366561413,0.03793090209364891,1171.1892
1.0,-0.0018807908054441214,0.05585327371954918,1171.1892
1.0,-0.0020437263883650303,0.02566724829375744,1171.1892
1.0,-0.001885615405626595,0.05122646316885948,1171.1892
1.0,-0.0020597788970917463,0.03482028469443321,1171.1892
1.0,-0.0018825941951945424,0.052791085094213486,1171.1892
1.0,-0.002048901282250881,0.022880731150507927,1171.1892
1.0,-0.0018880226416513324,0.04869699105620384,1171.1892
1.0,-0.002063499065116048,0.03272667154669762,1171.1892
1.0,-0.0018847539322450757,0.05099176988005638,1171.1892
1.0,-0.002050788374617696,0.02168118767440319,1171.1892
1.0,-0.001889207400381565,0.04788115248084068,1171.1892
1.0,-0.0020634285174310207,0.032488252967596054,1171.1892
1.0,-0.001884975703433156,0.05108490213751793,1171.1892
1.0,-0.0020498454105108976,0.02245977334678173,1171.1892
1.0,-0.0018877263646572828,0.049035992473363876,1171.1892
1.0,-0.0020600396674126387,0.034201886504888535,1171.1892
1.0,-0.0018822894198819995,0.0530928336083889,1171.1892
1.0,-0.0020459224469959736,0.025033948943018913,1171.1892
1.0,-0.0018836857052519917,0.05182623490691185,1171.1892
1.0,-0.0020548964384943247,0.03738328441977501,1171.1892
1.0,-0.0018772361800074577,0.05634501203894615,1171.1892
1.0,-0.0020411007571965456,0.028595326468348503,1171.1892
1.0,-0.0018778446828946471,0.05535035952925682,1171.1892
1.0,-0.0020494156051427126,0.04101916775107384,1171.1892
1.0,-0.0018708975985646248,0.05984678491950035,1171.1892
1.0,-0.002036498626694083,0.032022591680288315,1171.1892
1.0,-0.0018713229801505804,0.05854665860533714,1171.1892
1.0,-0.00204623700119555,0.044107433408498764,1171.1892
1.0,-0.0018642193172127008,0.06264819949865341,1171.1892
1.0,-0.0020338487811386585,0.0346451960504055,1171.1892
1.0,-0.0018647840479388833,0.06083398684859276,1171.1892
1.0,-0.0020445561967790127,0.0461675189435482,1171.1892
1.0,-0.0018588470993563533,0.06435438245534897,1171.1892
1.0,-0.0020332378335297108,0.03602355346083641,1171.1892
1.0,-0.001859938376583159,0.061880793422460556,1171.1892
1.0,-0.002044911030679941,0.04703923687338829,1171.1892
1.0,-0.0018542942125350237,0.06489827483892441,1171.1892
1.0,-0.00203437521122396,0.03636628016829491,1171.1892
1.0,-0.0018565565114840865,0.061973925679922104,1171.1892
1.0,-0.0020465506240725517,0.04707276448607445,1171.1892
1.0,-0.0018519321456551552,0.06474926322698593,1171.1892
1.0,-0.0020362730138003826,0.03612041100859642,1171.1892
1.0,-0.0018547461368143559,0.061646100133657455,1171.1892
1.0,-0.0020482384134083986,0.04680081829428673,1171.1892
1.0,-0.0018502188613638282,0.06440653651952744,1171.1892
1.0,-0.0020373696461319923,0.035893168300390244,1171.1892
1.0,-0.0018529897788539529,0.06142258271574974,1171.1892
1.0,-0.002049181377515197,0.04674866423010826,1171.1892
1.0,-0.001848387299105525,0.06438418477773666,1171.1892
1.0,-0.002037943573668599,0.03612413629889488,1171.1892
1.0,-0.00185105309356004,0.061761584132909775,1171.1892
1.0,-0.002048791851848364,0.04736333712935448,1171.1892
1.0,-0.0018461960135027766,0.06506218761205673,1171.1892
1.0,-0.0020373163279145956,0.03707781061530113,1171.1892
1.0,-0.001848398009315133,0.06280466169118881,1171.1892
1.0,-0.0020471406169235706,0.04871561750769615,1171.1892
1.0,-0.0018430050695315003,0.06646662205457687,1171.1892
1.0,-0.002035135868936777,0.038754191249608994,1171.1892
1.0,-0.0018444686429575086,0.06452947109937668,1171.1892
1.0,-0.0020445373374968767,0.05062296614050865,1171.1892
1.0,-0.0018388968892395496,0.06834416836500168,1171.1892
1.0,-0.0020329742692410946,0.04076957330107689,1171.1892
1.0,-0.0018401230918243527,0.0665225014090538,1171.1892
1.0,-0.0020422539673745632,0.05275755748152733,1171.1892
1.0,-0.0018341057002544403,0.07038562744855881,1171.1892
1.0,-0.0020307465456426144,0.0428520105779171,1171.1892
1.0,-0.0018352807965129614,0.06848572939634323,1171.1892
1.0,-0.0020402311347424984,0.05475058779120445,1171.1892
1.0,-0.0018290537409484386,0.07220729440450668,1171.1892
1.0,-0.002028924645856023,0.04471838101744652,1171.1892
1.0,-0.001830322202295065,0.0701807364821434,1171.1892
1.0,-0.0020386124961078167,0.05646422132849693,1171.1892
1.0,-0.0018246532417833805,0.07374583929777145,1171.1892
1.0,-0.0020282508339732885,0.0461973212659359,1171.1892
1.0,-0.0018259574426338077,0.07148831337690353,1171.1892
1.0,-0.0020382471848279238,0.0577978752553463,1171.1892
1.0,-0.0018202505307272077,0.07492675632238388,1171.1892
1.0,-0.0020276496652513742,0.04735216125845909,1171.1892
1.0,-0.0018219442572444677,0.07248669117689133,1171.1892
1.0,-0.0020378977060317993,0.05889683589339256,1171.1892
1.0,-0.001816408010199666,0.07589160650968552,1171.1892
1.0,-0.0020267735235393047,0.0483095608651638,1171.1892
1.0,-0.0018185942899435759,0.07339193671941757,1171.1892
1.0,-0.002037569647654891,0.059895213693380356,1171.1892
1.0,-0.001813132083043456,0.076822929084301,1171.1892
1.0,-0.0020262773614376783,0.049304213374853134,1171.1892
1.0,-0.0018155004363507032,0.07431208342313766,1171.1892
1.0,-0.002037681872025132,0.06099789962172508,1171.1892
1.0,-0.0018097828142344952,0.07783248275518417,1171.1892
1.0,-0.0020257795695215464,0.05042552575469017,1171.1892
1.0,-0.0018116391729563475,0.07538124173879623,1171.1892
1.0,-0.002036546589806676,0.06221606954932213,1171.1892
1.0,-0.0018062056042253971,0.07902457565069199,1171.1892
1.0,-0.0020250717643648386,0.05178153142333031,1171.1892
1.0,-0.001808145665563643,0.07670744508504868,1171.1892
1.0,-0.0020352283027023077,0.06373225897550583,1171.1892
1.0,-0.001802379498258233,0.0804997906088829,1171.1892
1.0,-0.0020235092379152775,0.053390856832265854,1171.1892
1.0,-0.0018039830029010773,0.07826461642980576,1171.1892
1.0,-0.002033446216955781,0.06541981548070908,1171.1892
1.0,-0.001797834993340075,0.08209794014692307,1171.1892
1.0,-0.0020217380952090025,0.05505606159567833,1171.1892
1.0,-0.0017995230155065656,0.07986649125814438,1171.1892
1.0,-0.0020318820606917143,0.06718560308218002,1171.1892
1.0,-0.0017934085335582495,0.08401273936033249,1171.1892
1.0,-0.0020151950884610415,0.05715340003371239,1171.1892
1.0,-0.0018127580406144261,0.08278339356184006,1171.1892
1.0,-0.00202413322404027,0.06855650991201401,1171.1892
1.0,-0.0018110123928636312,0.08643045276403427,1171.1892
1.0,-0.002013987163081765,0.057812776416540146,1171.1892
1.0,-0.0018108190270140767,0.08436291664838791,1171.1892
1.0,-0.0020243676844984293,0.07015465945005417,1171.1892
1.0,-0.0018067496130242944,0.08827819675207138,1171.1892
1.0,-0.0020126057788729668,0.05960836634039879,1171.1892
1.0,-0.001805297564715147,0.0860467478632927,1171.1892
1.0,-0.0020222575403749943,0.07194279879331589,1171.1892
1.0,-0.001801894512027502,0.09007751196622849,1171.1892
1.0,-0.0020109505858272314,0.061355527490377426,1171.1892
1.0,-0.001800416735932231,0.08769705146551132,1171.1892
1.0,-0.002020374173298478,0.07364153116941452,1171.1892
1.0,-0.0017973529174923897,0.09164213389158249,1171.1892
1.0,-0.00200906815007329,0.06296857446432114,1171.1892
1.0,-0.0017961777048185468,0.08920951932668686,1171.1892
1.0,-0.00201880163513124,0.07523968070745468,1171.1892
1.0,-0.00179328303784132,0.09312107414007187,1171.1892
1.0,-0.0020081372931599617,0.06451829522848129,1171.1892
1.0,-0.0017922696424648166,0.0906437560915947,1171.1892
1.0,-0.0020172789227217436,0.076822929084301,1171.1892
1.0,-0.0017893443582579494,0.09462236613035202,1171.1892
1.0,-0.00200613122433424,0.06607546657323837,1171.1892
1.0,-0.001788291148841381,0.0921599492430687,1171.1892
1.0,-0.002015859354287386,0.0784173533320427,1171.1892
1.0,-0.001785484841093421,0.09613483399152756,1171.1892
1.0,-0.002004345878958702,0.0676475390791893,1171.1892
1.0,-0.0017842702800408006,0.09369104355573654,1171.1892
1.0,-0.0020138768013566732,0.08011608570814133,1171.1892
1.0,-0.0017811384750530124,0.0977739617228508,1171.1892
1.0,-0.002002186607569456,0.0693686231970787,1171.1892
1.0,-0.0017803908558562398,0.09535997360944748,1171.1892
1.0,-0.0020119505934417248,0.08191167563199997,1171.1892
1.0,-0.001777194906026125,0.0995248481631279,1171.1892
1.0,-0.002000073902308941,0.07122381776571274,1171.1892
1.0,-0.0017762950155884027,0.09718536585569382,1171.1892
1.0,-0.0020098802633583546,0.08388980478048325,1171.1892
1.0,-0.0017729332903400064,0.10140984505414963,1171.1892
1.0,-0.001997814979404211,0.07317214459180832,1171.1892
1.0,-0.001771800802089274,0.09907408803701401,1171.1892
1.0,-0.0020073375198990107,0.08586420863866806,1171.1892
1.0,-0.0017688284860923886,0.10333209484815598,1171.1892
1.0,-0.001995556987822056,0.07516517490148544,1171.1892
1.0,-0.0017673989059403539,0.10095535963773727,1171.1892
1.0,-0.0020052206236869097,0.08787959069013596,1171.1892
1.0,-0.001764028682373464,0.10522826761007309,1171.1892
1.0,-0.001993009354919195,0.07712095230817795,1171.1892
1.0,-0.001762872445397079,0.10283663123846054,1171.1892
1.0,-0.002002684399485588,0.08987634629011154,1171.1892
1.0,-0.0017597399419173598,0.10716169327497482,1171.1892
1.0,-0.0019905581139028072,0.07908418029546738,1171.1892
1.0,-0.0017587008187547326,0.10476260632276535,1171.1892
1.0,-0.002000509761273861,0.0919252559542656,1171.1892
1.0,-0.0017553451471030712,0.1090913936495781,1171.1892
1.0,-0.0019880023319274187,0.08109211176633835,1171.1892
1.0,-0.0017544229049235582,0.10668858140707016,1171.1892
1.0,-0.001998205203562975,0.09395553916692734,1171.1892
1.0,-0.00175136246252805,0.11105834692716599,1171.1892
1.0,-0.0019859697204083204,0.08311866968870163,1171.1892
1.0,-0.0017500303220003843,0.10862945765256882,1171.1892
1.0,-0.001995696220546961,0.09605660289525986,1171.1892
1.0,-0.0017468644073233008,0.11311843246221542,1171.1892
1.0,-0.001982954563573003,0.08517875522375107,1171.1892
1.0,-0.0017455753404647112,0.11064111441373825,1171.1892
1.0,-0.0019930910784751177,0.09815766662359238,1171.1892
1.0,-0.0017425362020730972,0.11510028690099716,1171.1892
1.0,-0.001980422530323267,0.08724629133939743,1171.1892
1.0,-0.0017414458561688662,0.1126117929816246,1171.1892
1.0,-0.0019907199312001467,0.1002587303519249,1171.1892
1.0,-0.001738355029374361,0.11712311953306198,1171.1892
1.0,-0.0019778639543801546,0.08932127803564072,1171.1892
1.0,-0.0017367892432957888,0.11461599916219711,1171.1892
1.0,-0.0019879022147506475,0.10238214582204819,1171.1892
1.0,-0.0017341265920549631,0.11442973464727402,1171.1892
1.0,-0.0019345494220033288,0.09417533129453659,1171.1892
1.0,-0.0016973698511719704,0.11792405694723129,1171.1892
1.0,-0.0019381698220968246,0.10368599742650986,1171.1892
1.0,-0.0017278864979743958,0.11722370237112045,1171.1892
1.0,-0.0019208785379305482,0.09641050547361374,1171.1892
1.0,-0.0016977698542177677,0.11971219629049301,1171.1892
1.0,-0.0019383897306397557,0.10526179522275925,1171.1892
1.0,-0.0017237381543964148,0.11842697113752365,1171.1892
1.0,-0.0019187573343515396,0.09752436727285385,1171.1892
1.0,-0.0016955944010987878,0.12077390402555466,1171.1892
1.0,-0.0019375821575522423,0.10645388811826706,1171.1892
1.0,-0.001720932312309742,0.11967494338750839,1171.1892
1.0,-0.0019181014504283667,0.09888037294149399,1171.1892
1.0,-0.0016934163868427277,0.12208893150091171,1171.1892
1.0,-0.0019359046127647161,0.10801851004362106,1171.1892
1.0,-0.0017180264694616199,0.1212879940867424,1171.1892
1.0,-0.0019159094663336873,0.1006200835108757,1171.1892
1.0,-0.0016911306884139776,0.12389197200536728,1171.1892
1.0,-0.001933022402226925,0.1100003644824028,1171.1892
1.0,-0.001714304555207491,0.12332572788000107,1171.1892
1.0,-0.0019126516999676824,0.10281427949666977,1171.1892
1.0,-0.001688019372522831,0.12606753408908844,1171.1892
1.0,-0.001929881633259356,0.11239200085401535,1171.1892
1.0,-0.0017100282711908221,0.12573225796222687,1171.1892
1.0,-0.001909006736241281,0.10534747689962387,1171.1892
1.0,-0.0016844148049131036,0.12834741175174713,1171.1892
1.0,-0.001926411292515695,0.11486931890249252,1171.1892
1.0,-0.0017053033225238323,0.12823565304279327,1171.1892
1.0,-0.001906357822008431,0.10790302604436874,1171.1892
1.0,-0.0016808408545330167,0.1308247298002243,1171.1892
1.0,-0.0019229784375056624,0.11742859333753586,1171.1892
1.0,-0.0017010144656524062,0.1306794434785843,1171.1892
1.0,-0.001902915770187974,0.11036916822195053,1171.1892
1.0,-0.0016768346540629864,0.13304127752780914,1171.1892
1.0,-0.0019205702701583505,0.11981650441884995,1171.1892
1.0,-0.0016961812507361174,0.13292579352855682,1171.1892
1.0,-0.0019003765191882849,0.1126713976264,1171.1892
1.0,-0.0016808160580694675,0.13928113877773285,1171.1892
1.0,-0.0019000280881300569,0.13123078644275665,1171.1892
1.0,-0.0016729001654312015,0.15207378566265106,1171.1892
1.0,-0.001906055142171681,0.12829898297786713,1171.1892
1.0,-0.0016641109250485897,0.15541909635066986,1171.1892
1.0,-0.0019094723975285888,0.14701484143733978,1171.1892
1.0,-0.0016485194209963083,0.1615881770849228,1171.1892
1.0,-0.0018647649558261037,0.14387814700603485,1171.1892
1.0,-0.0016085407696664333,0.16941873729228973,1171.1892
1.0,-0.0018570669926702976,0.15960632264614105,1171.1892
1.0,-0.0016136578051373363,0.1756623238325119,1171.1892
1.0,-0.0018321521347388625,0.15835462510585785,1171.1892
1.0,-0.0015867088222876191,0.18343327939510345,1171.1892
1.0,-0.0018396658124402165,0.17306207120418549,1171.1892
1.0,-0.0015870039351284504,0.1885443776845932,1171.1892
1.0,-0.0018136515282094479,0.17098335921764374,1171.1892
1.0,-0.0015643377555534244,0.19598005712032318,1171.1892
1.0,-0.0018228719709441066,0.1860111802816391,1171.1892
1.0,-0.0015616350574418902,0.20144878327846527,1171.1892
1.0,-0.0017957413801923394,0.18419323861598969,1171.1892
1.0,-0.001542308134958148,0.20894406735897064,1171.1892
1.0,-0.0018044539028778672,0.19916890561580658,1171.1892
1.0,-0.0015372594352811575,0.21457670629024506,1171.1892
1.0,-0.0017770389094948769,0.19741801917552948,1171.1892
1.0,-0.0015213664155453444,0.22195278108119965,1171.1892
1.0,-0.001786471693776548,0.21242348849773407,1171.1892
1.0,-0.0015134287532418966,0.22782383859157562,1171.1892
1.0,-0.0017580616986379027,0.21094827353954315,1171.1892
1.0,-0.0015003031585365534,0.23534147441387177,1171.1892
1.0,-0.0017670111265033484,0.22605060040950775,1171.1892
1.0,-0.0014897629152983427,0.239916130900383,1171.1892
1.0,-0.0017668554792180657,0.2279728502035141,1171.1892
1.0,-0.0014722364721819758,0.2504139840602875,1171.1892
1.0,-0.0017017057398334146,0.23620574176311493,1171.1892
1.0,-0.0014633963583037257,0.2575888931751251,1171.1892
1.0,-0.0017232551472261548,0.24739651381969452,1171.1892
1.0,-0.0014525637961924076,0.261120468378067,1171.1892
1.0,-0.0017320361221209168,0.24937091767787933,1171.1892
1.0,-0.0014240838354453444,0.27126070857048035,1171.1892
1.0,-0.0016729680355638266,0.2578869163990021,1171.1892
1.0,-0.0014134779339656234,0.2792253792285919,1171.1892
1.0,-0.001686521340161562,0.2710222899913788,1171.1892
1.0,-0.0013902927748858929,0.2843811810016632,1171.1892
1.0,-0.0016948231495916843,0.2750009000301361,1171.1892
1.0,-0.0013800435699522495,0.29611584544181824,1171.1892
1.0,-0.0016349370125681162,0.28373298048973083,1171.1892
1.0,-0.00137333816383034,0.30443814396858215,1171.1892
1.0,-0.0016473612049594522,0.29689815640449524,1171.1892
1.0,-0.0013498361222445965,0.3103688061237335,1171.1892
1.0,-0.0016570499865338206,0.3011971414089203,1171.1892
1.0,-0.0013441453920677304,0.32188740372657776,1171.1892
1.0,-0.0015970462700352073,0.31012293696403503,1171.1892
1.0,-0.001339118112809956,0.3308131992816925,1171.1892
1.0,-0.0016096244798973203,0.3236904442310333,1171.1892
1.0,-0.0013120148796588182,0.3375708758831024,1171.1892
1.0,-0.001617451780475676,0.3286227285861969,1171.1892
1.0,-0.0013101582881063223,0.3494172990322113,1171.1892
1.0,-0.0015573891578242183,0.33817437291145325,1171.1892
1.0,-0.0013054568553343415,0.3588646352291107,1171.1892
1.0,-0.0015685721300542355,0.35208460688591003,1171.1892
1.0,-0.0012744427658617496,0.3664195239543915,1171.1892
1.0,-0.0015754182823002338,0.35784390568733215,1171.1892
1.0,-0.0012758580269291997,0.3774612843990326,1171.1892
1.0,-0.0015403333818539977,0.3707483112812042,1171.1892
1.0,-0.0012627559481188655,0.38851049542427063,1171.1892
1.0,-0.0015161781338974833,0.38053837418556213,1171.1892
1.0,-0.0012508876388892531,0.3986879885196686,1171.1892
1.0,-0.0014999555423855782,0.3905370533466339,1171.1892
1.0,-0.0012339960085228086,0.4094168245792389,1171.1892
1.0,-0.0014928238233551383,0.4047527611255646,1171.1892
1.0,-0.0012292888714000583,0.4122629463672638,1171.1892
1.0,-0.001502516563050449,0.41390207409858704,1171.1892
1.0,-0.0012314587365835905,0.42015311121940613,1171.1892
1.0,-0.0015170873375609517,0.4262998402118683,1171.1892
1.0,-0.0012458605924621224,0.43150779604911804,1171.1892
1.0,-0.0015163901261985302,0.4396214783191681,1171.1892
1.0,-0.0012393227079883218,0.44392046332359314,1171.1892
1.0,-0.0020853744354099035,0.48041340708732605,1171.1892
1.0,-0.0017682142788544297,0.49811598658561707,1171.1892
1.0,-0.0016807880019769073,0.5329548716545105,1171.1892
1.0,-0.0015522964531555772,0.5452185273170471,1171.1892
1.0,-0.0015887344488874078,0.5658789873123169,1171.1892
1.0,-0.0015623123617842793,0.5916058421134949,1171.1892
1.0,-0.0015158432070165873,0.6236135363578796,1171.1892
1.0,-0.0014255992136895657,0.6356685757637024,1171.1892
1.0,-0.0014426808338612318,0.655658483505249,1171.1892
1.0,-0.001394736347720027,0.6829648613929749,1171.1892
1.0,-0.001343993004411459,0.7020383477210999,1171.1892
1.0,-0.0013566866982728243,0.71845942735672,1171.1892
1.0,-0.001308715553022921,0.737331748008728,1171.1892
1.0,-0.0013207579031586647,0.7532089352607727,1171.1892
1.0,-0.0012791617773473263,0.7694362998008728,1171.1892
1.0,-0.001285663340240717,0.7835924029350281,1171.1892
1.0,-0.001262837671674788,0.7829218506813049,1171.1892
1.0,-0.0013116836780682206,0.7651298642158508,1171.1892
1.0,-0.0012815024238079786,0.7519199848175049,1171.1892
1.0,-0.001348100253380835,0.7457285523414612,1171.1892
1.0,-0.001374933053739369,0.7599815130233765,1171.1892
1.0,-0.0013388650259003043,0.7909535765647888,1171.1892
1.0,-0.0006692329770885408,0.7787346243858337,1171.1892
1.0,-0.0006875100662000477,0.7730274796485901,1171.1892
1.0,-0.0007160547538660467,0.7815732955932617,1171.1892
1.0,-0.0006832627695985138,0.776849627494812,1171.1892
1.0,-0.0006874063401482999,0.7686167359352112,1171.1892
1.0,-0.0008444664417766035,0.7492079734802246,1171.1892
1.0,-0.000737045134883374,0.7274895310401917,1171.1892
1.0,-0.0008482025004923344,0.7201060056686401,1171.1892
1.0,-0.0008415641495957971,0.7068663239479065,1171.1892
1.0,-0.0008561241556890309,0.702708899974823,1171.1892
1.0,-0.0009426831966266036,0.6821601986885071,1171.1892
1.0,-0.0008924864232540131,0.6835236549377441,1171.1892
1.0,-0.0016108296113088727,0.7047205567359924,1171.1892
1.0,-0.0013357617426663637,0.7400214076042175,1171.1892
1.0,-0.0008708217646926641,0.7224827408790588,1171.1892
1.0,-0.0007632825872860849,0.7118433117866516,1171.1892
1.0,-0.0008094717049971223,0.708579957485199,1171.1892
1.0,-0.0008494557114318013,0.7170438170433044,1171.1892
1.0,-0.0013367506908252835,0.7628052830696106,1171.1892
1.0,-0.0012992596020922065,0.7854028940200806,1171.1892
1.0,-0.001363018644042313,0.7937177419662476,1171.1892
1.0,-0.0013598426012322307,0.7671936750411987,1171.1892
1.0,-0.0013494681334123015,0.7611661553382874,1171.1892
1.0,-0.0013213600032031536,0.7959901690483093,1171.1892
1.0,-0.0012560971081256866,0.8346735835075378,1171.1892
1.0,-0.0013113493332639337,0.8430405855178833,1171.1892
1.0,-0.001235594623722136,0.8302330374717712,1171.1892
1.0,-0.0012815220979973674,0.8183344602584839,1171.1892
1.0,-0.0013101218501105905,0.8450000882148743,1171.1892
1.0,-0.0013077290495857596,0.8767991662025452,1171.1892
1.0,-0.0012172196293249726,0.9094178080558777,1171.1892
1.0,-0.0012530125677585602,0.8959471583366394,1171.1892
1.0,-0.0012889794306829572,0.8846297264099121,1171.1892
1.0,-0.0012188233667984605,0.8875950574874878,1171.1892
1.0,-0.0012369058094918728,0.9227543473243713,1171.1892
1.0,-0.0011993520893156528,0.9513943791389465,1171.1892
1.0,-0.0011900749523192644,0.9604542851448059,1171.1892
1.0,-0.001198498997837305,0.9772329926490784,1171.1892
1.0,-0.0012117084115743637,0.9918063282966614,1171.1892
1.0,-0.0012427953770384192,1.0127424001693726,1171.1892
1.0,-0.0012414123630151153,1.0348855257034302,1171.1892
1.0,-0.00120499765034765,1.0495035648345947,1171.1892
1.0,-0.0012062545865774155,1.0697691440582275,1171.1892
1.0,-0.0012438766425475478,1.080870509147644,1171.1892
1.0,-0.0012475771363824606,1.0974555015563965,1171.1892
1.0,-0.0012459444114938378,1.119315505027771,1171.1892
1.0,-0.0012262329692021012,1.133605718612671,1171.1892
1.0,-0.001240318175405264,1.1545716524124146,1171.1892
1.0,-0.0012769564054906368,1.1733471155166626,1171.1892
1.0,-0.0012534522684291005,1.189440369606018,1171.1892
1.0,-0.0012709704460576177,1.214295506477356,1171.1892
1.0,-0.0013145346892997622,1.2330411672592163,1171.1892
1.0,-0.001354292151518166,1.2567638158798218,1171.1892
1.0,-0.0013787520583719015,1.2796818017959595,1171.1892
1.0,-0.0013547874987125397,1.2972502708435059,1171.1892
1.0,-0.0013699409319087863,1.3209878206253052,1171.1892
1.0,-0.001422541099600494,1.3372598886489868,1171.1892
1.0,-0.0014572200598195195,1.360714316368103,1171.1892
1.0,-0.001472420641221106,1.386538028717041,1171.1892
1.0,-0.0014754780568182468,1.4047472476959229,1171.1892
1.0,-0.0015045985346660018,1.4277546405792236,1171.1892
1.0,-0.0015561190666630864,1.4483331441879272,1171.1892
1.0,-0.0015556768048554659,1.4681665897369385,1171.1892
1.0,-0.001594854169525206,1.4940797090530396,1171.1892
1.0,-0.001655803294852376,1.5123932361602783,1171.1892
1.0,-0.0017022767569869757,1.5373079776763916,1171.1892
1.0,-0.0017389554996043444,1.5606878995895386,1171.1892
1.0,-0.0017313052667304873,1.5808342695236206,1171.1892
1.0,-0.0017591520445421338,1.6035138368606567,1171.1892
1.0,-0.0018128075171262026,1.618355393409729,1171.1892
1.0,-0.0018602667842060328,1.6430615186691284,1171.1892
1.0,-0.001876868773251772,1.6684828996658325,1171.1892
1.0,-0.0018941948655992746,1.6870348453521729,1171.1892
1.0,-0.001929629361256957,1.706495761871338,1171.1892
1.0,-0.0019721451681107283,1.7218141555786133,1171.1892
1.0,-0.0019741617143154144,1.7408578395843506,1171.1892
1.0,-0.0020181704312562943,1.7626135349273682,1171.1892
1.0,-0.0020689379889518023,1.773685097694397,1171.1892
1.0,-0.002056873170658946,1.7901508808135986,1171.1892
1.0,-0.002087743952870369,1.80390465259552,1171.1892
1.0,-0.002111534122377634,1.8160043954849243,1171.1892
1.0,-0.0021127897780388594,1.8271504640579224,1171.1892
1.0,-0.0021590348333120346,1.8304883241653442,1171.1892
1.0,-0.0021644411608576775,1.8361507654190063,1171.1892
1.0,-0.0021881007123738527,1.8157212734222412,1171.1892
1.0,-0.0021342465188354254,1.7933993339538574,1171.1892
1.0,-0.0021028947085142136,1.770257830619812,1171.1892
1.0,-0.0021533460821956396,1.746401071548462,1171.1892
1.0,-0.0020552247297018766,1.7215906381607056,1171.1892
1.0,-0.0021430866327136755,1.7223953008651733,1171.1892
1.0,-0.0021070896182209253,1.7097889184951782,1171.1892
1.0,-0.0020556978415697813,1.692980408668518,1171.1892
1.0,-0.0021071750670671463,1.6937254667282104,1171.1892
1.0,-0.002032649237662554,1.6781686544418335,1171.1892
1.0,-0.002194755245000124,1.6698836088180542,1171.1892
1.0,-0.001971843186765909,1.6435085535049438,1171.1892
1.0,-0.0021426251623779535,1.6248373985290527,1171.1892
1.0,-0.001928524812683463,1.5896855592727661,1171.1892
1.0,-0.0021232697181403637,1.5562622547149658,1171.1892
1.0,-0.0017917118966579437,1.5093235969543457,1171.1892
1.0,-0.0025173767935484648,1.6283689737319946,1171.1892
1.0,-0.0023520267568528652,1.8740146160125732,1171.1892
1.0,-0.0027915651444345713,1.973524570465088,1171.1892
1.0,-0.0030104857869446278,2.067312479019165,1171.1892
1.0,-0.0028648937586694956,2.079263210296631,1171.1892
1.0,-0.0033242921344935894,2.031400680541992,1171.1892
1.0,-0.0033287187106907368,1.9897817373275757,1171.1892
1.0,-0.0029928081203252077,1.7832516431808472,1171.1892
1.0,-0.0024081584997475147,1.4162956476211548,1171.1892
1.0,-0.0016980457585304976,1.2755988836288452,1171.1892
1.0,-0.0016981924418359995,1.1992453336715698,1171.1892
1.0,-0.0015773902414366603,1.0651795864105225,1171.1892
1.0,-0.0015091919340193272,0.9375512003898621,1171.1892
